,source_dataset,isMath,attack,source_model,source_balancing,target_model,target_dataset,target_balancing,asr,asr_0,asr_1
0,bing,False,GaussianNoise,alexnet,20/80,alexnet,bing,20/80,0.10622711,0.1935483870967742,0.03355704697986577
1,bing,False,GaussianNoise,alexnet,20/80,alexnet,bing,30/70,0.07829181,0.14074074074074075,0.02054794520547945
2,bing,False,GaussianNoise,alexnet,20/80,alexnet,bing,40/60,0.08421053,0.16083916083916083,0.007042253521126761
3,bing,False,GaussianNoise,alexnet,20/80,alexnet,bing,50/50,0.08741259,0.16312056737588654,0.013793103448275862
4,bing,False,GaussianNoise,alexnet,20/80,resnet,bing,20/80,0.06896552,0.10638297872340426,0.03355704697986577
5,bing,False,GaussianNoise,alexnet,20/80,resnet,bing,30/70,0.0979021,0.1956521739130435,0.006756756756756757
6,bing,False,GaussianNoise,alexnet,20/80,resnet,bing,40/60,0.072664365,0.1048951048951049,0.0410958904109589
7,bing,False,GaussianNoise,alexnet,20/80,resnet,bing,50/50,0.04137931,0.027777777777777776,0.0547945205479452
8,bing,False,GaussianNoise,alexnet,20/80,vgg,bing,20/80,0.13541667,0.2714285714285714,0.006756756756756757
9,bing,False,GaussianNoise,alexnet,20/80,vgg,bing,30/70,0.12195122,0.22302158273381295,0.02702702702702703
10,bing,False,GaussianNoise,alexnet,20/80,vgg,bing,40/60,0.102389075,0.12413793103448276,0.08108108108108109
11,bing,False,GaussianNoise,alexnet,20/80,vgg,bing,50/50,0.06849315,0.07534246575342465,0.06164383561643835
12,bing,False,GaussianNoise,alexnet,20/80,alexnet,google,20/80,0.14333333,0.26,0.02666666666666667
13,bing,False,GaussianNoise,alexnet,20/80,alexnet,google,30/70,0.09,0.14,0.04
14,bing,False,GaussianNoise,alexnet,20/80,alexnet,google,40/60,0.08,0.1,0.06
15,bing,False,GaussianNoise,alexnet,20/80,alexnet,google,50/50,0.086666666,0.11333333333333333,0.06
16,bing,False,GaussianNoise,alexnet,20/80,resnet,google,20/80,0.13333334,0.25333333333333335,0.013333333333333334
17,bing,False,GaussianNoise,alexnet,20/80,resnet,google,30/70,0.11,0.20666666666666667,0.013333333333333334
18,bing,False,GaussianNoise,alexnet,20/80,resnet,google,40/60,0.09666667,0.06,0.13333333333333333
19,bing,False,GaussianNoise,alexnet,20/80,resnet,google,50/50,0.07,0.04666666666666667,0.09333333333333334
20,bing,False,GaussianNoise,alexnet,20/80,vgg,google,20/80,0.21000001,0.41333333333333333,0.006666666666666667
21,bing,False,GaussianNoise,alexnet,20/80,vgg,google,30/70,0.14666668,0.2733333333333333,0.02
22,bing,False,GaussianNoise,alexnet,20/80,vgg,google,40/60,0.10333334,0.14666666666666667,0.06
23,bing,False,GaussianNoise,alexnet,20/80,vgg,google,50/50,0.093333334,0.07333333333333333,0.11333333333333333
24,bing,False,GaussianNoise,alexnet,30/70,alexnet,bing,20/80,0.102564104,0.1935483870967742,0.026845637583892617
25,bing,False,GaussianNoise,alexnet,30/70,alexnet,bing,30/70,0.071174376,0.1259259259259259,0.02054794520547945
26,bing,False,GaussianNoise,alexnet,30/70,alexnet,bing,40/60,0.077192985,0.13986013986013987,0.014084507042253521
27,bing,False,GaussianNoise,alexnet,30/70,alexnet,bing,50/50,0.066433564,0.12056737588652482,0.013793103448275862
28,bing,False,GaussianNoise,alexnet,30/70,resnet,bing,20/80,0.048275862,0.07092198581560284,0.026845637583892617
29,bing,False,GaussianNoise,alexnet,30/70,resnet,bing,30/70,0.066433564,0.13043478260869565,0.006756756756756757
30,bing,False,GaussianNoise,alexnet,30/70,resnet,bing,40/60,0.038062286,0.04895104895104895,0.0273972602739726
31,bing,False,GaussianNoise,alexnet,30/70,resnet,bing,50/50,0.024137931,0.006944444444444444,0.0410958904109589
32,bing,False,GaussianNoise,alexnet,30/70,vgg,bing,20/80,0.090277776,0.15714285714285714,0.02702702702702703
33,bing,False,GaussianNoise,alexnet,30/70,vgg,bing,30/70,0.08362369,0.14388489208633093,0.02702702702702703
34,bing,False,GaussianNoise,alexnet,30/70,vgg,bing,40/60,0.06825938,0.07586206896551724,0.060810810810810814
35,bing,False,GaussianNoise,alexnet,30/70,vgg,bing,50/50,0.05479452,0.04794520547945205,0.06164383561643835
36,bing,False,GaussianNoise,alexnet,30/70,alexnet,google,20/80,0.14666668,0.26666666666666666,0.02666666666666667
37,bing,False,GaussianNoise,alexnet,30/70,alexnet,google,30/70,0.09666667,0.15333333333333332,0.04
38,bing,False,GaussianNoise,alexnet,30/70,alexnet,google,40/60,0.083333336,0.11333333333333333,0.05333333333333334
39,bing,False,GaussianNoise,alexnet,30/70,alexnet,google,50/50,0.093333334,0.12666666666666668,0.06
40,bing,False,GaussianNoise,alexnet,30/70,resnet,google,20/80,0.086666666,0.17333333333333334,0.0
41,bing,False,GaussianNoise,alexnet,30/70,resnet,google,30/70,0.083333336,0.15333333333333332,0.013333333333333334
42,bing,False,GaussianNoise,alexnet,30/70,resnet,google,40/60,0.053333335,0.04,0.06666666666666667
43,bing,False,GaussianNoise,alexnet,30/70,resnet,google,50/50,0.046666667,0.04,0.05333333333333334
44,bing,False,GaussianNoise,alexnet,30/70,vgg,google,20/80,0.16666667,0.32666666666666666,0.006666666666666667
45,bing,False,GaussianNoise,alexnet,30/70,vgg,google,30/70,0.10666667,0.18666666666666668,0.02666666666666667
46,bing,False,GaussianNoise,alexnet,30/70,vgg,google,40/60,0.06666667,0.08666666666666667,0.04666666666666667
47,bing,False,GaussianNoise,alexnet,30/70,vgg,google,50/50,0.060000002,0.05333333333333334,0.06666666666666667
48,bing,False,GaussianNoise,alexnet,40/60,alexnet,bing,20/80,0.102564104,0.1935483870967742,0.026845637583892617
49,bing,False,GaussianNoise,alexnet,40/60,alexnet,bing,30/70,0.06761566,0.11851851851851852,0.02054794520547945
50,bing,False,GaussianNoise,alexnet,40/60,alexnet,bing,40/60,0.08421053,0.15384615384615385,0.014084507042253521
51,bing,False,GaussianNoise,alexnet,40/60,alexnet,bing,50/50,0.08041958,0.1347517730496454,0.027586206896551724
52,bing,False,GaussianNoise,alexnet,40/60,resnet,bing,20/80,0.072413795,0.10638297872340426,0.040268456375838924
53,bing,False,GaussianNoise,alexnet,40/60,resnet,bing,30/70,0.09090909,0.18115942028985507,0.006756756756756757
54,bing,False,GaussianNoise,alexnet,40/60,resnet,bing,40/60,0.07612457,0.11188811188811189,0.0410958904109589
55,bing,False,GaussianNoise,alexnet,40/60,resnet,bing,50/50,0.048275862,0.034722222222222224,0.06164383561643835
56,bing,False,GaussianNoise,alexnet,40/60,vgg,bing,20/80,0.13194445,0.2357142857142857,0.033783783783783786
57,bing,False,GaussianNoise,alexnet,40/60,vgg,bing,30/70,0.108013935,0.18705035971223022,0.033783783783783786
58,bing,False,GaussianNoise,alexnet,40/60,vgg,bing,40/60,0.098976105,0.10344827586206896,0.0945945945945946
59,bing,False,GaussianNoise,alexnet,40/60,vgg,bing,50/50,0.08219178,0.06164383561643835,0.10273972602739725
60,bing,False,GaussianNoise,alexnet,40/60,alexnet,google,20/80,0.14666668,0.26666666666666666,0.02666666666666667
61,bing,False,GaussianNoise,alexnet,40/60,alexnet,google,30/70,0.093333334,0.14,0.04666666666666667
62,bing,False,GaussianNoise,alexnet,40/60,alexnet,google,40/60,0.083333336,0.12,0.04666666666666667
63,bing,False,GaussianNoise,alexnet,40/60,alexnet,google,50/50,0.083333336,0.1,0.06666666666666667
64,bing,False,GaussianNoise,alexnet,40/60,resnet,google,20/80,0.120000005,0.24,0.0
65,bing,False,GaussianNoise,alexnet,40/60,resnet,google,30/70,0.11333334,0.2,0.02666666666666667
66,bing,False,GaussianNoise,alexnet,40/60,resnet,google,40/60,0.09,0.07333333333333333,0.10666666666666667
67,bing,False,GaussianNoise,alexnet,40/60,resnet,google,50/50,0.05666667,0.04666666666666667,0.06666666666666667
68,bing,False,GaussianNoise,alexnet,40/60,vgg,google,20/80,0.21000001,0.4066666666666667,0.013333333333333334
69,bing,False,GaussianNoise,alexnet,40/60,vgg,google,30/70,0.15666667,0.26666666666666666,0.04666666666666667
70,bing,False,GaussianNoise,alexnet,40/60,vgg,google,40/60,0.09,0.11333333333333333,0.06666666666666667
71,bing,False,GaussianNoise,alexnet,40/60,vgg,google,50/50,0.09,0.07333333333333333,0.10666666666666667
72,bing,False,GaussianNoise,alexnet,50/50,alexnet,bing,20/80,0.09157509,0.16129032258064516,0.03355704697986577
73,bing,False,GaussianNoise,alexnet,50/50,alexnet,bing,30/70,0.07473309,0.13333333333333333,0.02054794520547945
74,bing,False,GaussianNoise,alexnet,50/50,alexnet,bing,40/60,0.077192985,0.14685314685314685,0.007042253521126761
75,bing,False,GaussianNoise,alexnet,50/50,alexnet,bing,50/50,0.08741259,0.14893617021276595,0.027586206896551724
76,bing,False,GaussianNoise,alexnet,50/50,resnet,bing,20/80,0.06551724,0.09219858156028368,0.040268456375838924
77,bing,False,GaussianNoise,alexnet,50/50,resnet,bing,30/70,0.0979021,0.2028985507246377,0.0
78,bing,False,GaussianNoise,alexnet,50/50,resnet,bing,40/60,0.072664365,0.0979020979020979,0.04794520547945205
79,bing,False,GaussianNoise,alexnet,50/50,resnet,bing,50/50,0.048275862,0.041666666666666664,0.0547945205479452
80,bing,False,GaussianNoise,alexnet,50/50,vgg,bing,20/80,0.13541667,0.2642857142857143,0.013513513513513514
81,bing,False,GaussianNoise,alexnet,50/50,vgg,bing,30/70,0.1184669,0.2302158273381295,0.013513513513513514
82,bing,False,GaussianNoise,alexnet,50/50,vgg,bing,40/60,0.12286689,0.12413793103448276,0.12162162162162163
83,bing,False,GaussianNoise,alexnet,50/50,vgg,bing,50/50,0.0890411,0.06164383561643835,0.11643835616438356
84,bing,False,GaussianNoise,alexnet,50/50,alexnet,google,20/80,0.14333333,0.26,0.02666666666666667
85,bing,False,GaussianNoise,alexnet,50/50,alexnet,google,30/70,0.09666667,0.15333333333333332,0.04
86,bing,False,GaussianNoise,alexnet,50/50,alexnet,google,40/60,0.086666666,0.12666666666666668,0.04666666666666667
87,bing,False,GaussianNoise,alexnet,50/50,alexnet,google,50/50,0.1,0.13333333333333333,0.06666666666666667
88,bing,False,GaussianNoise,alexnet,50/50,resnet,google,20/80,0.123333335,0.24,0.006666666666666667
89,bing,False,GaussianNoise,alexnet,50/50,resnet,google,30/70,0.09666667,0.18,0.013333333333333334
90,bing,False,GaussianNoise,alexnet,50/50,resnet,google,40/60,0.086666666,0.06,0.11333333333333333
91,bing,False,GaussianNoise,alexnet,50/50,resnet,google,50/50,0.06666667,0.04,0.09333333333333334
92,bing,False,GaussianNoise,alexnet,50/50,vgg,google,20/80,0.19666667,0.3933333333333333,0.0
93,bing,False,GaussianNoise,alexnet,50/50,vgg,google,30/70,0.14666668,0.26666666666666666,0.02666666666666667
94,bing,False,GaussianNoise,alexnet,50/50,vgg,google,40/60,0.093333334,0.11333333333333333,0.07333333333333333
95,bing,False,GaussianNoise,alexnet,50/50,vgg,google,50/50,0.10333334,0.08666666666666667,0.12
96,bing,False,GaussianNoise,resnet,20/80,alexnet,bing,20/80,0.0952381,0.1774193548387097,0.026845637583892617
97,bing,False,GaussianNoise,resnet,20/80,alexnet,bing,30/70,0.06049822,0.1037037037037037,0.02054794520547945
98,bing,False,GaussianNoise,resnet,20/80,alexnet,bing,40/60,0.07017544,0.1258741258741259,0.014084507042253521
99,bing,False,GaussianNoise,resnet,20/80,alexnet,bing,50/50,0.07692307,0.1276595744680851,0.027586206896551724
100,bing,False,GaussianNoise,resnet,20/80,resnet,bing,20/80,0.04137931,0.05673758865248227,0.026845637583892617
101,bing,False,GaussianNoise,resnet,20/80,resnet,bing,30/70,0.05944056,0.11594202898550725,0.006756756756756757
102,bing,False,GaussianNoise,resnet,20/80,resnet,bing,40/60,0.055363324,0.07692307692307693,0.03424657534246575
103,bing,False,GaussianNoise,resnet,20/80,resnet,bing,50/50,0.03448276,0.020833333333333332,0.04794520547945205
104,bing,False,GaussianNoise,resnet,20/80,vgg,bing,20/80,0.10069445,0.18571428571428572,0.02027027027027027
105,bing,False,GaussianNoise,resnet,20/80,vgg,bing,30/70,0.11149826,0.20863309352517986,0.02027027027027027
106,bing,False,GaussianNoise,resnet,20/80,vgg,bing,40/60,0.06484641,0.08275862068965517,0.0472972972972973
107,bing,False,GaussianNoise,resnet,20/80,vgg,bing,50/50,0.047945205,0.04794520547945205,0.04794520547945205
108,bing,False,GaussianNoise,resnet,20/80,alexnet,google,20/80,0.13333334,0.24666666666666667,0.02
109,bing,False,GaussianNoise,resnet,20/80,alexnet,google,30/70,0.09,0.13333333333333333,0.04666666666666667
110,bing,False,GaussianNoise,resnet,20/80,alexnet,google,40/60,0.086666666,0.10666666666666667,0.06666666666666667
111,bing,False,GaussianNoise,resnet,20/80,alexnet,google,50/50,0.083333336,0.1,0.06666666666666667
112,bing,False,GaussianNoise,resnet,20/80,resnet,google,20/80,0.09666667,0.18666666666666668,0.006666666666666667
113,bing,False,GaussianNoise,resnet,20/80,resnet,google,30/70,0.083333336,0.14666666666666667,0.02
114,bing,False,GaussianNoise,resnet,20/80,resnet,google,40/60,0.07,0.04,0.1
115,bing,False,GaussianNoise,resnet,20/80,resnet,google,50/50,0.06333333,0.04666666666666667,0.08
116,bing,False,GaussianNoise,resnet,20/80,vgg,google,20/80,0.17666668,0.34,0.013333333333333334
117,bing,False,GaussianNoise,resnet,20/80,vgg,google,30/70,0.11666667,0.20666666666666667,0.02666666666666667
118,bing,False,GaussianNoise,resnet,20/80,vgg,google,40/60,0.06666667,0.08666666666666667,0.04666666666666667
119,bing,False,GaussianNoise,resnet,20/80,vgg,google,50/50,0.06666667,0.04666666666666667,0.08666666666666667
120,bing,False,GaussianNoise,resnet,30/70,alexnet,bing,20/80,0.10989011,0.1935483870967742,0.040268456375838924
121,bing,False,GaussianNoise,resnet,30/70,alexnet,bing,30/70,0.06405694,0.1111111111111111,0.02054794520547945
122,bing,False,GaussianNoise,resnet,30/70,alexnet,bing,40/60,0.073684216,0.13286713286713286,0.014084507042253521
123,bing,False,GaussianNoise,resnet,30/70,alexnet,bing,50/50,0.09440559,0.15602836879432624,0.034482758620689655
124,bing,False,GaussianNoise,resnet,30/70,resnet,bing,20/80,0.06551724,0.09219858156028368,0.040268456375838924
125,bing,False,GaussianNoise,resnet,30/70,resnet,bing,30/70,0.09090909,0.18840579710144928,0.0
126,bing,False,GaussianNoise,resnet,30/70,resnet,bing,40/60,0.072664365,0.1048951048951049,0.0410958904109589
127,bing,False,GaussianNoise,resnet,30/70,resnet,bing,50/50,0.055172414,0.034722222222222224,0.07534246575342465
128,bing,False,GaussianNoise,resnet,30/70,vgg,bing,20/80,0.104166664,0.20714285714285716,0.006756756756756757
129,bing,False,GaussianNoise,resnet,30/70,vgg,bing,30/70,0.09756098,0.17266187050359713,0.02702702702702703
130,bing,False,GaussianNoise,resnet,30/70,vgg,bing,40/60,0.098976105,0.09655172413793103,0.10135135135135136
131,bing,False,GaussianNoise,resnet,30/70,vgg,bing,50/50,0.07534246,0.0547945205479452,0.0958904109589041
132,bing,False,GaussianNoise,resnet,30/70,alexnet,google,20/80,0.13333334,0.24,0.02666666666666667
133,bing,False,GaussianNoise,resnet,30/70,alexnet,google,30/70,0.10666667,0.16,0.05333333333333334
134,bing,False,GaussianNoise,resnet,30/70,alexnet,google,40/60,0.086666666,0.11333333333333333,0.06
135,bing,False,GaussianNoise,resnet,30/70,alexnet,google,50/50,0.09666667,0.13333333333333333,0.06
136,bing,False,GaussianNoise,resnet,30/70,resnet,google,20/80,0.13000001,0.26,0.0
137,bing,False,GaussianNoise,resnet,30/70,resnet,google,30/70,0.09,0.17333333333333334,0.006666666666666667
138,bing,False,GaussianNoise,resnet,30/70,resnet,google,40/60,0.086666666,0.04666666666666667,0.12666666666666668
139,bing,False,GaussianNoise,resnet,30/70,resnet,google,50/50,0.060000002,0.03333333333333333,0.08666666666666667
140,bing,False,GaussianNoise,resnet,30/70,vgg,google,20/80,0.22,0.43333333333333335,0.006666666666666667
141,bing,False,GaussianNoise,resnet,30/70,vgg,google,30/70,0.13666667,0.24666666666666667,0.02666666666666667
142,bing,False,GaussianNoise,resnet,30/70,vgg,google,40/60,0.1,0.14,0.06
143,bing,False,GaussianNoise,resnet,30/70,vgg,google,50/50,0.07666667,0.06666666666666667,0.08666666666666667
144,bing,False,GaussianNoise,resnet,40/60,alexnet,bing,20/80,0.09157509,0.1774193548387097,0.020134228187919462
145,bing,False,GaussianNoise,resnet,40/60,alexnet,bing,30/70,0.07473309,0.14074074074074075,0.0136986301369863
146,bing,False,GaussianNoise,resnet,40/60,alexnet,bing,40/60,0.08421053,0.16083916083916083,0.007042253521126761
147,bing,False,GaussianNoise,resnet,40/60,alexnet,bing,50/50,0.073426574,0.1276595744680851,0.020689655172413793
148,bing,False,GaussianNoise,resnet,40/60,resnet,bing,20/80,0.072413795,0.1276595744680851,0.020134228187919462
149,bing,False,GaussianNoise,resnet,40/60,resnet,bing,30/70,0.09440559,0.18840579710144928,0.006756756756756757
150,bing,False,GaussianNoise,resnet,40/60,resnet,bing,40/60,0.072664365,0.11188811188811189,0.03424657534246575
151,bing,False,GaussianNoise,resnet,40/60,resnet,bing,50/50,0.051724136,0.041666666666666664,0.06164383561643835
152,bing,False,GaussianNoise,resnet,40/60,vgg,bing,20/80,0.121527776,0.22857142857142856,0.02027027027027027
153,bing,False,GaussianNoise,resnet,40/60,vgg,bing,30/70,0.11498258,0.20863309352517986,0.02702702702702703
154,bing,False,GaussianNoise,resnet,40/60,vgg,bing,40/60,0.10921501,0.12413793103448276,0.0945945945945946
155,bing,False,GaussianNoise,resnet,40/60,vgg,bing,50/50,0.08219178,0.0684931506849315,0.0958904109589041
156,bing,False,GaussianNoise,resnet,40/60,alexnet,google,20/80,0.14666668,0.2733333333333333,0.02
157,bing,False,GaussianNoise,resnet,40/60,alexnet,google,30/70,0.1,0.16,0.04
158,bing,False,GaussianNoise,resnet,40/60,alexnet,google,40/60,0.086666666,0.12,0.05333333333333334
159,bing,False,GaussianNoise,resnet,40/60,alexnet,google,50/50,0.086666666,0.12,0.05333333333333334
160,bing,False,GaussianNoise,resnet,40/60,resnet,google,20/80,0.123333335,0.24,0.006666666666666667
161,bing,False,GaussianNoise,resnet,40/60,resnet,google,30/70,0.1,0.17333333333333334,0.02666666666666667
162,bing,False,GaussianNoise,resnet,40/60,resnet,google,40/60,0.09666667,0.06,0.13333333333333333
163,bing,False,GaussianNoise,resnet,40/60,resnet,google,50/50,0.06333333,0.04666666666666667,0.08
164,bing,False,GaussianNoise,resnet,40/60,vgg,google,20/80,0.19333334,0.37333333333333335,0.013333333333333334
165,bing,False,GaussianNoise,resnet,40/60,vgg,google,30/70,0.15666667,0.28,0.03333333333333333
166,bing,False,GaussianNoise,resnet,40/60,vgg,google,40/60,0.086666666,0.12,0.05333333333333334
167,bing,False,GaussianNoise,resnet,40/60,vgg,google,50/50,0.08,0.06,0.1
168,bing,False,GaussianNoise,resnet,50/50,alexnet,bing,20/80,0.0952381,0.1774193548387097,0.026845637583892617
169,bing,False,GaussianNoise,resnet,50/50,alexnet,bing,30/70,0.06761566,0.11851851851851852,0.02054794520547945
170,bing,False,GaussianNoise,resnet,50/50,alexnet,bing,40/60,0.077192985,0.13986013986013987,0.014084507042253521
171,bing,False,GaussianNoise,resnet,50/50,alexnet,bing,50/50,0.07692307,0.1347517730496454,0.020689655172413793
172,bing,False,GaussianNoise,resnet,50/50,resnet,bing,20/80,0.05862069,0.09219858156028368,0.026845637583892617
173,bing,False,GaussianNoise,resnet,50/50,resnet,bing,30/70,0.08741259,0.17391304347826086,0.006756756756756757
174,bing,False,GaussianNoise,resnet,50/50,resnet,bing,40/60,0.055363324,0.08391608391608392,0.0273972602739726
175,bing,False,GaussianNoise,resnet,50/50,resnet,bing,50/50,0.048275862,0.034722222222222224,0.06164383561643835
176,bing,False,GaussianNoise,resnet,50/50,vgg,bing,20/80,0.13194445,0.25,0.02027027027027027
177,bing,False,GaussianNoise,resnet,50/50,vgg,bing,30/70,0.1184669,0.20863309352517986,0.033783783783783786
178,bing,False,GaussianNoise,resnet,50/50,vgg,bing,40/60,0.102389075,0.1103448275862069,0.0945945945945946
179,bing,False,GaussianNoise,resnet,50/50,vgg,bing,50/50,0.08561644,0.07534246575342465,0.0958904109589041
180,bing,False,GaussianNoise,resnet,50/50,alexnet,google,20/80,0.14,0.25333333333333335,0.02666666666666667
181,bing,False,GaussianNoise,resnet,50/50,alexnet,google,30/70,0.09,0.14666666666666667,0.03333333333333333
182,bing,False,GaussianNoise,resnet,50/50,alexnet,google,40/60,0.07333334,0.09333333333333334,0.05333333333333334
183,bing,False,GaussianNoise,resnet,50/50,alexnet,google,50/50,0.07333334,0.08666666666666667,0.06
184,bing,False,GaussianNoise,resnet,50/50,resnet,google,20/80,0.09666667,0.19333333333333333,0.0
185,bing,False,GaussianNoise,resnet,50/50,resnet,google,30/70,0.093333334,0.17333333333333334,0.013333333333333334
186,bing,False,GaussianNoise,resnet,50/50,resnet,google,40/60,0.09666667,0.04,0.15333333333333332
187,bing,False,GaussianNoise,resnet,50/50,resnet,google,50/50,0.053333335,0.02666666666666667,0.08
188,bing,False,GaussianNoise,resnet,50/50,vgg,google,20/80,0.23666668,0.46,0.013333333333333334
189,bing,False,GaussianNoise,resnet,50/50,vgg,google,30/70,0.15,0.28,0.02
190,bing,False,GaussianNoise,resnet,50/50,vgg,google,40/60,0.09666667,0.13333333333333333,0.06
191,bing,False,GaussianNoise,resnet,50/50,vgg,google,50/50,0.07333334,0.06666666666666667,0.08
192,bing,False,GaussianNoise,vgg,20/80,alexnet,bing,20/80,0.07692308,0.13709677419354838,0.026845637583892617
193,bing,False,GaussianNoise,vgg,20/80,alexnet,bing,30/70,0.07473309,0.13333333333333333,0.02054794520547945
194,bing,False,GaussianNoise,vgg,20/80,alexnet,bing,40/60,0.08421053,0.14685314685314685,0.02112676056338028
195,bing,False,GaussianNoise,vgg,20/80,alexnet,bing,50/50,0.06993007,0.12056737588652482,0.020689655172413793
196,bing,False,GaussianNoise,vgg,20/80,resnet,bing,20/80,0.07931034,0.12056737588652482,0.040268456375838924
197,bing,False,GaussianNoise,vgg,20/80,resnet,bing,30/70,0.08741259,0.17391304347826086,0.006756756756756757
198,bing,False,GaussianNoise,vgg,20/80,resnet,bing,40/60,0.07958478,0.11888111888111888,0.0410958904109589
199,bing,False,GaussianNoise,vgg,20/80,resnet,bing,50/50,0.055172414,0.034722222222222224,0.07534246575342465
200,bing,False,GaussianNoise,vgg,20/80,vgg,bing,20/80,0.12847222,0.2357142857142857,0.02702702702702703
201,bing,False,GaussianNoise,vgg,20/80,vgg,bing,30/70,0.1184669,0.2158273381294964,0.02702702702702703
202,bing,False,GaussianNoise,vgg,20/80,vgg,bing,40/60,0.102389075,0.10344827586206896,0.10135135135135136
203,bing,False,GaussianNoise,vgg,20/80,vgg,bing,50/50,0.08561644,0.0684931506849315,0.10273972602739725
204,bing,False,GaussianNoise,vgg,20/80,alexnet,google,20/80,0.14333333,0.26666666666666666,0.02
205,bing,False,GaussianNoise,vgg,20/80,alexnet,google,30/70,0.093333334,0.14,0.04666666666666667
206,bing,False,GaussianNoise,vgg,20/80,alexnet,google,40/60,0.086666666,0.11333333333333333,0.06
207,bing,False,GaussianNoise,vgg,20/80,alexnet,google,50/50,0.093333334,0.10666666666666667,0.08
208,bing,False,GaussianNoise,vgg,20/80,resnet,google,20/80,0.11666667,0.23333333333333334,0.0
209,bing,False,GaussianNoise,vgg,20/80,resnet,google,30/70,0.1,0.17333333333333334,0.02666666666666667
210,bing,False,GaussianNoise,vgg,20/80,resnet,google,40/60,0.08,0.06,0.1
211,bing,False,GaussianNoise,vgg,20/80,resnet,google,50/50,0.06666667,0.05333333333333334,0.08
212,bing,False,GaussianNoise,vgg,20/80,vgg,google,20/80,0.2,0.38666666666666666,0.013333333333333334
213,bing,False,GaussianNoise,vgg,20/80,vgg,google,30/70,0.15666667,0.28,0.03333333333333333
214,bing,False,GaussianNoise,vgg,20/80,vgg,google,40/60,0.10666667,0.14666666666666667,0.06666666666666667
215,bing,False,GaussianNoise,vgg,20/80,vgg,google,50/50,0.086666666,0.07333333333333333,0.1
216,bing,False,GaussianNoise,vgg,30/70,alexnet,bing,20/80,0.102564104,0.18548387096774194,0.03355704697986577
217,bing,False,GaussianNoise,vgg,30/70,alexnet,bing,30/70,0.06761566,0.11851851851851852,0.02054794520547945
218,bing,False,GaussianNoise,vgg,30/70,alexnet,bing,40/60,0.077192985,0.13986013986013987,0.014084507042253521
219,bing,False,GaussianNoise,vgg,30/70,alexnet,bing,50/50,0.09090909,0.14893617021276595,0.034482758620689655
220,bing,False,GaussianNoise,vgg,30/70,resnet,bing,20/80,0.072413795,0.09929078014184398,0.04697986577181208
221,bing,False,GaussianNoise,vgg,30/70,resnet,bing,30/70,0.1013986,0.1956521739130435,0.013513513513513514
222,bing,False,GaussianNoise,vgg,30/70,resnet,bing,40/60,0.065743946,0.09090909090909091,0.0410958904109589
223,bing,False,GaussianNoise,vgg,30/70,resnet,bing,50/50,0.027586207,0.013888888888888888,0.0410958904109589
224,bing,False,GaussianNoise,vgg,30/70,vgg,bing,20/80,0.125,0.2357142857142857,0.02027027027027027
225,bing,False,GaussianNoise,vgg,30/70,vgg,bing,30/70,0.11149826,0.19424460431654678,0.033783783783783786
226,bing,False,GaussianNoise,vgg,30/70,vgg,bing,40/60,0.11945392,0.13793103448275862,0.10135135135135136
227,bing,False,GaussianNoise,vgg,30/70,vgg,bing,50/50,0.09246575,0.0821917808219178,0.10273972602739725
228,bing,False,GaussianNoise,vgg,30/70,alexnet,google,20/80,0.14666668,0.26666666666666666,0.02666666666666667
229,bing,False,GaussianNoise,vgg,30/70,alexnet,google,30/70,0.11,0.16,0.06
230,bing,False,GaussianNoise,vgg,30/70,alexnet,google,40/60,0.09,0.12666666666666668,0.05333333333333334
231,bing,False,GaussianNoise,vgg,30/70,alexnet,google,50/50,0.093333334,0.11333333333333333,0.07333333333333333
232,bing,False,GaussianNoise,vgg,30/70,resnet,google,20/80,0.11666667,0.21333333333333335,0.02
233,bing,False,GaussianNoise,vgg,30/70,resnet,google,30/70,0.086666666,0.14666666666666667,0.02666666666666667
234,bing,False,GaussianNoise,vgg,30/70,resnet,google,40/60,0.086666666,0.05333333333333334,0.12
235,bing,False,GaussianNoise,vgg,30/70,resnet,google,50/50,0.05,0.04666666666666667,0.05333333333333334
236,bing,False,GaussianNoise,vgg,30/70,vgg,google,20/80,0.20333333,0.3933333333333333,0.013333333333333334
237,bing,False,GaussianNoise,vgg,30/70,vgg,google,30/70,0.14333333,0.25333333333333335,0.03333333333333333
238,bing,False,GaussianNoise,vgg,30/70,vgg,google,40/60,0.10333334,0.12666666666666668,0.08
239,bing,False,GaussianNoise,vgg,30/70,vgg,google,50/50,0.093333334,0.08,0.10666666666666667
240,bing,False,GaussianNoise,vgg,40/60,alexnet,bing,20/80,0.10622711,0.18548387096774194,0.040268456375838924
241,bing,False,GaussianNoise,vgg,40/60,alexnet,bing,30/70,0.06761566,0.1111111111111111,0.0273972602739726
242,bing,False,GaussianNoise,vgg,40/60,alexnet,bing,40/60,0.06666667,0.11888111888111888,0.014084507042253521
243,bing,False,GaussianNoise,vgg,40/60,alexnet,bing,50/50,0.08041958,0.14184397163120568,0.020689655172413793
244,bing,False,GaussianNoise,vgg,40/60,resnet,bing,20/80,0.072413795,0.11347517730496454,0.03355704697986577
245,bing,False,GaussianNoise,vgg,40/60,resnet,bing,30/70,0.09440559,0.18840579710144928,0.006756756756756757
246,bing,False,GaussianNoise,vgg,40/60,resnet,bing,40/60,0.07958478,0.11188811188811189,0.04794520547945205
247,bing,False,GaussianNoise,vgg,40/60,resnet,bing,50/50,0.027586207,0.013888888888888888,0.0410958904109589
248,bing,False,GaussianNoise,vgg,40/60,vgg,bing,20/80,0.121527776,0.21428571428571427,0.033783783783783786
249,bing,False,GaussianNoise,vgg,40/60,vgg,bing,30/70,0.11498258,0.19424460431654678,0.04054054054054054
250,bing,False,GaussianNoise,vgg,40/60,vgg,bing,40/60,0.105802044,0.1103448275862069,0.10135135135135136
251,bing,False,GaussianNoise,vgg,40/60,vgg,bing,50/50,0.09931507,0.0821917808219178,0.11643835616438356
252,bing,False,GaussianNoise,vgg,40/60,alexnet,google,20/80,0.13666667,0.24,0.03333333333333333
253,bing,False,GaussianNoise,vgg,40/60,alexnet,google,30/70,0.09,0.13333333333333333,0.04666666666666667
254,bing,False,GaussianNoise,vgg,40/60,alexnet,google,40/60,0.083333336,0.10666666666666667,0.06
255,bing,False,GaussianNoise,vgg,40/60,alexnet,google,50/50,0.083333336,0.11333333333333333,0.05333333333333334
256,bing,False,GaussianNoise,vgg,40/60,resnet,google,20/80,0.11666667,0.23333333333333334,0.0
257,bing,False,GaussianNoise,vgg,40/60,resnet,google,30/70,0.11333334,0.20666666666666667,0.02
258,bing,False,GaussianNoise,vgg,40/60,resnet,google,40/60,0.07666667,0.04,0.11333333333333333
259,bing,False,GaussianNoise,vgg,40/60,resnet,google,50/50,0.05,0.02666666666666667,0.07333333333333333
260,bing,False,GaussianNoise,vgg,40/60,vgg,google,20/80,0.21333334,0.4066666666666667,0.02
261,bing,False,GaussianNoise,vgg,40/60,vgg,google,30/70,0.13666667,0.24,0.03333333333333333
262,bing,False,GaussianNoise,vgg,40/60,vgg,google,40/60,0.10333334,0.13333333333333333,0.07333333333333333
263,bing,False,GaussianNoise,vgg,40/60,vgg,google,50/50,0.10666667,0.1,0.11333333333333333
264,bing,False,GaussianNoise,vgg,50/50,alexnet,bing,20/80,0.0952381,0.1693548387096774,0.03355704697986577
265,bing,False,GaussianNoise,vgg,50/50,alexnet,bing,30/70,0.07829181,0.14074074074074075,0.02054794520547945
266,bing,False,GaussianNoise,vgg,50/50,alexnet,bing,40/60,0.07017544,0.13286713286713286,0.007042253521126761
267,bing,False,GaussianNoise,vgg,50/50,alexnet,bing,50/50,0.07692307,0.1276595744680851,0.027586206896551724
268,bing,False,GaussianNoise,vgg,50/50,resnet,bing,20/80,0.072413795,0.10638297872340426,0.040268456375838924
269,bing,False,GaussianNoise,vgg,50/50,resnet,bing,30/70,0.09440559,0.1956521739130435,0.0
270,bing,False,GaussianNoise,vgg,50/50,resnet,bing,40/60,0.072664365,0.1048951048951049,0.0410958904109589
271,bing,False,GaussianNoise,vgg,50/50,resnet,bing,50/50,0.051724136,0.034722222222222224,0.0684931506849315
272,bing,False,GaussianNoise,vgg,50/50,vgg,bing,20/80,0.104166664,0.20714285714285716,0.006756756756756757
273,bing,False,GaussianNoise,vgg,50/50,vgg,bing,30/70,0.108013935,0.20863309352517986,0.013513513513513514
274,bing,False,GaussianNoise,vgg,50/50,vgg,bing,40/60,0.08191126,0.1103448275862069,0.05405405405405406
275,bing,False,GaussianNoise,vgg,50/50,vgg,bing,50/50,0.06506849,0.0547945205479452,0.07534246575342465
276,bing,False,GaussianNoise,vgg,50/50,alexnet,google,20/80,0.14666668,0.2733333333333333,0.02
277,bing,False,GaussianNoise,vgg,50/50,alexnet,google,30/70,0.093333334,0.14666666666666667,0.04
278,bing,False,GaussianNoise,vgg,50/50,alexnet,google,40/60,0.07666667,0.09333333333333334,0.06
279,bing,False,GaussianNoise,vgg,50/50,alexnet,google,50/50,0.083333336,0.12,0.04666666666666667
280,bing,False,GaussianNoise,vgg,50/50,resnet,google,20/80,0.11,0.22,0.0
281,bing,False,GaussianNoise,vgg,50/50,resnet,google,30/70,0.10333334,0.2,0.006666666666666667
282,bing,False,GaussianNoise,vgg,50/50,resnet,google,40/60,0.083333336,0.06,0.10666666666666667
283,bing,False,GaussianNoise,vgg,50/50,resnet,google,50/50,0.06333333,0.05333333333333334,0.07333333333333333
284,bing,False,GaussianNoise,vgg,50/50,vgg,google,20/80,0.20333333,0.4,0.006666666666666667
285,bing,False,GaussianNoise,vgg,50/50,vgg,google,30/70,0.15666667,0.28,0.03333333333333333
286,bing,False,GaussianNoise,vgg,50/50,vgg,google,40/60,0.07666667,0.10666666666666667,0.04666666666666667
287,bing,False,GaussianNoise,vgg,50/50,vgg,google,50/50,0.083333336,0.07333333333333333,0.09333333333333334
288,google,False,GaussianNoise,alexnet,20/80,alexnet,bing,20/80,0.11666667,0.2,0.03333333333333333
289,google,False,GaussianNoise,alexnet,20/80,alexnet,bing,30/70,0.093333334,0.14,0.04666666666666667
290,google,False,GaussianNoise,alexnet,20/80,alexnet,bing,40/60,0.083333336,0.10666666666666667,0.06
291,google,False,GaussianNoise,alexnet,20/80,alexnet,bing,50/50,0.09,0.13333333333333333,0.04666666666666667
292,google,False,GaussianNoise,alexnet,20/80,resnet,bing,20/80,0.043333333,0.06666666666666667,0.02
293,google,False,GaussianNoise,alexnet,20/80,resnet,bing,30/70,0.07666667,0.13333333333333333,0.02
294,google,False,GaussianNoise,alexnet,20/80,resnet,bing,40/60,0.05,0.07333333333333333,0.02666666666666667
295,google,False,GaussianNoise,alexnet,20/80,resnet,bing,50/50,0.026666667,0.013333333333333334,0.04
296,google,False,GaussianNoise,alexnet,20/80,vgg,bing,20/80,0.07333334,0.1,0.04666666666666667
297,google,False,GaussianNoise,alexnet,20/80,vgg,bing,30/70,0.06666667,0.08666666666666667,0.04666666666666667
298,google,False,GaussianNoise,alexnet,20/80,vgg,bing,40/60,0.07666667,0.04,0.11333333333333333
299,google,False,GaussianNoise,alexnet,20/80,vgg,bing,50/50,0.086666666,0.02666666666666667,0.14666666666666667
300,google,False,GaussianNoise,alexnet,20/80,alexnet,google,20/80,0.09352518,0.17266187050359713,0.014388489208633094
301,google,False,GaussianNoise,alexnet,20/80,alexnet,google,30/70,0.05944056,0.09090909090909091,0.027972027972027972
302,google,False,GaussianNoise,alexnet,20/80,alexnet,google,40/60,0.060283687,0.06382978723404255,0.05673758865248227
303,google,False,GaussianNoise,alexnet,20/80,alexnet,google,50/50,0.064748205,0.06474820143884892,0.06474820143884892
304,google,False,GaussianNoise,alexnet,20/80,resnet,google,20/80,0.0625,0.125,0.0
305,google,False,GaussianNoise,alexnet,20/80,resnet,google,30/70,0.037931032,0.07586206896551724,0.0
306,google,False,GaussianNoise,alexnet,20/80,resnet,google,40/60,0.047945205,0.03424657534246575,0.06164383561643835
307,google,False,GaussianNoise,alexnet,20/80,resnet,google,50/50,0.034013607,0.013605442176870748,0.05442176870748299
308,google,False,GaussianNoise,alexnet,20/80,vgg,google,20/80,0.09589041,0.18493150684931506,0.00684931506849315
309,google,False,GaussianNoise,alexnet,20/80,vgg,google,30/70,0.06122449,0.08843537414965986,0.034013605442176874
310,google,False,GaussianNoise,alexnet,20/80,vgg,google,40/60,0.057432435,0.04054054054054054,0.07432432432432433
311,google,False,GaussianNoise,alexnet,20/80,vgg,google,50/50,0.06756757,0.02027027027027027,0.11486486486486487
312,google,False,GaussianNoise,alexnet,30/70,alexnet,bing,20/80,0.11666667,0.2,0.03333333333333333
313,google,False,GaussianNoise,alexnet,30/70,alexnet,bing,30/70,0.11333334,0.15333333333333332,0.07333333333333333
314,google,False,GaussianNoise,alexnet,30/70,alexnet,bing,40/60,0.09,0.1,0.08
315,google,False,GaussianNoise,alexnet,30/70,alexnet,bing,50/50,0.086666666,0.12,0.05333333333333334
316,google,False,GaussianNoise,alexnet,30/70,resnet,bing,20/80,0.05666667,0.08,0.03333333333333333
317,google,False,GaussianNoise,alexnet,30/70,resnet,bing,30/70,0.06333333,0.09333333333333334,0.03333333333333333
318,google,False,GaussianNoise,alexnet,30/70,resnet,bing,40/60,0.043333333,0.05333333333333334,0.03333333333333333
319,google,False,GaussianNoise,alexnet,30/70,resnet,bing,50/50,0.043333333,0.02666666666666667,0.06
320,google,False,GaussianNoise,alexnet,30/70,vgg,bing,20/80,0.086666666,0.14,0.03333333333333333
321,google,False,GaussianNoise,alexnet,30/70,vgg,bing,30/70,0.083333336,0.10666666666666667,0.06
322,google,False,GaussianNoise,alexnet,30/70,vgg,bing,40/60,0.093333334,0.06,0.12666666666666668
323,google,False,GaussianNoise,alexnet,30/70,vgg,bing,50/50,0.093333334,0.04,0.14666666666666667
324,google,False,GaussianNoise,alexnet,30/70,alexnet,google,20/80,0.10071943,0.18705035971223022,0.014388489208633094
325,google,False,GaussianNoise,alexnet,30/70,alexnet,google,30/70,0.06993007,0.09090909090909091,0.04895104895104895
326,google,False,GaussianNoise,alexnet,30/70,alexnet,google,40/60,0.056737587,0.04964539007092199,0.06382978723404255
327,google,False,GaussianNoise,alexnet,30/70,alexnet,google,50/50,0.05755396,0.05755395683453238,0.05755395683453238
328,google,False,GaussianNoise,alexnet,30/70,resnet,google,20/80,0.072916664,0.14583333333333334,0.0
329,google,False,GaussianNoise,alexnet,30/70,resnet,google,30/70,0.048275862,0.09655172413793103,0.0
330,google,False,GaussianNoise,alexnet,30/70,resnet,google,40/60,0.04109589,0.0273972602739726,0.0547945205479452
331,google,False,GaussianNoise,alexnet,30/70,resnet,google,50/50,0.030612245,0.006802721088435374,0.05442176870748299
332,google,False,GaussianNoise,alexnet,30/70,vgg,google,20/80,0.10958904,0.2191780821917808,0.0
333,google,False,GaussianNoise,alexnet,30/70,vgg,google,30/70,0.07142857,0.10204081632653061,0.04081632653061224
334,google,False,GaussianNoise,alexnet,30/70,vgg,google,40/60,0.06418919,0.04054054054054054,0.08783783783783784
335,google,False,GaussianNoise,alexnet,30/70,vgg,google,50/50,0.081081085,0.02702702702702703,0.13513513513513514
336,google,False,GaussianNoise,alexnet,40/60,alexnet,bing,20/80,0.120000005,0.20666666666666667,0.03333333333333333
337,google,False,GaussianNoise,alexnet,40/60,alexnet,bing,30/70,0.10666667,0.15333333333333332,0.06
338,google,False,GaussianNoise,alexnet,40/60,alexnet,bing,40/60,0.083333336,0.1,0.06666666666666667
339,google,False,GaussianNoise,alexnet,40/60,alexnet,bing,50/50,0.09666667,0.14,0.05333333333333334
340,google,False,GaussianNoise,alexnet,40/60,resnet,bing,20/80,0.060000002,0.08,0.04
341,google,False,GaussianNoise,alexnet,40/60,resnet,bing,30/70,0.07,0.10666666666666667,0.03333333333333333
342,google,False,GaussianNoise,alexnet,40/60,resnet,bing,40/60,0.046666667,0.06666666666666667,0.02666666666666667
343,google,False,GaussianNoise,alexnet,40/60,resnet,bing,50/50,0.03666667,0.02,0.05333333333333334
344,google,False,GaussianNoise,alexnet,40/60,vgg,bing,20/80,0.09,0.11333333333333333,0.06666666666666667
345,google,False,GaussianNoise,alexnet,40/60,vgg,bing,30/70,0.093333334,0.10666666666666667,0.08
346,google,False,GaussianNoise,alexnet,40/60,vgg,bing,40/60,0.093333334,0.04666666666666667,0.14
347,google,False,GaussianNoise,alexnet,40/60,vgg,bing,50/50,0.086666666,0.02,0.15333333333333332
348,google,False,GaussianNoise,alexnet,40/60,alexnet,google,20/80,0.086330935,0.16546762589928057,0.007194244604316547
349,google,False,GaussianNoise,alexnet,40/60,alexnet,google,30/70,0.062937066,0.09090909090909091,0.03496503496503497
350,google,False,GaussianNoise,alexnet,40/60,alexnet,google,40/60,0.03900709,0.0425531914893617,0.03546099290780142
351,google,False,GaussianNoise,alexnet,40/60,alexnet,google,50/50,0.04676259,0.050359712230215826,0.04316546762589928
352,google,False,GaussianNoise,alexnet,40/60,resnet,google,20/80,0.0625,0.125,0.0
353,google,False,GaussianNoise,alexnet,40/60,resnet,google,30/70,0.048275862,0.0896551724137931,0.006896551724137931
354,google,False,GaussianNoise,alexnet,40/60,resnet,google,40/60,0.047945205,0.0273972602739726,0.0684931506849315
355,google,False,GaussianNoise,alexnet,40/60,resnet,google,50/50,0.044217687,0.02040816326530612,0.06802721088435375
356,google,False,GaussianNoise,alexnet,40/60,vgg,google,20/80,0.09931507,0.19863013698630136,0.0
357,google,False,GaussianNoise,alexnet,40/60,vgg,google,30/70,0.07823129,0.10204081632653061,0.05442176870748299
358,google,False,GaussianNoise,alexnet,40/60,vgg,google,40/60,0.074324325,0.0472972972972973,0.10135135135135136
359,google,False,GaussianNoise,alexnet,40/60,vgg,google,50/50,0.097972974,0.033783783783783786,0.16216216216216217
360,google,False,GaussianNoise,alexnet,50/50,alexnet,bing,20/80,0.12666667,0.20666666666666667,0.04666666666666667
361,google,False,GaussianNoise,alexnet,50/50,alexnet,bing,30/70,0.08,0.1,0.06
362,google,False,GaussianNoise,alexnet,50/50,alexnet,bing,40/60,0.083333336,0.09333333333333334,0.07333333333333333
363,google,False,GaussianNoise,alexnet,50/50,alexnet,bing,50/50,0.083333336,0.1,0.06666666666666667
364,google,False,GaussianNoise,alexnet,50/50,resnet,bing,20/80,0.053333335,0.08,0.02666666666666667
365,google,False,GaussianNoise,alexnet,50/50,resnet,bing,30/70,0.060000002,0.1,0.02
366,google,False,GaussianNoise,alexnet,50/50,resnet,bing,40/60,0.05,0.05333333333333334,0.04666666666666667
367,google,False,GaussianNoise,alexnet,50/50,resnet,bing,50/50,0.033333335,0.02666666666666667,0.04
368,google,False,GaussianNoise,alexnet,50/50,vgg,bing,20/80,0.05666667,0.06,0.05333333333333334
369,google,False,GaussianNoise,alexnet,50/50,vgg,bing,30/70,0.07,0.06666666666666667,0.07333333333333333
370,google,False,GaussianNoise,alexnet,50/50,vgg,bing,40/60,0.07666667,0.03333333333333333,0.12
371,google,False,GaussianNoise,alexnet,50/50,vgg,bing,50/50,0.086666666,0.03333333333333333,0.14
372,google,False,GaussianNoise,alexnet,50/50,alexnet,google,20/80,0.086330935,0.1510791366906475,0.02158273381294964
373,google,False,GaussianNoise,alexnet,50/50,alexnet,google,30/70,0.07692307,0.0979020979020979,0.055944055944055944
374,google,False,GaussianNoise,alexnet,50/50,alexnet,google,40/60,0.049645387,0.028368794326241134,0.07092198581560284
375,google,False,GaussianNoise,alexnet,50/50,alexnet,google,50/50,0.04676259,0.03597122302158273,0.05755395683453238
376,google,False,GaussianNoise,alexnet,50/50,resnet,google,20/80,0.05902778,0.1111111111111111,0.006944444444444444
377,google,False,GaussianNoise,alexnet,50/50,resnet,google,30/70,0.048275862,0.0896551724137931,0.006896551724137931
378,google,False,GaussianNoise,alexnet,50/50,resnet,google,40/60,0.04109589,0.0273972602739726,0.0547945205479452
