,source_dataset,isMath,attack,source_model,source_balancing,target_model,target_dataset,target_balancing,asr,asr_0,asr_1
0,bing,False,GaussianNoise,alexnet,20/80,alexnet,bing,20/80,0.102564104,0.1935483870967742,0.026845637583892617
1,bing,False,GaussianNoise,alexnet,20/80,alexnet,bing,30/70,0.09608541,0.17037037037037037,0.0273972602739726
2,bing,False,GaussianNoise,alexnet,20/80,alexnet,bing,40/60,0.08070175,0.15384615384615385,0.007042253521126761
3,bing,False,GaussianNoise,alexnet,20/80,alexnet,bing,50/50,0.09090909,0.16312056737588654,0.020689655172413793
4,bing,False,GaussianNoise,alexnet,20/80,resnet,bing,20/80,0.048275862,0.07801418439716312,0.020134228187919462
5,bing,False,GaussianNoise,alexnet,20/80,resnet,bing,30/70,0.108391605,0.21739130434782608,0.006756756756756757
6,bing,False,GaussianNoise,alexnet,20/80,resnet,bing,40/60,0.06228374,0.08391608391608392,0.0410958904109589
7,bing,False,GaussianNoise,alexnet,20/80,resnet,bing,50/50,0.04137931,0.027777777777777776,0.0547945205479452
8,bing,False,GaussianNoise,alexnet,20/80,vgg,bing,20/80,0.13194445,0.25,0.02027027027027027
9,bing,False,GaussianNoise,alexnet,20/80,vgg,bing,30/70,0.12543555,0.22302158273381295,0.033783783783783786
10,bing,False,GaussianNoise,alexnet,20/80,vgg,bing,40/60,0.102389075,0.1103448275862069,0.0945945945945946
11,bing,False,GaussianNoise,alexnet,20/80,vgg,bing,50/50,0.07191781,0.06164383561643835,0.0821917808219178
12,bing,False,GaussianNoise,alexnet,20/80,alexnet,google,20/80,0.15,0.28,0.02
13,bing,False,GaussianNoise,alexnet,20/80,alexnet,google,30/70,0.093333334,0.14666666666666667,0.04
14,bing,False,GaussianNoise,alexnet,20/80,alexnet,google,40/60,0.083333336,0.12,0.04666666666666667
15,bing,False,GaussianNoise,alexnet,20/80,alexnet,google,50/50,0.09,0.12666666666666668,0.05333333333333334
16,bing,False,GaussianNoise,alexnet,20/80,resnet,google,20/80,0.1,0.19333333333333333,0.006666666666666667
17,bing,False,GaussianNoise,alexnet,20/80,resnet,google,30/70,0.09,0.16666666666666666,0.013333333333333334
18,bing,False,GaussianNoise,alexnet,20/80,resnet,google,40/60,0.07333334,0.04666666666666667,0.1
19,bing,False,GaussianNoise,alexnet,20/80,resnet,google,50/50,0.07333334,0.07333333333333333,0.07333333333333333
20,bing,False,GaussianNoise,alexnet,20/80,vgg,google,20/80,0.22333334,0.43333333333333335,0.013333333333333334
21,bing,False,GaussianNoise,alexnet,20/80,vgg,google,30/70,0.15,0.26,0.04
22,bing,False,GaussianNoise,alexnet,20/80,vgg,google,40/60,0.09666667,0.13333333333333333,0.06
23,bing,False,GaussianNoise,alexnet,20/80,vgg,google,50/50,0.083333336,0.06666666666666667,0.1
24,bing,False,GaussianNoise,alexnet,30/70,alexnet,bing,20/80,0.09157509,0.16129032258064516,0.03355704697986577
25,bing,False,GaussianNoise,alexnet,30/70,alexnet,bing,30/70,0.071174376,0.13333333333333333,0.0136986301369863
26,bing,False,GaussianNoise,alexnet,30/70,alexnet,bing,40/60,0.08070175,0.13986013986013987,0.02112676056338028
27,bing,False,GaussianNoise,alexnet,30/70,alexnet,bing,50/50,0.08741259,0.14184397163120568,0.034482758620689655
28,bing,False,GaussianNoise,alexnet,30/70,resnet,bing,20/80,0.08275862,0.1347517730496454,0.03355704697986577
29,bing,False,GaussianNoise,alexnet,30/70,resnet,bing,30/70,0.1013986,0.2028985507246377,0.006756756756756757
30,bing,False,GaussianNoise,alexnet,30/70,resnet,bing,40/60,0.048442908,0.06993006993006994,0.0273972602739726
31,bing,False,GaussianNoise,alexnet,30/70,resnet,bing,50/50,0.044827588,0.020833333333333332,0.0684931506849315
32,bing,False,GaussianNoise,alexnet,30/70,vgg,bing,20/80,0.11805556,0.21428571428571427,0.02702702702702703
33,bing,False,GaussianNoise,alexnet,30/70,vgg,bing,30/70,0.1184669,0.20863309352517986,0.033783783783783786
34,bing,False,GaussianNoise,alexnet,30/70,vgg,bing,40/60,0.10921501,0.1103448275862069,0.10810810810810811
35,bing,False,GaussianNoise,alexnet,30/70,vgg,bing,50/50,0.0890411,0.0684931506849315,0.1095890410958904
36,bing,False,GaussianNoise,alexnet,30/70,alexnet,google,20/80,0.13000001,0.22,0.04
37,bing,False,GaussianNoise,alexnet,30/70,alexnet,google,30/70,0.086666666,0.14,0.03333333333333333
38,bing,False,GaussianNoise,alexnet,30/70,alexnet,google,40/60,0.086666666,0.12,0.05333333333333334
39,bing,False,GaussianNoise,alexnet,30/70,alexnet,google,50/50,0.09666667,0.12666666666666668,0.06666666666666667
40,bing,False,GaussianNoise,alexnet,30/70,resnet,google,20/80,0.12666667,0.25333333333333335,0.0
41,bing,False,GaussianNoise,alexnet,30/70,resnet,google,30/70,0.10333334,0.2,0.006666666666666667
42,bing,False,GaussianNoise,alexnet,30/70,resnet,google,40/60,0.083333336,0.04666666666666667,0.12
43,bing,False,GaussianNoise,alexnet,30/70,resnet,google,50/50,0.053333335,0.03333333333333333,0.07333333333333333
44,bing,False,GaussianNoise,alexnet,30/70,vgg,google,20/80,0.2,0.4,0.0
45,bing,False,GaussianNoise,alexnet,30/70,vgg,google,30/70,0.13666667,0.24666666666666667,0.02666666666666667
46,bing,False,GaussianNoise,alexnet,30/70,vgg,google,40/60,0.09666667,0.11333333333333333,0.08
47,bing,False,GaussianNoise,alexnet,30/70,vgg,google,50/50,0.083333336,0.06666666666666667,0.1
48,bing,False,GaussianNoise,alexnet,40/60,alexnet,bing,20/80,0.102564104,0.18548387096774194,0.03355704697986577
49,bing,False,GaussianNoise,alexnet,40/60,alexnet,bing,30/70,0.06049822,0.1037037037037037,0.02054794520547945
50,bing,False,GaussianNoise,alexnet,40/60,alexnet,bing,40/60,0.08070175,0.14685314685314685,0.014084507042253521
51,bing,False,GaussianNoise,alexnet,40/60,alexnet,bing,50/50,0.07692307,0.1347517730496454,0.020689655172413793
52,bing,False,GaussianNoise,alexnet,40/60,resnet,bing,20/80,0.06896552,0.12056737588652482,0.020134228187919462
53,bing,False,GaussianNoise,alexnet,40/60,resnet,bing,30/70,0.09440559,0.18840579710144928,0.006756756756756757
54,bing,False,GaussianNoise,alexnet,40/60,resnet,bing,40/60,0.06228374,0.11188811188811189,0.0136986301369863
55,bing,False,GaussianNoise,alexnet,40/60,resnet,bing,50/50,0.044827588,0.027777777777777776,0.06164383561643835
56,bing,False,GaussianNoise,alexnet,40/60,vgg,bing,20/80,0.121527776,0.24285714285714285,0.006756756756756757
57,bing,False,GaussianNoise,alexnet,40/60,vgg,bing,30/70,0.108013935,0.19424460431654678,0.02702702702702703
58,bing,False,GaussianNoise,alexnet,40/60,vgg,bing,40/60,0.095563136,0.11724137931034483,0.07432432432432433
59,bing,False,GaussianNoise,alexnet,40/60,vgg,bing,50/50,0.07534246,0.0821917808219178,0.0684931506849315
60,bing,False,GaussianNoise,alexnet,40/60,alexnet,google,20/80,0.14,0.24666666666666667,0.03333333333333333
61,bing,False,GaussianNoise,alexnet,40/60,alexnet,google,30/70,0.093333334,0.15333333333333332,0.03333333333333333
62,bing,False,GaussianNoise,alexnet,40/60,alexnet,google,40/60,0.083333336,0.11333333333333333,0.05333333333333334
63,bing,False,GaussianNoise,alexnet,40/60,alexnet,google,50/50,0.08,0.10666666666666667,0.05333333333333334
64,bing,False,GaussianNoise,alexnet,40/60,resnet,google,20/80,0.11333334,0.22666666666666666,0.0
65,bing,False,GaussianNoise,alexnet,40/60,resnet,google,30/70,0.10333334,0.18666666666666668,0.02
66,bing,False,GaussianNoise,alexnet,40/60,resnet,google,40/60,0.07333334,0.04666666666666667,0.1
67,bing,False,GaussianNoise,alexnet,40/60,resnet,google,50/50,0.046666667,0.04666666666666667,0.04666666666666667
68,bing,False,GaussianNoise,alexnet,40/60,vgg,google,20/80,0.20666668,0.4066666666666667,0.006666666666666667
69,bing,False,GaussianNoise,alexnet,40/60,vgg,google,30/70,0.13333334,0.24666666666666667,0.02
70,bing,False,GaussianNoise,alexnet,40/60,vgg,google,40/60,0.08,0.12,0.04
71,bing,False,GaussianNoise,alexnet,40/60,vgg,google,50/50,0.07,0.07333333333333333,0.06666666666666667
72,bing,False,GaussianNoise,alexnet,50/50,alexnet,bing,20/80,0.113553114,0.20967741935483872,0.03355704697986577
73,bing,False,GaussianNoise,alexnet,50/50,alexnet,bing,30/70,0.07473309,0.13333333333333333,0.02054794520547945
74,bing,False,GaussianNoise,alexnet,50/50,alexnet,bing,40/60,0.0877193,0.16783216783216784,0.007042253521126761
75,bing,False,GaussianNoise,alexnet,50/50,alexnet,bing,50/50,0.1013986,0.1773049645390071,0.027586206896551724
76,bing,False,GaussianNoise,alexnet,50/50,resnet,bing,20/80,0.0862069,0.1276595744680851,0.04697986577181208
77,bing,False,GaussianNoise,alexnet,50/50,resnet,bing,30/70,0.08741259,0.16666666666666666,0.013513513513513514
78,bing,False,GaussianNoise,alexnet,50/50,resnet,bing,40/60,0.07958478,0.11188811188811189,0.04794520547945205
79,bing,False,GaussianNoise,alexnet,50/50,resnet,bing,50/50,0.04137931,0.020833333333333332,0.06164383561643835
80,bing,False,GaussianNoise,alexnet,50/50,vgg,bing,20/80,0.125,0.2357142857142857,0.02027027027027027
81,bing,False,GaussianNoise,alexnet,50/50,vgg,bing,30/70,0.1184669,0.18705035971223022,0.05405405405405406
82,bing,False,GaussianNoise,alexnet,50/50,vgg,bing,40/60,0.11262798,0.11724137931034483,0.10810810810810811
83,bing,False,GaussianNoise,alexnet,50/50,vgg,bing,50/50,0.08219178,0.06164383561643835,0.10273972602739725
84,bing,False,GaussianNoise,alexnet,50/50,alexnet,google,20/80,0.13666667,0.24666666666666667,0.02666666666666667
85,bing,False,GaussianNoise,alexnet,50/50,alexnet,google,30/70,0.11333334,0.18666666666666668,0.04
86,bing,False,GaussianNoise,alexnet,50/50,alexnet,google,40/60,0.086666666,0.11333333333333333,0.06
87,bing,False,GaussianNoise,alexnet,50/50,alexnet,google,50/50,0.1,0.13333333333333333,0.06666666666666667
88,bing,False,GaussianNoise,alexnet,50/50,resnet,google,20/80,0.10333334,0.20666666666666667,0.0
89,bing,False,GaussianNoise,alexnet,50/50,resnet,google,30/70,0.10333334,0.18666666666666668,0.02
90,bing,False,GaussianNoise,alexnet,50/50,resnet,google,40/60,0.08,0.04666666666666667,0.11333333333333333
91,bing,False,GaussianNoise,alexnet,50/50,resnet,google,50/50,0.07,0.04666666666666667,0.09333333333333334
92,bing,False,GaussianNoise,alexnet,50/50,vgg,google,20/80,0.19666667,0.38666666666666666,0.006666666666666667
93,bing,False,GaussianNoise,alexnet,50/50,vgg,google,30/70,0.13333334,0.22666666666666666,0.04
94,bing,False,GaussianNoise,alexnet,50/50,vgg,google,40/60,0.11,0.14,0.08
95,bing,False,GaussianNoise,alexnet,50/50,vgg,google,50/50,0.1,0.08,0.12
96,bing,False,GaussianNoise,resnet,20/80,alexnet,bing,20/80,0.0952381,0.1774193548387097,0.026845637583892617
97,bing,False,GaussianNoise,resnet,20/80,alexnet,bing,30/70,0.07473309,0.13333333333333333,0.02054794520547945
98,bing,False,GaussianNoise,resnet,20/80,alexnet,bing,40/60,0.08070175,0.13986013986013987,0.02112676056338028
99,bing,False,GaussianNoise,resnet,20/80,alexnet,bing,50/50,0.08041958,0.1347517730496454,0.027586206896551724
100,bing,False,GaussianNoise,resnet,20/80,resnet,bing,20/80,0.05862069,0.09929078014184398,0.020134228187919462
101,bing,False,GaussianNoise,resnet,20/80,resnet,bing,30/70,0.1048951,0.2028985507246377,0.013513513513513514
102,bing,False,GaussianNoise,resnet,20/80,resnet,bing,40/60,0.05882353,0.09090909090909091,0.0273972602739726
103,bing,False,GaussianNoise,resnet,20/80,resnet,bing,50/50,0.044827588,0.041666666666666664,0.04794520547945205
104,bing,False,GaussianNoise,resnet,20/80,vgg,bing,20/80,0.121527776,0.21428571428571427,0.033783783783783786
105,bing,False,GaussianNoise,resnet,20/80,vgg,bing,30/70,0.108013935,0.18705035971223022,0.033783783783783786
106,bing,False,GaussianNoise,resnet,20/80,vgg,bing,40/60,0.098976105,0.10344827586206896,0.0945945945945946
107,bing,False,GaussianNoise,resnet,20/80,vgg,bing,50/50,0.09589041,0.07534246575342465,0.11643835616438356
108,bing,False,GaussianNoise,resnet,20/80,alexnet,google,20/80,0.13666667,0.24666666666666667,0.02666666666666667
109,bing,False,GaussianNoise,resnet,20/80,alexnet,google,30/70,0.093333334,0.14666666666666667,0.04
110,bing,False,GaussianNoise,resnet,20/80,alexnet,google,40/60,0.09,0.10666666666666667,0.07333333333333333
111,bing,False,GaussianNoise,resnet,20/80,alexnet,google,50/50,0.08,0.1,0.06
112,bing,False,GaussianNoise,resnet,20/80,resnet,google,20/80,0.11333334,0.22666666666666666,0.0
113,bing,False,GaussianNoise,resnet,20/80,resnet,google,30/70,0.09666667,0.18,0.013333333333333334
114,bing,False,GaussianNoise,resnet,20/80,resnet,google,40/60,0.07,0.05333333333333334,0.08666666666666667
115,bing,False,GaussianNoise,resnet,20/80,resnet,google,50/50,0.06666667,0.06666666666666667,0.06666666666666667
116,bing,False,GaussianNoise,resnet,20/80,vgg,google,20/80,0.21333334,0.41333333333333333,0.013333333333333334
117,bing,False,GaussianNoise,resnet,20/80,vgg,google,30/70,0.14666668,0.26,0.03333333333333333
118,bing,False,GaussianNoise,resnet,20/80,vgg,google,40/60,0.10666667,0.13333333333333333,0.08
119,bing,False,GaussianNoise,resnet,20/80,vgg,google,50/50,0.11,0.09333333333333334,0.12666666666666668
120,bing,False,GaussianNoise,resnet,30/70,alexnet,bing,20/80,0.10989011,0.21774193548387097,0.020134228187919462
121,bing,False,GaussianNoise,resnet,30/70,alexnet,bing,30/70,0.06405694,0.11851851851851852,0.0136986301369863
122,bing,False,GaussianNoise,resnet,30/70,alexnet,bing,40/60,0.10175439,0.1888111888111888,0.014084507042253521
123,bing,False,GaussianNoise,resnet,30/70,alexnet,bing,50/50,0.09440559,0.1702127659574468,0.020689655172413793
124,bing,False,GaussianNoise,resnet,30/70,resnet,bing,20/80,0.05862069,0.09219858156028368,0.026845637583892617
125,bing,False,GaussianNoise,resnet,30/70,resnet,bing,30/70,0.0979021,0.1956521739130435,0.006756756756756757
126,bing,False,GaussianNoise,resnet,30/70,resnet,bing,40/60,0.065743946,0.09090909090909091,0.0410958904109589
127,bing,False,GaussianNoise,resnet,30/70,resnet,bing,50/50,0.051724136,0.020833333333333332,0.0821917808219178
128,bing,False,GaussianNoise,resnet,30/70,vgg,bing,20/80,0.13541667,0.2571428571428571,0.02027027027027027
129,bing,False,GaussianNoise,resnet,30/70,vgg,bing,30/70,0.13240418,0.2446043165467626,0.02702702702702703
130,bing,False,GaussianNoise,resnet,30/70,vgg,bing,40/60,0.105802044,0.1103448275862069,0.10135135135135136
131,bing,False,GaussianNoise,resnet,30/70,vgg,bing,50/50,0.08561644,0.0684931506849315,0.10273972602739725
132,bing,False,GaussianNoise,resnet,30/70,alexnet,google,20/80,0.14666668,0.26666666666666666,0.02666666666666667
133,bing,False,GaussianNoise,resnet,30/70,alexnet,google,30/70,0.1,0.15333333333333332,0.04666666666666667
134,bing,False,GaussianNoise,resnet,30/70,alexnet,google,40/60,0.06333333,0.07333333333333333,0.05333333333333334
135,bing,False,GaussianNoise,resnet,30/70,alexnet,google,50/50,0.1,0.12,0.08
136,bing,False,GaussianNoise,resnet,30/70,resnet,google,20/80,0.11,0.22,0.0
137,bing,False,GaussianNoise,resnet,30/70,resnet,google,30/70,0.093333334,0.18,0.006666666666666667
138,bing,False,GaussianNoise,resnet,30/70,resnet,google,40/60,0.09,0.06,0.12
139,bing,False,GaussianNoise,resnet,30/70,resnet,google,50/50,0.060000002,0.04,0.08
140,bing,False,GaussianNoise,resnet,30/70,vgg,google,20/80,0.21000001,0.41333333333333333,0.006666666666666667
141,bing,False,GaussianNoise,resnet,30/70,vgg,google,30/70,0.16333334,0.29333333333333333,0.03333333333333333
142,bing,False,GaussianNoise,resnet,30/70,vgg,google,40/60,0.11,0.14666666666666667,0.07333333333333333
143,bing,False,GaussianNoise,resnet,30/70,vgg,google,50/50,0.09666667,0.09333333333333334,0.1
144,bing,False,GaussianNoise,resnet,40/60,alexnet,bing,20/80,0.09157509,0.16129032258064516,0.03355704697986577
145,bing,False,GaussianNoise,resnet,40/60,alexnet,bing,30/70,0.071174376,0.1259259259259259,0.02054794520547945
146,bing,False,GaussianNoise,resnet,40/60,alexnet,bing,40/60,0.0877193,0.16083916083916083,0.014084507042253521
147,bing,False,GaussianNoise,resnet,40/60,alexnet,bing,50/50,0.1048951,0.1773049645390071,0.034482758620689655
148,bing,False,GaussianNoise,resnet,40/60,resnet,bing,20/80,0.062068965,0.09929078014184398,0.026845637583892617
149,bing,False,GaussianNoise,resnet,40/60,resnet,bing,30/70,0.0979021,0.18840579710144928,0.013513513513513514
150,bing,False,GaussianNoise,resnet,40/60,resnet,bing,40/60,0.06228374,0.08391608391608392,0.0410958904109589
151,bing,False,GaussianNoise,resnet,40/60,resnet,bing,50/50,0.04137931,0.027777777777777776,0.0547945205479452
152,bing,False,GaussianNoise,resnet,40/60,vgg,bing,20/80,0.10763889,0.21428571428571427,0.006756756756756757
153,bing,False,GaussianNoise,resnet,40/60,vgg,bing,30/70,0.1184669,0.2158273381294964,0.02702702702702703
154,bing,False,GaussianNoise,resnet,40/60,vgg,bing,40/60,0.102389075,0.1103448275862069,0.0945945945945946
155,bing,False,GaussianNoise,resnet,40/60,vgg,bing,50/50,0.09246575,0.08904109589041095,0.0958904109589041
156,bing,False,GaussianNoise,resnet,40/60,alexnet,google,20/80,0.14333333,0.26666666666666666,0.02
157,bing,False,GaussianNoise,resnet,40/60,alexnet,google,30/70,0.093333334,0.15333333333333332,0.03333333333333333
158,bing,False,GaussianNoise,resnet,40/60,alexnet,google,40/60,0.08,0.11333333333333333,0.04666666666666667
159,bing,False,GaussianNoise,resnet,40/60,alexnet,google,50/50,0.09,0.12666666666666668,0.05333333333333334
160,bing,False,GaussianNoise,resnet,40/60,resnet,google,20/80,0.11666667,0.22,0.013333333333333334
161,bing,False,GaussianNoise,resnet,40/60,resnet,google,30/70,0.10333334,0.18666666666666668,0.02
162,bing,False,GaussianNoise,resnet,40/60,resnet,google,40/60,0.093333334,0.06666666666666667,0.12
163,bing,False,GaussianNoise,resnet,40/60,resnet,google,50/50,0.06333333,0.04666666666666667,0.08
164,bing,False,GaussianNoise,resnet,40/60,vgg,google,20/80,0.2,0.3933333333333333,0.006666666666666667
165,bing,False,GaussianNoise,resnet,40/60,vgg,google,30/70,0.15,0.26666666666666666,0.03333333333333333
166,bing,False,GaussianNoise,resnet,40/60,vgg,google,40/60,0.10666667,0.14666666666666667,0.06666666666666667
167,bing,False,GaussianNoise,resnet,40/60,vgg,google,50/50,0.083333336,0.08666666666666667,0.08
168,bing,False,GaussianNoise,resnet,50/50,alexnet,bing,20/80,0.102564104,0.1935483870967742,0.026845637583892617
169,bing,False,GaussianNoise,resnet,50/50,alexnet,bing,30/70,0.071174376,0.1259259259259259,0.02054794520547945
170,bing,False,GaussianNoise,resnet,50/50,alexnet,bing,40/60,0.08421053,0.15384615384615385,0.014084507042253521
171,bing,False,GaussianNoise,resnet,50/50,alexnet,bing,50/50,0.08041958,0.1347517730496454,0.027586206896551724
172,bing,False,GaussianNoise,resnet,50/50,resnet,bing,20/80,0.08275862,0.12056737588652482,0.04697986577181208
173,bing,False,GaussianNoise,resnet,50/50,resnet,bing,30/70,0.0979021,0.1956521739130435,0.006756756756756757
174,bing,False,GaussianNoise,resnet,50/50,resnet,bing,40/60,0.072664365,0.11188811188811189,0.03424657534246575
175,bing,False,GaussianNoise,resnet,50/50,resnet,bing,50/50,0.05862069,0.05555555555555555,0.06164383561643835
176,bing,False,GaussianNoise,resnet,50/50,vgg,bing,20/80,0.125,0.22857142857142856,0.02702702702702703
177,bing,False,GaussianNoise,resnet,50/50,vgg,bing,30/70,0.12195122,0.20863309352517986,0.04054054054054054
178,bing,False,GaussianNoise,resnet,50/50,vgg,bing,40/60,0.102389075,0.10344827586206896,0.10135135135135136
179,bing,False,GaussianNoise,resnet,50/50,vgg,bing,50/50,0.09246575,0.07534246575342465,0.1095890410958904
180,bing,False,GaussianNoise,resnet,50/50,alexnet,google,20/80,0.14333333,0.26,0.02666666666666667
181,bing,False,GaussianNoise,resnet,50/50,alexnet,google,30/70,0.093333334,0.14,0.04666666666666667
182,bing,False,GaussianNoise,resnet,50/50,alexnet,google,40/60,0.08,0.10666666666666667,0.05333333333333334
183,bing,False,GaussianNoise,resnet,50/50,alexnet,google,50/50,0.086666666,0.11333333333333333,0.06
184,bing,False,GaussianNoise,resnet,50/50,resnet,google,20/80,0.10333334,0.20666666666666667,0.0
185,bing,False,GaussianNoise,resnet,50/50,resnet,google,30/70,0.1,0.18,0.02
186,bing,False,GaussianNoise,resnet,50/50,resnet,google,40/60,0.08,0.04666666666666667,0.11333333333333333
187,bing,False,GaussianNoise,resnet,50/50,resnet,google,50/50,0.060000002,0.04,0.08
188,bing,False,GaussianNoise,resnet,50/50,vgg,google,20/80,0.19666667,0.38666666666666666,0.006666666666666667
189,bing,False,GaussianNoise,resnet,50/50,vgg,google,30/70,0.15,0.26666666666666666,0.03333333333333333
190,bing,False,GaussianNoise,resnet,50/50,vgg,google,40/60,0.11,0.13333333333333333,0.08666666666666667
191,bing,False,GaussianNoise,resnet,50/50,vgg,google,50/50,0.09666667,0.06,0.13333333333333333
192,bing,False,GaussianNoise,vgg,20/80,alexnet,bing,20/80,0.113553114,0.20967741935483872,0.03355704697986577
193,bing,False,GaussianNoise,vgg,20/80,alexnet,bing,30/70,0.07829181,0.14074074074074075,0.02054794520547945
194,bing,False,GaussianNoise,vgg,20/80,alexnet,bing,40/60,0.08070175,0.15384615384615385,0.007042253521126761
195,bing,False,GaussianNoise,vgg,20/80,alexnet,bing,50/50,0.08741259,0.15602836879432624,0.020689655172413793
196,bing,False,GaussianNoise,vgg,20/80,resnet,bing,20/80,0.055172414,0.09219858156028368,0.020134228187919462
197,bing,False,GaussianNoise,vgg,20/80,resnet,bing,30/70,0.09090909,0.18840579710144928,0.0
198,bing,False,GaussianNoise,vgg,20/80,resnet,bing,40/60,0.051903117,0.08391608391608392,0.02054794520547945
199,bing,False,GaussianNoise,vgg,20/80,resnet,bing,50/50,0.044827588,0.041666666666666664,0.04794520547945205
200,bing,False,GaussianNoise,vgg,20/80,vgg,bing,20/80,0.13541667,0.2642857142857143,0.013513513513513514
201,bing,False,GaussianNoise,vgg,20/80,vgg,bing,30/70,0.12195122,0.2302158273381295,0.02027027027027027
202,bing,False,GaussianNoise,vgg,20/80,vgg,bing,40/60,0.09215017,0.09655172413793103,0.08783783783783784
203,bing,False,GaussianNoise,vgg,20/80,vgg,bing,50/50,0.08219178,0.07534246575342465,0.08904109589041095
204,bing,False,GaussianNoise,vgg,20/80,alexnet,google,20/80,0.14,0.26,0.02
205,bing,False,GaussianNoise,vgg,20/80,alexnet,google,30/70,0.083333336,0.13333333333333333,0.03333333333333333
206,bing,False,GaussianNoise,vgg,20/80,alexnet,google,40/60,0.086666666,0.11333333333333333,0.06
207,bing,False,GaussianNoise,vgg,20/80,alexnet,google,50/50,0.093333334,0.11333333333333333,0.07333333333333333
208,bing,False,GaussianNoise,vgg,20/80,resnet,google,20/80,0.12666667,0.24,0.013333333333333334
209,bing,False,GaussianNoise,vgg,20/80,resnet,google,30/70,0.11666667,0.21333333333333335,0.02
210,bing,False,GaussianNoise,vgg,20/80,resnet,google,40/60,0.083333336,0.06,0.10666666666666667
211,bing,False,GaussianNoise,vgg,20/80,resnet,google,50/50,0.06333333,0.04666666666666667,0.08
212,bing,False,GaussianNoise,vgg,20/80,vgg,google,20/80,0.19666667,0.38666666666666666,0.006666666666666667
213,bing,False,GaussianNoise,vgg,20/80,vgg,google,30/70,0.14333333,0.26,0.02666666666666667
214,bing,False,GaussianNoise,vgg,20/80,vgg,google,40/60,0.11,0.15333333333333332,0.06666666666666667
215,bing,False,GaussianNoise,vgg,20/80,vgg,google,50/50,0.1,0.1,0.1
216,bing,False,GaussianNoise,vgg,30/70,alexnet,bing,20/80,0.09157509,0.1774193548387097,0.020134228187919462
217,bing,False,GaussianNoise,vgg,30/70,alexnet,bing,30/70,0.081850536,0.13333333333333333,0.03424657534246575
218,bing,False,GaussianNoise,vgg,30/70,alexnet,bing,40/60,0.077192985,0.13986013986013987,0.014084507042253521
219,bing,False,GaussianNoise,vgg,30/70,alexnet,bing,50/50,0.08041958,0.14184397163120568,0.020689655172413793
220,bing,False,GaussianNoise,vgg,30/70,resnet,bing,20/80,0.075862065,0.1276595744680851,0.026845637583892617
221,bing,False,GaussianNoise,vgg,30/70,resnet,bing,30/70,0.108391605,0.21739130434782608,0.006756756756756757
222,bing,False,GaussianNoise,vgg,30/70,resnet,bing,40/60,0.072664365,0.1048951048951049,0.0410958904109589
223,bing,False,GaussianNoise,vgg,30/70,resnet,bing,50/50,0.051724136,0.034722222222222224,0.0684931506849315
224,bing,False,GaussianNoise,vgg,30/70,vgg,bing,20/80,0.12847222,0.24285714285714285,0.02027027027027027
225,bing,False,GaussianNoise,vgg,30/70,vgg,bing,30/70,0.12543555,0.22302158273381295,0.033783783783783786
226,bing,False,GaussianNoise,vgg,30/70,vgg,bing,40/60,0.11262798,0.11724137931034483,0.10810810810810811
227,bing,False,GaussianNoise,vgg,30/70,vgg,bing,50/50,0.09589041,0.08904109589041095,0.10273972602739725
228,bing,False,GaussianNoise,vgg,30/70,alexnet,google,20/80,0.13666667,0.25333333333333335,0.02
229,bing,False,GaussianNoise,vgg,30/70,alexnet,google,30/70,0.10666667,0.15333333333333332,0.06
230,bing,False,GaussianNoise,vgg,30/70,alexnet,google,40/60,0.083333336,0.10666666666666667,0.06
231,bing,False,GaussianNoise,vgg,30/70,alexnet,google,50/50,0.09666667,0.12,0.07333333333333333
232,bing,False,GaussianNoise,vgg,30/70,resnet,google,20/80,0.11,0.22,0.0
233,bing,False,GaussianNoise,vgg,30/70,resnet,google,30/70,0.09666667,0.18666666666666668,0.006666666666666667
234,bing,False,GaussianNoise,vgg,30/70,resnet,google,40/60,0.07333334,0.04666666666666667,0.1
235,bing,False,GaussianNoise,vgg,30/70,resnet,google,50/50,0.060000002,0.03333333333333333,0.08666666666666667
236,bing,False,GaussianNoise,vgg,30/70,vgg,google,20/80,0.21333334,0.41333333333333333,0.013333333333333334
237,bing,False,GaussianNoise,vgg,30/70,vgg,google,30/70,0.17,0.29333333333333333,0.04666666666666667
238,bing,False,GaussianNoise,vgg,30/70,vgg,google,40/60,0.11,0.14666666666666667,0.07333333333333333
239,bing,False,GaussianNoise,vgg,30/70,vgg,google,50/50,0.093333334,0.08666666666666667,0.1
240,bing,False,GaussianNoise,vgg,40/60,alexnet,bing,20/80,0.10622711,0.18548387096774194,0.040268456375838924
241,bing,False,GaussianNoise,vgg,40/60,alexnet,bing,30/70,0.071174376,0.1259259259259259,0.02054794520547945
242,bing,False,GaussianNoise,vgg,40/60,alexnet,bing,40/60,0.07017544,0.1258741258741259,0.014084507042253521
243,bing,False,GaussianNoise,vgg,40/60,alexnet,bing,50/50,0.062937066,0.10638297872340426,0.020689655172413793
244,bing,False,GaussianNoise,vgg,40/60,resnet,bing,20/80,0.062068965,0.10638297872340426,0.020134228187919462
245,bing,False,GaussianNoise,vgg,40/60,resnet,bing,30/70,0.1048951,0.21014492753623187,0.006756756756756757
246,bing,False,GaussianNoise,vgg,40/60,resnet,bing,40/60,0.05882353,0.09090909090909091,0.0273972602739726
247,bing,False,GaussianNoise,vgg,40/60,resnet,bing,50/50,0.03448276,0.034722222222222224,0.03424657534246575
248,bing,False,GaussianNoise,vgg,40/60,vgg,bing,20/80,0.121527776,0.22142857142857142,0.02702702702702703
249,bing,False,GaussianNoise,vgg,40/60,vgg,bing,30/70,0.13240418,0.2302158273381295,0.04054054054054054
250,bing,False,GaussianNoise,vgg,40/60,vgg,bing,40/60,0.13651876,0.14482758620689656,0.12837837837837837
251,bing,False,GaussianNoise,vgg,40/60,vgg,bing,50/50,0.09931507,0.0684931506849315,0.13013698630136986
252,bing,False,GaussianNoise,vgg,40/60,alexnet,google,20/80,0.15666667,0.28,0.03333333333333333
253,bing,False,GaussianNoise,vgg,40/60,alexnet,google,30/70,0.083333336,0.12666666666666668,0.04
254,bing,False,GaussianNoise,vgg,40/60,alexnet,google,40/60,0.086666666,0.11333333333333333,0.06
255,bing,False,GaussianNoise,vgg,40/60,alexnet,google,50/50,0.07666667,0.09333333333333334,0.06
256,bing,False,GaussianNoise,vgg,40/60,resnet,google,20/80,0.120000005,0.24,0.0
257,bing,False,GaussianNoise,vgg,40/60,resnet,google,30/70,0.1,0.18666666666666668,0.013333333333333334
258,bing,False,GaussianNoise,vgg,40/60,resnet,google,40/60,0.09,0.06,0.12
259,bing,False,GaussianNoise,vgg,40/60,resnet,google,50/50,0.060000002,0.04666666666666667,0.07333333333333333
260,bing,False,GaussianNoise,vgg,40/60,vgg,google,20/80,0.21333334,0.42,0.006666666666666667
261,bing,False,GaussianNoise,vgg,40/60,vgg,google,30/70,0.16666667,0.29333333333333333,0.04
262,bing,False,GaussianNoise,vgg,40/60,vgg,google,40/60,0.11666667,0.14,0.09333333333333334
263,bing,False,GaussianNoise,vgg,40/60,vgg,google,50/50,0.11,0.08666666666666667,0.13333333333333333
264,bing,False,GaussianNoise,vgg,50/50,alexnet,bing,20/80,0.0952381,0.1693548387096774,0.03355704697986577
265,bing,False,GaussianNoise,vgg,50/50,alexnet,bing,30/70,0.07829181,0.14074074074074075,0.02054794520547945
266,bing,False,GaussianNoise,vgg,50/50,alexnet,bing,40/60,0.073684216,0.13286713286713286,0.014084507042253521
267,bing,False,GaussianNoise,vgg,50/50,alexnet,bing,50/50,0.08391608,0.14184397163120568,0.027586206896551724
268,bing,False,GaussianNoise,vgg,50/50,resnet,bing,20/80,0.072413795,0.09929078014184398,0.04697986577181208
269,bing,False,GaussianNoise,vgg,50/50,resnet,bing,30/70,0.0979021,0.1956521739130435,0.006756756756756757
270,bing,False,GaussianNoise,vgg,50/50,resnet,bing,40/60,0.06228374,0.0979020979020979,0.0273972602739726
271,bing,False,GaussianNoise,vgg,50/50,resnet,bing,50/50,0.031034483,0.027777777777777776,0.03424657534246575
272,bing,False,GaussianNoise,vgg,50/50,vgg,bing,20/80,0.12847222,0.22857142857142856,0.033783783783783786
273,bing,False,GaussianNoise,vgg,50/50,vgg,bing,30/70,0.1184669,0.2158273381294964,0.02702702702702703
274,bing,False,GaussianNoise,vgg,50/50,vgg,bing,40/60,0.11945392,0.12413793103448276,0.11486486486486487
275,bing,False,GaussianNoise,vgg,50/50,vgg,bing,50/50,0.10273972,0.0821917808219178,0.1232876712328767
276,bing,False,GaussianNoise,vgg,50/50,alexnet,google,20/80,0.13000001,0.22666666666666666,0.03333333333333333
277,bing,False,GaussianNoise,vgg,50/50,alexnet,google,30/70,0.11,0.16666666666666666,0.05333333333333334
278,bing,False,GaussianNoise,vgg,50/50,alexnet,google,40/60,0.09,0.12,0.06
279,bing,False,GaussianNoise,vgg,50/50,alexnet,google,50/50,0.09666667,0.12666666666666668,0.06666666666666667
280,bing,False,GaussianNoise,vgg,50/50,resnet,google,20/80,0.120000005,0.23333333333333334,0.006666666666666667
281,bing,False,GaussianNoise,vgg,50/50,resnet,google,30/70,0.10666667,0.19333333333333333,0.02
282,bing,False,GaussianNoise,vgg,50/50,resnet,google,40/60,0.08,0.04666666666666667,0.11333333333333333
283,bing,False,GaussianNoise,vgg,50/50,resnet,google,50/50,0.053333335,0.04,0.06666666666666667
284,bing,False,GaussianNoise,vgg,50/50,vgg,google,20/80,0.20666668,0.4,0.013333333333333334
285,bing,False,GaussianNoise,vgg,50/50,vgg,google,30/70,0.14333333,0.26666666666666666,0.02
286,bing,False,GaussianNoise,vgg,50/50,vgg,google,40/60,0.1,0.12666666666666668,0.07333333333333333
287,bing,False,GaussianNoise,vgg,50/50,vgg,google,50/50,0.1,0.07333333333333333,0.12666666666666668
288,google,False,GaussianNoise,alexnet,20/80,alexnet,bing,20/80,0.12666667,0.22,0.03333333333333333
289,google,False,GaussianNoise,alexnet,20/80,alexnet,bing,30/70,0.07666667,0.10666666666666667,0.04666666666666667
290,google,False,GaussianNoise,alexnet,20/80,alexnet,bing,40/60,0.08,0.08666666666666667,0.07333333333333333
291,google,False,GaussianNoise,alexnet,20/80,alexnet,bing,50/50,0.08,0.11333333333333333,0.04666666666666667
292,google,False,GaussianNoise,alexnet,20/80,resnet,bing,20/80,0.053333335,0.06666666666666667,0.04
293,google,False,GaussianNoise,alexnet,20/80,resnet,bing,30/70,0.05666667,0.08666666666666667,0.02666666666666667
294,google,False,GaussianNoise,alexnet,20/80,resnet,bing,40/60,0.04,0.04666666666666667,0.03333333333333333
295,google,False,GaussianNoise,alexnet,20/80,resnet,bing,50/50,0.043333333,0.02,0.06666666666666667
296,google,False,GaussianNoise,alexnet,20/80,vgg,bing,20/80,0.07333334,0.11333333333333333,0.03333333333333333
297,google,False,GaussianNoise,alexnet,20/80,vgg,bing,30/70,0.07666667,0.10666666666666667,0.04666666666666667
298,google,False,GaussianNoise,alexnet,20/80,vgg,bing,40/60,0.086666666,0.06,0.11333333333333333
299,google,False,GaussianNoise,alexnet,20/80,vgg,bing,50/50,0.1,0.04666666666666667,0.15333333333333332
300,google,False,GaussianNoise,alexnet,20/80,alexnet,google,20/80,0.064748205,0.1223021582733813,0.007194244604316547
301,google,False,GaussianNoise,alexnet,20/80,alexnet,google,30/70,0.055944055,0.07692307692307693,0.03496503496503497
302,google,False,GaussianNoise,alexnet,20/80,alexnet,google,40/60,0.04609929,0.03546099290780142,0.05673758865248227
303,google,False,GaussianNoise,alexnet,20/80,alexnet,google,50/50,0.043165468,0.050359712230215826,0.03597122302158273
304,google,False,GaussianNoise,alexnet,20/80,resnet,google,20/80,0.05902778,0.1111111111111111,0.006944444444444444
305,google,False,GaussianNoise,alexnet,20/80,resnet,google,30/70,0.03448276,0.06206896551724138,0.006896551724137931
306,google,False,GaussianNoise,alexnet,20/80,resnet,google,40/60,0.03767123,0.0136986301369863,0.06164383561643835
307,google,False,GaussianNoise,alexnet,20/80,resnet,google,50/50,0.030612245,0.006802721088435374,0.05442176870748299
308,google,False,GaussianNoise,alexnet,20/80,vgg,google,20/80,0.09246575,0.1780821917808219,0.00684931506849315
309,google,False,GaussianNoise,alexnet,20/80,vgg,google,30/70,0.05782313,0.08843537414965986,0.027210884353741496
310,google,False,GaussianNoise,alexnet,20/80,vgg,google,40/60,0.0777027,0.07432432432432433,0.08108108108108109
311,google,False,GaussianNoise,alexnet,20/80,vgg,google,50/50,0.08783784,0.02702702702702703,0.14864864864864866
312,google,False,GaussianNoise,alexnet,30/70,alexnet,bing,20/80,0.13000001,0.22666666666666666,0.03333333333333333
313,google,False,GaussianNoise,alexnet,30/70,alexnet,bing,30/70,0.11,0.16,0.06
314,google,False,GaussianNoise,alexnet,30/70,alexnet,bing,40/60,0.1,0.12666666666666668,0.07333333333333333
315,google,False,GaussianNoise,alexnet,30/70,alexnet,bing,50/50,0.11333334,0.16666666666666666,0.06
316,google,False,GaussianNoise,alexnet,30/70,resnet,bing,20/80,0.05,0.06666666666666667,0.03333333333333333
317,google,False,GaussianNoise,alexnet,30/70,resnet,bing,30/70,0.06333333,0.1,0.02666666666666667
318,google,False,GaussianNoise,alexnet,30/70,resnet,bing,40/60,0.043333333,0.06,0.02666666666666667
319,google,False,GaussianNoise,alexnet,30/70,resnet,bing,50/50,0.03666667,0.02,0.05333333333333334
320,google,False,GaussianNoise,alexnet,30/70,vgg,bing,20/80,0.06666667,0.1,0.03333333333333333
321,google,False,GaussianNoise,alexnet,30/70,vgg,bing,30/70,0.07333334,0.10666666666666667,0.04
322,google,False,GaussianNoise,alexnet,30/70,vgg,bing,40/60,0.09,0.04666666666666667,0.13333333333333333
323,google,False,GaussianNoise,alexnet,30/70,vgg,bing,50/50,0.10333334,0.04,0.16666666666666666
324,google,False,GaussianNoise,alexnet,30/70,alexnet,google,20/80,0.10071943,0.17985611510791366,0.02158273381294964
325,google,False,GaussianNoise,alexnet,30/70,alexnet,google,30/70,0.08391608,0.11188811188811189,0.055944055944055944
326,google,False,GaussianNoise,alexnet,30/70,alexnet,google,40/60,0.060283687,0.04964539007092199,0.07092198581560284
327,google,False,GaussianNoise,alexnet,30/70,alexnet,google,50/50,0.064748205,0.06474820143884892,0.06474820143884892
328,google,False,GaussianNoise,alexnet,30/70,resnet,google,20/80,0.06944445,0.1388888888888889,0.0
329,google,False,GaussianNoise,alexnet,30/70,resnet,google,30/70,0.048275862,0.0896551724137931,0.006896551724137931
330,google,False,GaussianNoise,alexnet,30/70,resnet,google,40/60,0.047945205,0.03424657534246575,0.06164383561643835
331,google,False,GaussianNoise,alexnet,30/70,resnet,google,50/50,0.030612245,0.013605442176870748,0.047619047619047616
332,google,False,GaussianNoise,alexnet,30/70,vgg,google,20/80,0.09589041,0.18493150684931506,0.00684931506849315
333,google,False,GaussianNoise,alexnet,30/70,vgg,google,30/70,0.054421768,0.08843537414965986,0.02040816326530612
334,google,False,GaussianNoise,alexnet,30/70,vgg,google,40/60,0.06081081,0.0472972972972973,0.07432432432432433
335,google,False,GaussianNoise,alexnet,30/70,vgg,google,50/50,0.08445946,0.04054054054054054,0.12837837837837837
336,google,False,GaussianNoise,alexnet,40/60,alexnet,bing,20/80,0.13666667,0.23333333333333334,0.04
337,google,False,GaussianNoise,alexnet,40/60,alexnet,bing,30/70,0.11,0.15333333333333332,0.06666666666666667
338,google,False,GaussianNoise,alexnet,40/60,alexnet,bing,40/60,0.09666667,0.11333333333333333,0.08
339,google,False,GaussianNoise,alexnet,40/60,alexnet,bing,50/50,0.10666667,0.12666666666666668,0.08666666666666667
340,google,False,GaussianNoise,alexnet,40/60,resnet,bing,20/80,0.06333333,0.1,0.02666666666666667
341,google,False,GaussianNoise,alexnet,40/60,resnet,bing,30/70,0.06666667,0.11333333333333333,0.02
342,google,False,GaussianNoise,alexnet,40/60,resnet,bing,40/60,0.053333335,0.06666666666666667,0.04
343,google,False,GaussianNoise,alexnet,40/60,resnet,bing,50/50,0.05,0.02666666666666667,0.07333333333333333
344,google,False,GaussianNoise,alexnet,40/60,vgg,bing,20/80,0.06666667,0.11333333333333333,0.02
345,google,False,GaussianNoise,alexnet,40/60,vgg,bing,30/70,0.07333334,0.09333333333333334,0.05333333333333334
346,google,False,GaussianNoise,alexnet,40/60,vgg,bing,40/60,0.08,0.03333333333333333,0.12666666666666668
347,google,False,GaussianNoise,alexnet,40/60,vgg,bing,50/50,0.09,0.03333333333333333,0.14666666666666667
348,google,False,GaussianNoise,alexnet,40/60,alexnet,google,20/80,0.08992806,0.1510791366906475,0.02877697841726619
349,google,False,GaussianNoise,alexnet,40/60,alexnet,google,30/70,0.08041958,0.0979020979020979,0.06293706293706294
350,google,False,GaussianNoise,alexnet,40/60,alexnet,google,40/60,0.07801418,0.07092198581560284,0.0851063829787234
351,google,False,GaussianNoise,alexnet,40/60,alexnet,google,50/50,0.053956836,0.05755395683453238,0.050359712230215826
352,google,False,GaussianNoise,alexnet,40/60,resnet,google,20/80,0.055555556,0.1111111111111111,0.0
353,google,False,GaussianNoise,alexnet,40/60,resnet,google,30/70,0.051724136,0.0896551724137931,0.013793103448275862
354,google,False,GaussianNoise,alexnet,40/60,resnet,google,40/60,0.047945205,0.0273972602739726,0.0684931506849315
355,google,False,GaussianNoise,alexnet,40/60,resnet,google,50/50,0.037414964,0.02040816326530612,0.05442176870748299
356,google,False,GaussianNoise,alexnet,40/60,vgg,google,20/80,0.10273972,0.19863013698630136,0.00684931506849315
357,google,False,GaussianNoise,alexnet,40/60,vgg,google,30/70,0.05782313,0.08163265306122448,0.034013605442176874
358,google,False,GaussianNoise,alexnet,40/60,vgg,google,40/60,0.074324325,0.05405405405405406,0.0945945945945946
359,google,False,GaussianNoise,alexnet,40/60,vgg,google,50/50,0.081081085,0.02027027027027027,0.14189189189189189
360,google,False,GaussianNoise,alexnet,50/50,alexnet,bing,20/80,0.12666667,0.21333333333333335,0.04
361,google,False,GaussianNoise,alexnet,50/50,alexnet,bing,30/70,0.093333334,0.12,0.06666666666666667
362,google,False,GaussianNoise,alexnet,50/50,alexnet,bing,40/60,0.083333336,0.07333333333333333,0.09333333333333334
363,google,False,GaussianNoise,alexnet,50/50,alexnet,bing,50/50,0.093333334,0.11333333333333333,0.07333333333333333
364,google,False,GaussianNoise,alexnet,50/50,resnet,bing,20/80,0.05666667,0.08,0.03333333333333333
365,google,False,GaussianNoise,alexnet,50/50,resnet,bing,30/70,0.05666667,0.09333333333333334,0.02
366,google,False,GaussianNoise,alexnet,50/50,resnet,bing,40/60,0.046666667,0.04666666666666667,0.04666666666666667
367,google,False,GaussianNoise,alexnet,50/50,resnet,bing,50/50,0.033333335,0.006666666666666667,0.06
368,google,False,GaussianNoise,alexnet,50/50,vgg,bing,20/80,0.08,0.11333333333333333,0.04666666666666667
369,google,False,GaussianNoise,alexnet,50/50,vgg,bing,30/70,0.07666667,0.09333333333333334,0.06
370,google,False,GaussianNoise,alexnet,50/50,vgg,bing,40/60,0.10333334,0.05333333333333334,0.15333333333333332
371,google,False,GaussianNoise,alexnet,50/50,vgg,bing,50/50,0.10333334,0.04666666666666667,0.16
372,google,False,GaussianNoise,alexnet,50/50,alexnet,google,20/80,0.08273382,0.1366906474820144,0.02877697841726619
373,google,False,GaussianNoise,alexnet,50/50,alexnet,google,30/70,0.073426574,0.09090909090909091,0.055944055944055944
374,google,False,GaussianNoise,alexnet,50/50,alexnet,google,40/60,0.056737587,0.05673758865248227,0.05673758865248227
375,google,False,GaussianNoise,alexnet,50/50,alexnet,google,50/50,0.050359715,0.050359712230215826,0.050359712230215826
376,google,False,GaussianNoise,alexnet,50/50,resnet,google,20/80,0.065972224,0.125,0.006944444444444444
377,google,False,GaussianNoise,alexnet,50/50,resnet,google,30/70,0.044827588,0.07586206896551724,0.013793103448275862
378,google,False,GaussianNoise,alexnet,50/50,resnet,google,40/60,0.04109589,0.0136986301369863,0.0684931506849315
