,source_dataset,isMath,attack,source_model,source_balancing,target_model,target_dataset,target_balancing,asr,asr_0,asr_1
0,bing,False,GaussianNoise,alexnet,20/80,alexnet,bing,20/80,0.113970585,0.2032520325203252,0.040268456375838924
1,bing,False,GaussianNoise,alexnet,20/80,alexnet,bing,30/70,0.07042253,0.12408759124087591,0.02040816326530612
2,bing,False,GaussianNoise,alexnet,20/80,alexnet,bing,40/60,0.09090909,0.16312056737588654,0.020689655172413793
3,bing,False,GaussianNoise,alexnet,20/80,alexnet,bing,50/50,0.07042253,0.1223021582733813,0.020689655172413793
4,bing,False,GaussianNoise,alexnet,20/80,resnet,bing,20/80,0.055555556,0.1079136690647482,0.006711409395973154
5,bing,False,GaussianNoise,alexnet,20/80,resnet,bing,30/70,0.062937066,0.12318840579710146,0.006756756756756757
6,bing,False,GaussianNoise,alexnet,20/80,resnet,bing,40/60,0.038062286,0.055944055944055944,0.02054794520547945
7,bing,False,GaussianNoise,alexnet,20/80,resnet,bing,50/50,0.024137931,0.020833333333333332,0.0273972602739726
8,bing,False,GaussianNoise,alexnet,20/80,vgg,bing,20/80,0.09375,0.17142857142857143,0.02027027027027027
9,bing,False,GaussianNoise,alexnet,20/80,vgg,bing,30/70,0.087108016,0.1510791366906475,0.02702702702702703
10,bing,False,GaussianNoise,alexnet,20/80,vgg,bing,40/60,0.06484641,0.06206896551724138,0.06756756756756757
11,bing,False,GaussianNoise,alexnet,20/80,vgg,bing,50/50,0.05821918,0.03424657534246575,0.0821917808219178
12,bing,False,GaussianNoise,alexnet,20/80,alexnet,google,20/80,0.13666667,0.24666666666666667,0.02666666666666667
13,bing,False,GaussianNoise,alexnet,20/80,alexnet,google,30/70,0.07666667,0.11333333333333333,0.04
14,bing,False,GaussianNoise,alexnet,20/80,alexnet,google,40/60,0.07666667,0.1,0.05333333333333334
15,bing,False,GaussianNoise,alexnet,20/80,alexnet,google,50/50,0.08,0.1,0.06
16,bing,False,GaussianNoise,alexnet,20/80,resnet,google,20/80,0.093333334,0.18,0.006666666666666667
17,bing,False,GaussianNoise,alexnet,20/80,resnet,google,30/70,0.08,0.14,0.02
18,bing,False,GaussianNoise,alexnet,20/80,resnet,google,40/60,0.07333334,0.04666666666666667,0.1
19,bing,False,GaussianNoise,alexnet,20/80,resnet,google,50/50,0.053333335,0.04,0.06666666666666667
20,bing,False,GaussianNoise,alexnet,20/80,vgg,google,20/80,0.17,0.3333333333333333,0.006666666666666667
21,bing,False,GaussianNoise,alexnet,20/80,vgg,google,30/70,0.11666667,0.20666666666666667,0.02666666666666667
22,bing,False,GaussianNoise,alexnet,20/80,vgg,google,40/60,0.08,0.1,0.06
23,bing,False,GaussianNoise,alexnet,20/80,vgg,google,50/50,0.083333336,0.06666666666666667,0.1
24,bing,False,GaussianNoise,alexnet,30/70,alexnet,bing,20/80,0.125,0.24390243902439024,0.026845637583892617
25,bing,False,GaussianNoise,alexnet,30/70,alexnet,bing,30/70,0.07394366,0.1386861313868613,0.013605442176870748
26,bing,False,GaussianNoise,alexnet,30/70,alexnet,bing,40/60,0.1013986,0.19148936170212766,0.013793103448275862
27,bing,False,GaussianNoise,alexnet,30/70,alexnet,bing,50/50,0.09154929,0.17985611510791366,0.006896551724137931
28,bing,False,GaussianNoise,alexnet,30/70,resnet,bing,20/80,0.065972224,0.1366906474820144,0.0
29,bing,False,GaussianNoise,alexnet,30/70,resnet,bing,30/70,0.0979021,0.1956521739130435,0.006756756756756757
30,bing,False,GaussianNoise,alexnet,30/70,resnet,bing,40/60,0.055363324,0.0979020979020979,0.0136986301369863
31,bing,False,GaussianNoise,alexnet,30/70,resnet,bing,50/50,0.03448276,0.020833333333333332,0.04794520547945205
32,bing,False,GaussianNoise,alexnet,30/70,vgg,bing,20/80,0.13194445,0.24285714285714285,0.02702702702702703
33,bing,False,GaussianNoise,alexnet,30/70,vgg,bing,30/70,0.12543555,0.2302158273381295,0.02702702702702703
34,bing,False,GaussianNoise,alexnet,30/70,vgg,bing,40/60,0.11262798,0.1310344827586207,0.0945945945945946
35,bing,False,GaussianNoise,alexnet,30/70,vgg,bing,50/50,0.09246575,0.0821917808219178,0.10273972602739725
36,bing,False,GaussianNoise,alexnet,30/70,alexnet,google,20/80,0.15666667,0.2866666666666667,0.02666666666666667
37,bing,False,GaussianNoise,alexnet,30/70,alexnet,google,30/70,0.09,0.12666666666666668,0.05333333333333334
38,bing,False,GaussianNoise,alexnet,30/70,alexnet,google,40/60,0.09,0.12666666666666668,0.05333333333333334
39,bing,False,GaussianNoise,alexnet,30/70,alexnet,google,50/50,0.10666667,0.13333333333333333,0.08
40,bing,False,GaussianNoise,alexnet,30/70,resnet,google,20/80,0.11,0.22,0.0
41,bing,False,GaussianNoise,alexnet,30/70,resnet,google,30/70,0.093333334,0.18,0.006666666666666667
42,bing,False,GaussianNoise,alexnet,30/70,resnet,google,40/60,0.093333334,0.05333333333333334,0.13333333333333333
43,bing,False,GaussianNoise,alexnet,30/70,resnet,google,50/50,0.06333333,0.06,0.06666666666666667
44,bing,False,GaussianNoise,alexnet,30/70,vgg,google,20/80,0.22666667,0.44,0.013333333333333334
45,bing,False,GaussianNoise,alexnet,30/70,vgg,google,30/70,0.16666667,0.29333333333333333,0.04
46,bing,False,GaussianNoise,alexnet,30/70,vgg,google,40/60,0.120000005,0.15333333333333332,0.08666666666666667
47,bing,False,GaussianNoise,alexnet,30/70,vgg,google,50/50,0.11333334,0.1,0.12666666666666668
48,bing,False,GaussianNoise,alexnet,40/60,alexnet,bing,20/80,0.106617644,0.18699186991869918,0.040268456375838924
49,bing,False,GaussianNoise,alexnet,40/60,alexnet,bing,30/70,0.08450704,0.145985401459854,0.027210884353741496
50,bing,False,GaussianNoise,alexnet,40/60,alexnet,bing,40/60,0.1013986,0.19148936170212766,0.013793103448275862
51,bing,False,GaussianNoise,alexnet,40/60,alexnet,bing,50/50,0.09859155,0.17985611510791366,0.020689655172413793
52,bing,False,GaussianNoise,alexnet,40/60,resnet,bing,20/80,0.06944445,0.12949640287769784,0.013422818791946308
53,bing,False,GaussianNoise,alexnet,40/60,resnet,bing,30/70,0.108391605,0.21739130434782608,0.006756756756756757
54,bing,False,GaussianNoise,alexnet,40/60,resnet,bing,40/60,0.0449827,0.08391608391608392,0.00684931506849315
55,bing,False,GaussianNoise,alexnet,40/60,resnet,bing,50/50,0.037931032,0.034722222222222224,0.0410958904109589
56,bing,False,GaussianNoise,alexnet,40/60,vgg,bing,20/80,0.12847222,0.2357142857142857,0.02702702702702703
57,bing,False,GaussianNoise,alexnet,40/60,vgg,bing,30/70,0.09756098,0.17985611510791366,0.02027027027027027
58,bing,False,GaussianNoise,alexnet,40/60,vgg,bing,40/60,0.10921501,0.11724137931034483,0.10135135135135136
59,bing,False,GaussianNoise,alexnet,40/60,vgg,bing,50/50,0.0890411,0.08904109589041095,0.08904109589041095
60,bing,False,GaussianNoise,alexnet,40/60,alexnet,google,20/80,0.15333334,0.2733333333333333,0.03333333333333333
61,bing,False,GaussianNoise,alexnet,40/60,alexnet,google,30/70,0.1,0.14,0.06
62,bing,False,GaussianNoise,alexnet,40/60,alexnet,google,40/60,0.086666666,0.12,0.05333333333333334
63,bing,False,GaussianNoise,alexnet,40/60,alexnet,google,50/50,0.093333334,0.11333333333333333,0.07333333333333333
64,bing,False,GaussianNoise,alexnet,40/60,resnet,google,20/80,0.12666667,0.24666666666666667,0.006666666666666667
65,bing,False,GaussianNoise,alexnet,40/60,resnet,google,30/70,0.09666667,0.17333333333333334,0.02
66,bing,False,GaussianNoise,alexnet,40/60,resnet,google,40/60,0.06666667,0.03333333333333333,0.1
67,bing,False,GaussianNoise,alexnet,40/60,resnet,google,50/50,0.05,0.04,0.06
68,bing,False,GaussianNoise,alexnet,40/60,vgg,google,20/80,0.20666668,0.41333333333333333,0.0
69,bing,False,GaussianNoise,alexnet,40/60,vgg,google,30/70,0.14666668,0.26,0.03333333333333333
70,bing,False,GaussianNoise,alexnet,40/60,vgg,google,40/60,0.120000005,0.16666666666666666,0.07333333333333333
71,bing,False,GaussianNoise,alexnet,40/60,vgg,google,50/50,0.10666667,0.11333333333333333,0.1
72,bing,False,GaussianNoise,alexnet,50/50,alexnet,bing,20/80,0.113970585,0.21951219512195122,0.026845637583892617
73,bing,False,GaussianNoise,alexnet,50/50,alexnet,bing,30/70,0.07394366,0.1386861313868613,0.013605442176870748
74,bing,False,GaussianNoise,alexnet,50/50,alexnet,bing,40/60,0.09090909,0.1702127659574468,0.013793103448275862
75,bing,False,GaussianNoise,alexnet,50/50,alexnet,bing,50/50,0.08450704,0.1510791366906475,0.020689655172413793
76,bing,False,GaussianNoise,alexnet,50/50,resnet,bing,20/80,0.090277776,0.16546762589928057,0.020134228187919462
77,bing,False,GaussianNoise,alexnet,50/50,resnet,bing,30/70,0.1013986,0.2028985507246377,0.006756756756756757
78,bing,False,GaussianNoise,alexnet,50/50,resnet,bing,40/60,0.06228374,0.0979020979020979,0.0273972602739726
79,bing,False,GaussianNoise,alexnet,50/50,resnet,bing,50/50,0.051724136,0.027777777777777776,0.07534246575342465
80,bing,False,GaussianNoise,alexnet,50/50,vgg,bing,20/80,0.11805556,0.20714285714285716,0.033783783783783786
81,bing,False,GaussianNoise,alexnet,50/50,vgg,bing,30/70,0.11498258,0.20863309352517986,0.02702702702702703
82,bing,False,GaussianNoise,alexnet,50/50,vgg,bing,40/60,0.105802044,0.1103448275862069,0.10135135135135136
83,bing,False,GaussianNoise,alexnet,50/50,vgg,bing,50/50,0.08561644,0.0684931506849315,0.10273972602739725
84,bing,False,GaussianNoise,alexnet,50/50,alexnet,google,20/80,0.14333333,0.26666666666666666,0.02
85,bing,False,GaussianNoise,alexnet,50/50,alexnet,google,30/70,0.093333334,0.14,0.04666666666666667
86,bing,False,GaussianNoise,alexnet,50/50,alexnet,google,40/60,0.093333334,0.12666666666666668,0.06
87,bing,False,GaussianNoise,alexnet,50/50,alexnet,google,50/50,0.09666667,0.11333333333333333,0.08
88,bing,False,GaussianNoise,alexnet,50/50,resnet,google,20/80,0.123333335,0.24,0.006666666666666667
89,bing,False,GaussianNoise,alexnet,50/50,resnet,google,30/70,0.10666667,0.2,0.013333333333333334
90,bing,False,GaussianNoise,alexnet,50/50,resnet,google,40/60,0.09666667,0.06666666666666667,0.12666666666666668
91,bing,False,GaussianNoise,alexnet,50/50,resnet,google,50/50,0.053333335,0.04666666666666667,0.06
92,bing,False,GaussianNoise,alexnet,50/50,vgg,google,20/80,0.21000001,0.4066666666666667,0.013333333333333334
93,bing,False,GaussianNoise,alexnet,50/50,vgg,google,30/70,0.14666668,0.26666666666666666,0.02666666666666667
94,bing,False,GaussianNoise,alexnet,50/50,vgg,google,40/60,0.1,0.12666666666666668,0.07333333333333333
95,bing,False,GaussianNoise,alexnet,50/50,vgg,google,50/50,0.09666667,0.08666666666666667,0.10666666666666667
96,bing,False,GaussianNoise,resnet,20/80,alexnet,bing,20/80,0.106617644,0.1951219512195122,0.03355704697986577
97,bing,False,GaussianNoise,resnet,20/80,alexnet,bing,30/70,0.08098591,0.145985401459854,0.02040816326530612
98,bing,False,GaussianNoise,resnet,20/80,alexnet,bing,40/60,0.108391605,0.19858156028368795,0.020689655172413793
99,bing,False,GaussianNoise,resnet,20/80,alexnet,bing,50/50,0.08450704,0.14388489208633093,0.027586206896551724
100,bing,False,GaussianNoise,resnet,20/80,resnet,bing,20/80,0.065972224,0.1223021582733813,0.013422818791946308
101,bing,False,GaussianNoise,resnet,20/80,resnet,bing,30/70,0.08741259,0.18115942028985507,0.0
102,bing,False,GaussianNoise,resnet,20/80,resnet,bing,40/60,0.06920415,0.1048951048951049,0.03424657534246575
103,bing,False,GaussianNoise,resnet,20/80,resnet,bing,50/50,0.037931032,0.006944444444444444,0.0684931506849315
104,bing,False,GaussianNoise,resnet,20/80,vgg,bing,20/80,0.1388889,0.2571428571428571,0.02702702702702703
105,bing,False,GaussianNoise,resnet,20/80,vgg,bing,30/70,0.1358885,0.23741007194244604,0.04054054054054054
106,bing,False,GaussianNoise,resnet,20/80,vgg,bing,40/60,0.105802044,0.11724137931034483,0.0945945945945946
107,bing,False,GaussianNoise,resnet,20/80,vgg,bing,50/50,0.09589041,0.08904109589041095,0.10273972602739725
108,bing,False,GaussianNoise,resnet,20/80,alexnet,google,20/80,0.14666668,0.28,0.013333333333333334
109,bing,False,GaussianNoise,resnet,20/80,alexnet,google,30/70,0.093333334,0.14666666666666667,0.04
110,bing,False,GaussianNoise,resnet,20/80,alexnet,google,40/60,0.086666666,0.11333333333333333,0.06
111,bing,False,GaussianNoise,resnet,20/80,alexnet,google,50/50,0.11333334,0.15333333333333332,0.07333333333333333
112,bing,False,GaussianNoise,resnet,20/80,resnet,google,20/80,0.11,0.22,0.0
113,bing,False,GaussianNoise,resnet,20/80,resnet,google,30/70,0.09,0.16,0.02
114,bing,False,GaussianNoise,resnet,20/80,resnet,google,40/60,0.07666667,0.04666666666666667,0.10666666666666667
115,bing,False,GaussianNoise,resnet,20/80,resnet,google,50/50,0.060000002,0.04666666666666667,0.07333333333333333
116,bing,False,GaussianNoise,resnet,20/80,vgg,google,20/80,0.20666668,0.41333333333333333,0.0
117,bing,False,GaussianNoise,resnet,20/80,vgg,google,30/70,0.16333334,0.29333333333333333,0.03333333333333333
118,bing,False,GaussianNoise,resnet,20/80,vgg,google,40/60,0.11333334,0.14,0.08666666666666667
119,bing,False,GaussianNoise,resnet,20/80,vgg,google,50/50,0.09,0.07333333333333333,0.10666666666666667
120,bing,False,GaussianNoise,resnet,30/70,alexnet,bing,20/80,0.10294118,0.1951219512195122,0.026845637583892617
121,bing,False,GaussianNoise,resnet,30/70,alexnet,bing,30/70,0.08098591,0.145985401459854,0.02040816326530612
122,bing,False,GaussianNoise,resnet,30/70,alexnet,bing,40/60,0.108391605,0.20567375886524822,0.013793103448275862
123,bing,False,GaussianNoise,resnet,30/70,alexnet,bing,50/50,0.09859155,0.17985611510791366,0.020689655172413793
124,bing,False,GaussianNoise,resnet,30/70,resnet,bing,20/80,0.055555556,0.11510791366906475,0.0
125,bing,False,GaussianNoise,resnet,30/70,resnet,bing,30/70,0.073426574,0.14492753623188406,0.006756756756756757
126,bing,False,GaussianNoise,resnet,30/70,resnet,bing,40/60,0.051903117,0.08391608391608392,0.02054794520547945
127,bing,False,GaussianNoise,resnet,30/70,resnet,bing,50/50,0.04137931,0.020833333333333332,0.06164383561643835
128,bing,False,GaussianNoise,resnet,30/70,vgg,bing,20/80,0.121527776,0.22142857142857142,0.02702702702702703
129,bing,False,GaussianNoise,resnet,30/70,vgg,bing,30/70,0.11149826,0.2014388489208633,0.02702702702702703
130,bing,False,GaussianNoise,resnet,30/70,vgg,bing,40/60,0.12286689,0.13793103448275862,0.10810810810810811
131,bing,False,GaussianNoise,resnet,30/70,vgg,bing,50/50,0.10616438,0.08904109589041095,0.1232876712328767
132,bing,False,GaussianNoise,resnet,30/70,alexnet,google,20/80,0.14,0.26,0.02
133,bing,False,GaussianNoise,resnet,30/70,alexnet,google,30/70,0.08,0.12,0.04
134,bing,False,GaussianNoise,resnet,30/70,alexnet,google,40/60,0.07666667,0.10666666666666667,0.04666666666666667
135,bing,False,GaussianNoise,resnet,30/70,alexnet,google,50/50,0.093333334,0.12666666666666668,0.06
136,bing,False,GaussianNoise,resnet,30/70,resnet,google,20/80,0.10333334,0.20666666666666667,0.0
137,bing,False,GaussianNoise,resnet,30/70,resnet,google,30/70,0.093333334,0.16,0.02666666666666667
138,bing,False,GaussianNoise,resnet,30/70,resnet,google,40/60,0.08,0.04666666666666667,0.11333333333333333
139,bing,False,GaussianNoise,resnet,30/70,resnet,google,50/50,0.060000002,0.05333333333333334,0.06666666666666667
140,bing,False,GaussianNoise,resnet,30/70,vgg,google,20/80,0.20333333,0.3933333333333333,0.013333333333333334
141,bing,False,GaussianNoise,resnet,30/70,vgg,google,30/70,0.14,0.26,0.02
142,bing,False,GaussianNoise,resnet,30/70,vgg,google,40/60,0.11666667,0.15333333333333332,0.08
143,bing,False,GaussianNoise,resnet,30/70,vgg,google,50/50,0.11333334,0.1,0.12666666666666668
144,bing,False,GaussianNoise,resnet,40/60,alexnet,bing,20/80,0.10294118,0.1951219512195122,0.026845637583892617
145,bing,False,GaussianNoise,resnet,40/60,alexnet,bing,30/70,0.06338028,0.10948905109489052,0.02040816326530612
146,bing,False,GaussianNoise,resnet,40/60,alexnet,bing,40/60,0.0979021,0.18439716312056736,0.013793103448275862
147,bing,False,GaussianNoise,resnet,40/60,alexnet,bing,50/50,0.08450704,0.14388489208633093,0.027586206896551724
148,bing,False,GaussianNoise,resnet,40/60,resnet,bing,20/80,0.065972224,0.1223021582733813,0.013422818791946308
149,bing,False,GaussianNoise,resnet,40/60,resnet,bing,30/70,0.08391608,0.17391304347826086,0.0
150,bing,False,GaussianNoise,resnet,40/60,resnet,bing,40/60,0.06228374,0.11188811188811189,0.0136986301369863
151,bing,False,GaussianNoise,resnet,40/60,resnet,bing,50/50,0.044827588,0.034722222222222224,0.0547945205479452
152,bing,False,GaussianNoise,resnet,40/60,vgg,bing,20/80,0.12847222,0.22142857142857142,0.04054054054054054
153,bing,False,GaussianNoise,resnet,40/60,vgg,bing,30/70,0.1184669,0.20863309352517986,0.033783783783783786
154,bing,False,GaussianNoise,resnet,40/60,vgg,bing,40/60,0.098976105,0.09655172413793103,0.10135135135135136
155,bing,False,GaussianNoise,resnet,40/60,vgg,bing,50/50,0.07191781,0.04794520547945205,0.0958904109589041
156,bing,False,GaussianNoise,resnet,40/60,alexnet,google,20/80,0.13000001,0.24,0.02
157,bing,False,GaussianNoise,resnet,40/60,alexnet,google,30/70,0.09666667,0.12,0.07333333333333333
158,bing,False,GaussianNoise,resnet,40/60,alexnet,google,40/60,0.086666666,0.12,0.05333333333333334
159,bing,False,GaussianNoise,resnet,40/60,alexnet,google,50/50,0.08,0.09333333333333334,0.06666666666666667
160,bing,False,GaussianNoise,resnet,40/60,resnet,google,20/80,0.120000005,0.23333333333333334,0.006666666666666667
161,bing,False,GaussianNoise,resnet,40/60,resnet,google,30/70,0.10666667,0.2,0.013333333333333334
162,bing,False,GaussianNoise,resnet,40/60,resnet,google,40/60,0.08,0.06,0.1
163,bing,False,GaussianNoise,resnet,40/60,resnet,google,50/50,0.05666667,0.04666666666666667,0.06666666666666667
164,bing,False,GaussianNoise,resnet,40/60,vgg,google,20/80,0.21333334,0.41333333333333333,0.013333333333333334
165,bing,False,GaussianNoise,resnet,40/60,vgg,google,30/70,0.14666668,0.25333333333333335,0.04
166,bing,False,GaussianNoise,resnet,40/60,vgg,google,40/60,0.10666667,0.13333333333333333,0.08
167,bing,False,GaussianNoise,resnet,40/60,vgg,google,50/50,0.093333334,0.06666666666666667,0.12
168,bing,False,GaussianNoise,resnet,50/50,alexnet,bing,20/80,0.113970585,0.2032520325203252,0.040268456375838924
169,bing,False,GaussianNoise,resnet,50/50,alexnet,bing,30/70,0.08802817,0.145985401459854,0.034013605442176874
170,bing,False,GaussianNoise,resnet,50/50,alexnet,bing,40/60,0.0979021,0.1773049645390071,0.020689655172413793
171,bing,False,GaussianNoise,resnet,50/50,alexnet,bing,50/50,0.08802817,0.14388489208633093,0.034482758620689655
172,bing,False,GaussianNoise,resnet,50/50,resnet,bing,20/80,0.06944445,0.12949640287769784,0.013422818791946308
173,bing,False,GaussianNoise,resnet,50/50,resnet,bing,30/70,0.08741259,0.18115942028985507,0.0
174,bing,False,GaussianNoise,resnet,50/50,resnet,bing,40/60,0.06228374,0.09090909090909091,0.03424657534246575
175,bing,False,GaussianNoise,resnet,50/50,resnet,bing,50/50,0.037931032,0.020833333333333332,0.0547945205479452
176,bing,False,GaussianNoise,resnet,50/50,vgg,bing,20/80,0.13194445,0.2357142857142857,0.033783783783783786
177,bing,False,GaussianNoise,resnet,50/50,vgg,bing,30/70,0.11498258,0.19424460431654678,0.04054054054054054
178,bing,False,GaussianNoise,resnet,50/50,vgg,bing,40/60,0.095563136,0.0896551724137931,0.10135135135135136
179,bing,False,GaussianNoise,resnet,50/50,vgg,bing,50/50,0.07534246,0.0410958904109589,0.1095890410958904
180,bing,False,GaussianNoise,resnet,50/50,alexnet,google,20/80,0.15333334,0.28,0.02666666666666667
181,bing,False,GaussianNoise,resnet,50/50,alexnet,google,30/70,0.11,0.17333333333333334,0.04666666666666667
182,bing,False,GaussianNoise,resnet,50/50,alexnet,google,40/60,0.093333334,0.12666666666666668,0.06
183,bing,False,GaussianNoise,resnet,50/50,alexnet,google,50/50,0.10666667,0.14,0.07333333333333333
184,bing,False,GaussianNoise,resnet,50/50,resnet,google,20/80,0.12666667,0.25333333333333335,0.0
185,bing,False,GaussianNoise,resnet,50/50,resnet,google,30/70,0.07333334,0.14,0.006666666666666667
186,bing,False,GaussianNoise,resnet,50/50,resnet,google,40/60,0.086666666,0.04,0.13333333333333333
187,bing,False,GaussianNoise,resnet,50/50,resnet,google,50/50,0.05666667,0.05333333333333334,0.06
188,bing,False,GaussianNoise,resnet,50/50,vgg,google,20/80,0.2,0.3933333333333333,0.006666666666666667
189,bing,False,GaussianNoise,resnet,50/50,vgg,google,30/70,0.14333333,0.25333333333333335,0.03333333333333333
190,bing,False,GaussianNoise,resnet,50/50,vgg,google,40/60,0.086666666,0.11333333333333333,0.06
191,bing,False,GaussianNoise,resnet,50/50,vgg,google,50/50,0.09666667,0.06666666666666667,0.12666666666666668
192,bing,False,GaussianNoise,vgg,20/80,alexnet,bing,20/80,0.12132353,0.21138211382113822,0.04697986577181208
193,bing,False,GaussianNoise,vgg,20/80,alexnet,bing,30/70,0.08098591,0.13138686131386862,0.034013605442176874
194,bing,False,GaussianNoise,vgg,20/80,alexnet,bing,40/60,0.09440559,0.1702127659574468,0.020689655172413793
195,bing,False,GaussianNoise,vgg,20/80,alexnet,bing,50/50,0.07746479,0.12949640287769784,0.027586206896551724
196,bing,False,GaussianNoise,vgg,20/80,resnet,bing,20/80,0.065972224,0.12949640287769784,0.006711409395973154
197,bing,False,GaussianNoise,vgg,20/80,resnet,bing,30/70,0.08741259,0.18115942028985507,0.0
198,bing,False,GaussianNoise,vgg,20/80,resnet,bing,40/60,0.051903117,0.08391608391608392,0.02054794520547945
199,bing,False,GaussianNoise,vgg,20/80,resnet,bing,50/50,0.044827588,0.034722222222222224,0.0547945205479452
200,bing,False,GaussianNoise,vgg,20/80,vgg,bing,20/80,0.13194445,0.2357142857142857,0.033783783783783786
201,bing,False,GaussianNoise,vgg,20/80,vgg,bing,30/70,0.12543555,0.2158273381294964,0.04054054054054054
202,bing,False,GaussianNoise,vgg,20/80,vgg,bing,40/60,0.11604095,0.1310344827586207,0.10135135135135136
203,bing,False,GaussianNoise,vgg,20/80,vgg,bing,50/50,0.08219178,0.07534246575342465,0.08904109589041095
204,bing,False,GaussianNoise,vgg,20/80,alexnet,google,20/80,0.13333334,0.23333333333333334,0.03333333333333333
205,bing,False,GaussianNoise,vgg,20/80,alexnet,google,30/70,0.086666666,0.11333333333333333,0.06
206,bing,False,GaussianNoise,vgg,20/80,alexnet,google,40/60,0.09,0.11333333333333333,0.06666666666666667
207,bing,False,GaussianNoise,vgg,20/80,alexnet,google,50/50,0.093333334,0.11333333333333333,0.07333333333333333
208,bing,False,GaussianNoise,vgg,20/80,resnet,google,20/80,0.1,0.2,0.0
209,bing,False,GaussianNoise,vgg,20/80,resnet,google,30/70,0.08,0.15333333333333332,0.006666666666666667
210,bing,False,GaussianNoise,vgg,20/80,resnet,google,40/60,0.093333334,0.06,0.12666666666666668
211,bing,False,GaussianNoise,vgg,20/80,resnet,google,50/50,0.06666667,0.07333333333333333,0.06
212,bing,False,GaussianNoise,vgg,20/80,vgg,google,20/80,0.2,0.3933333333333333,0.006666666666666667
213,bing,False,GaussianNoise,vgg,20/80,vgg,google,30/70,0.16,0.28,0.04
214,bing,False,GaussianNoise,vgg,20/80,vgg,google,40/60,0.11333334,0.15333333333333332,0.07333333333333333
215,bing,False,GaussianNoise,vgg,20/80,vgg,google,50/50,0.10333334,0.1,0.10666666666666667
216,bing,False,GaussianNoise,vgg,30/70,alexnet,bing,20/80,0.11029412,0.2032520325203252,0.03355704697986577
217,bing,False,GaussianNoise,vgg,30/70,alexnet,bing,30/70,0.07746479,0.13138686131386862,0.027210884353741496
218,bing,False,GaussianNoise,vgg,30/70,alexnet,bing,40/60,0.09440559,0.18439716312056736,0.006896551724137931
219,bing,False,GaussianNoise,vgg,30/70,alexnet,bing,50/50,0.08450704,0.1510791366906475,0.020689655172413793
220,bing,False,GaussianNoise,vgg,30/70,resnet,bing,20/80,0.072916664,0.12949640287769784,0.020134228187919462
221,bing,False,GaussianNoise,vgg,30/70,resnet,bing,30/70,0.09440559,0.18840579710144928,0.006756756756756757
222,bing,False,GaussianNoise,vgg,30/70,resnet,bing,40/60,0.05882353,0.09090909090909091,0.0273972602739726
223,bing,False,GaussianNoise,vgg,30/70,resnet,bing,50/50,0.044827588,0.034722222222222224,0.0547945205479452
224,bing,False,GaussianNoise,vgg,30/70,vgg,bing,20/80,0.12847222,0.24285714285714285,0.02027027027027027
225,bing,False,GaussianNoise,vgg,30/70,vgg,bing,30/70,0.11149826,0.20863309352517986,0.02027027027027027
226,bing,False,GaussianNoise,vgg,30/70,vgg,bing,40/60,0.105802044,0.1103448275862069,0.10135135135135136
227,bing,False,GaussianNoise,vgg,30/70,vgg,bing,50/50,0.08561644,0.0547945205479452,0.11643835616438356
228,bing,False,GaussianNoise,vgg,30/70,alexnet,google,20/80,0.15,0.26666666666666666,0.03333333333333333
229,bing,False,GaussianNoise,vgg,30/70,alexnet,google,30/70,0.086666666,0.13333333333333333,0.04
230,bing,False,GaussianNoise,vgg,30/70,alexnet,google,40/60,0.093333334,0.12666666666666668,0.06
231,bing,False,GaussianNoise,vgg,30/70,alexnet,google,50/50,0.08,0.10666666666666667,0.05333333333333334
232,bing,False,GaussianNoise,vgg,30/70,resnet,google,20/80,0.10333334,0.20666666666666667,0.0
233,bing,False,GaussianNoise,vgg,30/70,resnet,google,30/70,0.086666666,0.16666666666666666,0.006666666666666667
234,bing,False,GaussianNoise,vgg,30/70,resnet,google,40/60,0.07666667,0.03333333333333333,0.12
235,bing,False,GaussianNoise,vgg,30/70,resnet,google,50/50,0.05666667,0.05333333333333334,0.06
236,bing,False,GaussianNoise,vgg,30/70,vgg,google,20/80,0.21333334,0.41333333333333333,0.013333333333333334
237,bing,False,GaussianNoise,vgg,30/70,vgg,google,30/70,0.15333334,0.2866666666666667,0.02
238,bing,False,GaussianNoise,vgg,30/70,vgg,google,40/60,0.1,0.12,0.08
239,bing,False,GaussianNoise,vgg,30/70,vgg,google,50/50,0.086666666,0.06666666666666667,0.10666666666666667
240,bing,False,GaussianNoise,vgg,40/60,alexnet,bing,20/80,0.11029412,0.21138211382113822,0.026845637583892617
241,bing,False,GaussianNoise,vgg,40/60,alexnet,bing,30/70,0.07394366,0.12408759124087591,0.027210884353741496
242,bing,False,GaussianNoise,vgg,40/60,alexnet,bing,40/60,0.1013986,0.19148936170212766,0.013793103448275862
243,bing,False,GaussianNoise,vgg,40/60,alexnet,bing,50/50,0.07042253,0.1223021582733813,0.020689655172413793
244,bing,False,GaussianNoise,vgg,40/60,resnet,bing,20/80,0.08680556,0.16546762589928057,0.013422818791946308
245,bing,False,GaussianNoise,vgg,40/60,resnet,bing,30/70,0.0979021,0.1956521739130435,0.006756756756756757
246,bing,False,GaussianNoise,vgg,40/60,resnet,bing,40/60,0.07958478,0.13286713286713286,0.0273972602739726
247,bing,False,GaussianNoise,vgg,40/60,resnet,bing,50/50,0.03448276,0.027777777777777776,0.0410958904109589
248,bing,False,GaussianNoise,vgg,40/60,vgg,bing,20/80,0.11805556,0.21428571428571427,0.02702702702702703
249,bing,False,GaussianNoise,vgg,40/60,vgg,bing,30/70,0.1184669,0.2014388489208633,0.04054054054054054
250,bing,False,GaussianNoise,vgg,40/60,vgg,bing,40/60,0.095563136,0.10344827586206896,0.08783783783783784
251,bing,False,GaussianNoise,vgg,40/60,vgg,bing,50/50,0.0890411,0.0821917808219178,0.0958904109589041
252,bing,False,GaussianNoise,vgg,40/60,alexnet,google,20/80,0.14666668,0.26,0.03333333333333333
253,bing,False,GaussianNoise,vgg,40/60,alexnet,google,30/70,0.083333336,0.11333333333333333,0.05333333333333334
254,bing,False,GaussianNoise,vgg,40/60,alexnet,google,40/60,0.07666667,0.1,0.05333333333333334
255,bing,False,GaussianNoise,vgg,40/60,alexnet,google,50/50,0.093333334,0.12,0.06666666666666667
256,bing,False,GaussianNoise,vgg,40/60,resnet,google,20/80,0.120000005,0.23333333333333334,0.006666666666666667
257,bing,False,GaussianNoise,vgg,40/60,resnet,google,30/70,0.083333336,0.15333333333333332,0.013333333333333334
258,bing,False,GaussianNoise,vgg,40/60,resnet,google,40/60,0.086666666,0.04666666666666667,0.12666666666666668
259,bing,False,GaussianNoise,vgg,40/60,resnet,google,50/50,0.06333333,0.06,0.06666666666666667
260,bing,False,GaussianNoise,vgg,40/60,vgg,google,20/80,0.21000001,0.4066666666666667,0.013333333333333334
261,bing,False,GaussianNoise,vgg,40/60,vgg,google,30/70,0.14,0.24666666666666667,0.03333333333333333
262,bing,False,GaussianNoise,vgg,40/60,vgg,google,40/60,0.1,0.12666666666666668,0.07333333333333333
263,bing,False,GaussianNoise,vgg,40/60,vgg,google,50/50,0.10333334,0.08666666666666667,0.12
264,bing,False,GaussianNoise,vgg,50/50,alexnet,bing,20/80,0.106617644,0.18699186991869918,0.040268456375838924
265,bing,False,GaussianNoise,vgg,50/50,alexnet,bing,30/70,0.07042253,0.11678832116788321,0.027210884353741496
266,bing,False,GaussianNoise,vgg,50/50,alexnet,bing,40/60,0.11188811,0.20567375886524822,0.020689655172413793
267,bing,False,GaussianNoise,vgg,50/50,alexnet,bing,50/50,0.09507042,0.16546762589928057,0.027586206896551724
268,bing,False,GaussianNoise,vgg,50/50,resnet,bing,20/80,0.06944445,0.12949640287769784,0.013422818791946308
269,bing,False,GaussianNoise,vgg,50/50,resnet,bing,30/70,0.09440559,0.18840579710144928,0.006756756756756757
270,bing,False,GaussianNoise,vgg,50/50,resnet,bing,40/60,0.06228374,0.0979020979020979,0.0273972602739726
271,bing,False,GaussianNoise,vgg,50/50,resnet,bing,50/50,0.04137931,0.027777777777777776,0.0547945205479452
272,bing,False,GaussianNoise,vgg,50/50,vgg,bing,20/80,0.12847222,0.2357142857142857,0.02702702702702703
273,bing,False,GaussianNoise,vgg,50/50,vgg,bing,30/70,0.11498258,0.2014388489208633,0.033783783783783786
274,bing,False,GaussianNoise,vgg,50/50,vgg,bing,40/60,0.095563136,0.10344827586206896,0.08783783783783784
275,bing,False,GaussianNoise,vgg,50/50,vgg,bing,50/50,0.09589041,0.0821917808219178,0.1095890410958904
276,bing,False,GaussianNoise,vgg,50/50,alexnet,google,20/80,0.18,0.32666666666666666,0.03333333333333333
277,bing,False,GaussianNoise,vgg,50/50,alexnet,google,30/70,0.1,0.15333333333333332,0.04666666666666667
278,bing,False,GaussianNoise,vgg,50/50,alexnet,google,40/60,0.086666666,0.12,0.05333333333333334
279,bing,False,GaussianNoise,vgg,50/50,alexnet,google,50/50,0.11333334,0.14,0.08666666666666667
280,bing,False,GaussianNoise,vgg,50/50,resnet,google,20/80,0.11333334,0.22666666666666666,0.0
281,bing,False,GaussianNoise,vgg,50/50,resnet,google,30/70,0.086666666,0.16,0.013333333333333334
282,bing,False,GaussianNoise,vgg,50/50,resnet,google,40/60,0.083333336,0.05333333333333334,0.11333333333333333
283,bing,False,GaussianNoise,vgg,50/50,resnet,google,50/50,0.060000002,0.06,0.06
284,bing,False,GaussianNoise,vgg,50/50,vgg,google,20/80,0.20333333,0.4,0.006666666666666667
285,bing,False,GaussianNoise,vgg,50/50,vgg,google,30/70,0.14333333,0.26666666666666666,0.02
286,bing,False,GaussianNoise,vgg,50/50,vgg,google,40/60,0.093333334,0.12,0.06666666666666667
287,bing,False,GaussianNoise,vgg,50/50,vgg,google,50/50,0.10333334,0.08666666666666667,0.12
288,google,False,GaussianNoise,alexnet,20/80,alexnet,bing,20/80,0.13000001,0.22666666666666666,0.03333333333333333
289,google,False,GaussianNoise,alexnet,20/80,alexnet,bing,30/70,0.11,0.14666666666666667,0.07333333333333333
290,google,False,GaussianNoise,alexnet,20/80,alexnet,bing,40/60,0.093333334,0.12,0.06666666666666667
291,google,False,GaussianNoise,alexnet,20/80,alexnet,bing,50/50,0.09666667,0.14,0.05333333333333334
292,google,False,GaussianNoise,alexnet,20/80,resnet,bing,20/80,0.05666667,0.1,0.013333333333333334
293,google,False,GaussianNoise,alexnet,20/80,resnet,bing,30/70,0.06666667,0.1,0.03333333333333333
294,google,False,GaussianNoise,alexnet,20/80,resnet,bing,40/60,0.033333335,0.05333333333333334,0.013333333333333334
295,google,False,GaussianNoise,alexnet,20/80,resnet,bing,50/50,0.03666667,0.03333333333333333,0.04
296,google,False,GaussianNoise,alexnet,20/80,vgg,bing,20/80,0.06666667,0.09333333333333334,0.04
297,google,False,GaussianNoise,alexnet,20/80,vgg,bing,30/70,0.07333334,0.08666666666666667,0.06
298,google,False,GaussianNoise,alexnet,20/80,vgg,bing,40/60,0.07333334,0.02666666666666667,0.12
299,google,False,GaussianNoise,alexnet,20/80,vgg,bing,50/50,0.093333334,0.02666666666666667,0.16
300,google,False,GaussianNoise,alexnet,20/80,alexnet,google,20/80,0.09352518,0.16546762589928057,0.02158273381294964
301,google,False,GaussianNoise,alexnet,20/80,alexnet,google,30/70,0.06338028,0.07042253521126761,0.056338028169014086
302,google,False,GaussianNoise,alexnet,20/80,alexnet,google,40/60,0.053191487,0.05673758865248227,0.04964539007092199
303,google,False,GaussianNoise,alexnet,20/80,alexnet,google,50/50,0.04676259,0.05755395683453238,0.03597122302158273
304,google,False,GaussianNoise,alexnet,20/80,resnet,google,20/80,0.048611112,0.09722222222222222,0.0
305,google,False,GaussianNoise,alexnet,20/80,resnet,google,30/70,0.037931032,0.06896551724137931,0.006896551724137931
306,google,False,GaussianNoise,alexnet,20/80,resnet,google,40/60,0.05821918,0.0273972602739726,0.08904109589041095
307,google,False,GaussianNoise,alexnet,20/80,resnet,google,50/50,0.020547945,0.0136986301369863,0.0273972602739726
308,google,False,GaussianNoise,alexnet,20/80,vgg,google,20/80,0.10616438,0.2054794520547945,0.00684931506849315
309,google,False,GaussianNoise,alexnet,20/80,vgg,google,30/70,0.054421768,0.07482993197278912,0.034013605442176874
310,google,False,GaussianNoise,alexnet,20/80,vgg,google,40/60,0.06418919,0.04054054054054054,0.08783783783783784
311,google,False,GaussianNoise,alexnet,20/80,vgg,google,50/50,0.08445946,0.02027027027027027,0.14864864864864866
312,google,False,GaussianNoise,alexnet,30/70,alexnet,bing,20/80,0.12666667,0.22,0.03333333333333333
313,google,False,GaussianNoise,alexnet,30/70,alexnet,bing,30/70,0.086666666,0.12666666666666668,0.04666666666666667
314,google,False,GaussianNoise,alexnet,30/70,alexnet,bing,40/60,0.093333334,0.12,0.06666666666666667
315,google,False,GaussianNoise,alexnet,30/70,alexnet,bing,50/50,0.08,0.12,0.04
316,google,False,GaussianNoise,alexnet,30/70,resnet,bing,20/80,0.053333335,0.08,0.02666666666666667
317,google,False,GaussianNoise,alexnet,30/70,resnet,bing,30/70,0.053333335,0.08,0.02666666666666667
318,google,False,GaussianNoise,alexnet,30/70,resnet,bing,40/60,0.04,0.04666666666666667,0.03333333333333333
319,google,False,GaussianNoise,alexnet,30/70,resnet,bing,50/50,0.030000001,0.013333333333333334,0.04666666666666667
320,google,False,GaussianNoise,alexnet,30/70,vgg,bing,20/80,0.07666667,0.10666666666666667,0.04666666666666667
321,google,False,GaussianNoise,alexnet,30/70,vgg,bing,30/70,0.07,0.08666666666666667,0.05333333333333334
322,google,False,GaussianNoise,alexnet,30/70,vgg,bing,40/60,0.086666666,0.03333333333333333,0.14
323,google,False,GaussianNoise,alexnet,30/70,vgg,bing,50/50,0.1,0.03333333333333333,0.16666666666666666
324,google,False,GaussianNoise,alexnet,30/70,alexnet,google,20/80,0.08273382,0.15827338129496402,0.007194244604316547
325,google,False,GaussianNoise,alexnet,30/70,alexnet,google,30/70,0.0528169,0.056338028169014086,0.04929577464788732
326,google,False,GaussianNoise,alexnet,30/70,alexnet,google,40/60,0.049645387,0.05673758865248227,0.0425531914893617
327,google,False,GaussianNoise,alexnet,30/70,alexnet,google,50/50,0.05755396,0.06474820143884892,0.050359712230215826
328,google,False,GaussianNoise,alexnet,30/70,resnet,google,20/80,0.045138888,0.09027777777777778,0.0
329,google,False,GaussianNoise,alexnet,30/70,resnet,google,30/70,0.03448276,0.05517241379310345,0.013793103448275862
330,google,False,GaussianNoise,alexnet,30/70,resnet,google,40/60,0.05479452,0.0410958904109589,0.0684931506849315
331,google,False,GaussianNoise,alexnet,30/70,resnet,google,50/50,0.020547945,0.0136986301369863,0.0273972602739726
332,google,False,GaussianNoise,alexnet,30/70,vgg,google,20/80,0.10273972,0.19863013698630136,0.00684931506849315
333,google,False,GaussianNoise,alexnet,30/70,vgg,google,30/70,0.07482993,0.10884353741496598,0.04081632653061224
334,google,False,GaussianNoise,alexnet,30/70,vgg,google,40/60,0.057432435,0.02027027027027027,0.0945945945945946
335,google,False,GaussianNoise,alexnet,30/70,vgg,google,50/50,0.08783784,0.02027027027027027,0.1554054054054054
336,google,False,GaussianNoise,alexnet,40/60,alexnet,bing,20/80,0.13333334,0.22666666666666666,0.04
337,google,False,GaussianNoise,alexnet,40/60,alexnet,bing,30/70,0.09666667,0.14,0.05333333333333334
338,google,False,GaussianNoise,alexnet,40/60,alexnet,bing,40/60,0.1,0.13333333333333333,0.06666666666666667
339,google,False,GaussianNoise,alexnet,40/60,alexnet,bing,50/50,0.10666667,0.14,0.07333333333333333
340,google,False,GaussianNoise,alexnet,40/60,resnet,bing,20/80,0.06333333,0.10666666666666667,0.02
341,google,False,GaussianNoise,alexnet,40/60,resnet,bing,30/70,0.07333334,0.12,0.02666666666666667
342,google,False,GaussianNoise,alexnet,40/60,resnet,bing,40/60,0.046666667,0.06666666666666667,0.02666666666666667
343,google,False,GaussianNoise,alexnet,40/60,resnet,bing,50/50,0.04,0.02666666666666667,0.05333333333333334
344,google,False,GaussianNoise,alexnet,40/60,vgg,bing,20/80,0.086666666,0.13333333333333333,0.04
345,google,False,GaussianNoise,alexnet,40/60,vgg,bing,30/70,0.093333334,0.12,0.06666666666666667
346,google,False,GaussianNoise,alexnet,40/60,vgg,bing,40/60,0.07666667,0.04666666666666667,0.10666666666666667
347,google,False,GaussianNoise,alexnet,40/60,vgg,bing,50/50,0.086666666,0.02666666666666667,0.14666666666666667
348,google,False,GaussianNoise,alexnet,40/60,alexnet,google,20/80,0.097122304,0.16546762589928057,0.02877697841726619
349,google,False,GaussianNoise,alexnet,40/60,alexnet,google,30/70,0.07042253,0.09154929577464789,0.04929577464788732
350,google,False,GaussianNoise,alexnet,40/60,alexnet,google,40/60,0.04609929,0.03546099290780142,0.05673758865248227
351,google,False,GaussianNoise,alexnet,40/60,alexnet,google,50/50,0.05755396,0.06474820143884892,0.050359712230215826
352,google,False,GaussianNoise,alexnet,40/60,resnet,google,20/80,0.0625,0.125,0.0
353,google,False,GaussianNoise,alexnet,40/60,resnet,google,30/70,0.044827588,0.08275862068965517,0.006896551724137931
354,google,False,GaussianNoise,alexnet,40/60,resnet,google,40/60,0.05136986,0.0410958904109589,0.06164383561643835
355,google,False,GaussianNoise,alexnet,40/60,resnet,google,50/50,0.03767123,0.03424657534246575,0.0410958904109589
356,google,False,GaussianNoise,alexnet,40/60,vgg,google,20/80,0.09589041,0.1917808219178082,0.0
357,google,False,GaussianNoise,alexnet,40/60,vgg,google,30/70,0.07823129,0.11564625850340136,0.04081632653061224
358,google,False,GaussianNoise,alexnet,40/60,vgg,google,40/60,0.07094595,0.05405405405405406,0.08783783783783784
359,google,False,GaussianNoise,alexnet,40/60,vgg,google,50/50,0.0777027,0.02702702702702703,0.12837837837837837
360,google,False,GaussianNoise,alexnet,50/50,alexnet,bing,20/80,0.13333334,0.23333333333333334,0.03333333333333333
361,google,False,GaussianNoise,alexnet,50/50,alexnet,bing,30/70,0.1,0.14666666666666667,0.05333333333333334
362,google,False,GaussianNoise,alexnet,50/50,alexnet,bing,40/60,0.083333336,0.12,0.04666666666666667
363,google,False,GaussianNoise,alexnet,50/50,alexnet,bing,50/50,0.1,0.14666666666666667,0.05333333333333334
364,google,False,GaussianNoise,alexnet,50/50,resnet,bing,20/80,0.06333333,0.09333333333333334,0.03333333333333333
365,google,False,GaussianNoise,alexnet,50/50,resnet,bing,30/70,0.06333333,0.10666666666666667,0.02
366,google,False,GaussianNoise,alexnet,50/50,resnet,bing,40/60,0.043333333,0.05333333333333334,0.03333333333333333
367,google,False,GaussianNoise,alexnet,50/50,resnet,bing,50/50,0.046666667,0.02,0.07333333333333333
368,google,False,GaussianNoise,alexnet,50/50,vgg,bing,20/80,0.07666667,0.12666666666666668,0.02666666666666667
369,google,False,GaussianNoise,alexnet,50/50,vgg,bing,30/70,0.07666667,0.11333333333333333,0.04
370,google,False,GaussianNoise,alexnet,50/50,vgg,bing,40/60,0.086666666,0.07333333333333333,0.1
371,google,False,GaussianNoise,alexnet,50/50,vgg,bing,50/50,0.10333334,0.04,0.16666666666666666
372,google,False,GaussianNoise,alexnet,50/50,alexnet,google,20/80,0.09352518,0.16546762589928057,0.02158273381294964
373,google,False,GaussianNoise,alexnet,50/50,alexnet,google,30/70,0.06690141,0.09154929577464789,0.04225352112676056
374,google,False,GaussianNoise,alexnet,50/50,alexnet,google,40/60,0.053191487,0.04964539007092199,0.05673758865248227
375,google,False,GaussianNoise,alexnet,50/50,alexnet,google,50/50,0.05755396,0.05755395683453238,0.05755395683453238
376,google,False,GaussianNoise,alexnet,50/50,resnet,google,20/80,0.05902778,0.1111111111111111,0.006944444444444444
377,google,False,GaussianNoise,alexnet,50/50,resnet,google,30/70,0.037931032,0.07586206896551724,0.0
378,google,False,GaussianNoise,alexnet,50/50,resnet,google,40/60,0.04452055,0.0273972602739726,0.06164383561643835
379,google,False,GaussianNoise,alexnet,50/50,resnet,google,50/50,0.02739726,0.0136986301369863,0.0410958904109589
