,source_dataset,isMath,attack,source_model,source_balancing,target_model,target_dataset,target_balancing,asr,asr_0,asr_1
0,bing,True,Square,alexnet,20/80,alexnet,bing,20/80,0.2783883,0.6129032258064516,0.0
1,bing,True,Square,alexnet,20/80,alexnet,bing,30/70,0.15302491,0.3037037037037037,0.0136986301369863
2,bing,True,Square,alexnet,20/80,alexnet,bing,40/60,0.1754386,0.3006993006993007,0.04929577464788732
3,bing,True,Square,alexnet,20/80,alexnet,bing,50/50,0.12587413,0.22695035460992907,0.027586206896551724
4,bing,True,Square,alexnet,20/80,resnet,bing,20/80,0.11034483,0.22695035460992907,0.0
5,bing,True,Square,alexnet,20/80,resnet,bing,30/70,0.08741259,0.17391304347826086,0.006756756756756757
6,bing,True,Square,alexnet,20/80,resnet,bing,40/60,0.038062286,0.055944055944055944,0.02054794520547945
7,bing,True,Square,alexnet,20/80,resnet,bing,50/50,0.024137931,0.013888888888888888,0.03424657534246575
8,bing,True,Square,alexnet,20/80,vgg,bing,20/80,0.12847222,0.2571428571428571,0.006756756756756757
9,bing,True,Square,alexnet,20/80,vgg,bing,30/70,0.080139376,0.1366906474820144,0.02702702702702703
10,bing,True,Square,alexnet,20/80,vgg,bing,40/60,0.061433446,0.06896551724137931,0.05405405405405406
11,bing,True,Square,alexnet,20/80,vgg,bing,50/50,0.05821918,0.03424657534246575,0.0821917808219178
12,bing,True,Square,alexnet,20/80,alexnet,google,20/80,0.23333333,0.44,0.02666666666666667
13,bing,True,Square,alexnet,20/80,alexnet,google,30/70,0.14,0.22,0.06
14,bing,True,Square,alexnet,20/80,alexnet,google,40/60,0.15333334,0.24,0.06666666666666667
15,bing,True,Square,alexnet,20/80,alexnet,google,50/50,0.123333335,0.15333333333333332,0.09333333333333334
16,bing,True,Square,alexnet,20/80,resnet,google,20/80,0.17333333,0.34,0.006666666666666667
17,bing,True,Square,alexnet,20/80,resnet,google,30/70,0.09,0.16,0.02
18,bing,True,Square,alexnet,20/80,resnet,google,40/60,0.060000002,0.04,0.08
19,bing,True,Square,alexnet,20/80,resnet,google,50/50,0.03666667,0.02,0.05333333333333334
20,bing,True,Square,alexnet,20/80,vgg,google,20/80,0.123333335,0.23333333333333334,0.013333333333333334
21,bing,True,Square,alexnet,20/80,vgg,google,30/70,0.06666667,0.08666666666666667,0.04666666666666667
22,bing,True,Square,alexnet,20/80,vgg,google,40/60,0.06333333,0.05333333333333334,0.07333333333333333
23,bing,True,Square,alexnet,20/80,vgg,google,50/50,0.07,0.02666666666666667,0.11333333333333333
24,bing,True,Square,alexnet,30/70,alexnet,bing,20/80,0.45054945,0.9919354838709677,0.0
25,bing,True,Square,alexnet,30/70,alexnet,bing,30/70,0.40569395,0.8222222222222222,0.02054794520547945
26,bing,True,Square,alexnet,30/70,alexnet,bing,40/60,0.45964915,0.9090909090909091,0.007042253521126761
27,bing,True,Square,alexnet,30/70,alexnet,bing,50/50,0.31118882,0.41843971631205673,0.20689655172413793
28,bing,True,Square,alexnet,30/70,resnet,bing,20/80,0.28965518,0.5957446808510638,0.0
29,bing,True,Square,alexnet,30/70,resnet,bing,30/70,0.22377622,0.4057971014492754,0.05405405405405406
30,bing,True,Square,alexnet,30/70,resnet,bing,40/60,0.18685122,0.3356643356643357,0.0410958904109589
31,bing,True,Square,alexnet,30/70,resnet,bing,50/50,0.1,0.09722222222222222,0.10273972602739725
32,bing,True,Square,alexnet,30/70,vgg,bing,20/80,0.3402778,0.6928571428571428,0.006756756756756757
33,bing,True,Square,alexnet,30/70,vgg,bing,30/70,0.271777,0.302158273381295,0.24324324324324326
34,bing,True,Square,alexnet,30/70,vgg,bing,40/60,0.20819113,0.2,0.21621621621621623
35,bing,True,Square,alexnet,30/70,vgg,bing,50/50,0.19520548,0.10273972602739725,0.2876712328767123
36,bing,True,Square,alexnet,30/70,alexnet,google,20/80,0.44,0.86,0.02
37,bing,True,Square,alexnet,30/70,alexnet,google,30/70,0.35666668,0.64,0.07333333333333333
38,bing,True,Square,alexnet,30/70,alexnet,google,40/60,0.42666668,0.7866666666666666,0.06666666666666667
39,bing,True,Square,alexnet,30/70,alexnet,google,50/50,0.27666667,0.4066666666666667,0.14666666666666667
40,bing,True,Square,alexnet,30/70,resnet,google,20/80,0.40333334,0.8,0.006666666666666667
41,bing,True,Square,alexnet,30/70,resnet,google,30/70,0.19666667,0.36,0.03333333333333333
42,bing,True,Square,alexnet,30/70,resnet,google,40/60,0.14333333,0.12666666666666668,0.16
43,bing,True,Square,alexnet,30/70,resnet,google,50/50,0.09666667,0.06666666666666667,0.12666666666666668
44,bing,True,Square,alexnet,30/70,vgg,google,20/80,0.29333335,0.58,0.006666666666666667
45,bing,True,Square,alexnet,30/70,vgg,google,30/70,0.18,0.14666666666666667,0.21333333333333335
46,bing,True,Square,alexnet,30/70,vgg,google,40/60,0.21000001,0.1,0.32
47,bing,True,Square,alexnet,30/70,vgg,google,50/50,0.19666667,0.04666666666666667,0.3466666666666667
48,bing,True,Square,alexnet,40/60,alexnet,bing,20/80,0.45421246,1.0,0.0
49,bing,True,Square,alexnet,40/60,alexnet,bing,30/70,0.4128114,0.8222222222222222,0.03424657534246575
50,bing,True,Square,alexnet,40/60,alexnet,bing,40/60,0.4877193,0.965034965034965,0.007042253521126761
51,bing,True,Square,alexnet,40/60,alexnet,bing,50/50,0.26223776,0.36879432624113473,0.15862068965517243
52,bing,True,Square,alexnet,40/60,resnet,bing,20/80,0.30689654,0.6312056737588653,0.0
53,bing,True,Square,alexnet,40/60,resnet,bing,30/70,0.24475524,0.4782608695652174,0.02702702702702703
54,bing,True,Square,alexnet,40/60,resnet,bing,40/60,0.25951558,0.46853146853146854,0.0547945205479452
55,bing,True,Square,alexnet,40/60,resnet,bing,50/50,0.096551724,0.1111111111111111,0.0821917808219178
56,bing,True,Square,alexnet,40/60,vgg,bing,20/80,0.3576389,0.7285714285714285,0.006756756756756757
57,bing,True,Square,alexnet,40/60,vgg,bing,30/70,0.21602787,0.2446043165467626,0.1891891891891892
58,bing,True,Square,alexnet,40/60,vgg,bing,40/60,0.1672355,0.16551724137931034,0.16891891891891891
59,bing,True,Square,alexnet,40/60,vgg,bing,50/50,0.14383562,0.06164383561643835,0.22602739726027396
60,bing,True,Square,alexnet,40/60,alexnet,google,20/80,0.48666668,0.9466666666666667,0.02666666666666667
61,bing,True,Square,alexnet,40/60,alexnet,google,30/70,0.39333335,0.7066666666666667,0.08
62,bing,True,Square,alexnet,40/60,alexnet,google,40/60,0.44333336,0.8333333333333334,0.05333333333333334
63,bing,True,Square,alexnet,40/60,alexnet,google,50/50,0.30333334,0.47333333333333333,0.13333333333333333
64,bing,True,Square,alexnet,40/60,resnet,google,20/80,0.43666667,0.8666666666666667,0.006666666666666667
65,bing,True,Square,alexnet,40/60,resnet,google,30/70,0.23,0.43333333333333335,0.02666666666666667
66,bing,True,Square,alexnet,40/60,resnet,google,40/60,0.120000005,0.12,0.12
67,bing,True,Square,alexnet,40/60,resnet,google,50/50,0.05666667,0.02666666666666667,0.08666666666666667
68,bing,True,Square,alexnet,40/60,vgg,google,20/80,0.31666666,0.6266666666666667,0.006666666666666667
69,bing,True,Square,alexnet,40/60,vgg,google,30/70,0.15666667,0.14666666666666667,0.16666666666666666
70,bing,True,Square,alexnet,40/60,vgg,google,40/60,0.17333333,0.11333333333333333,0.23333333333333334
71,bing,True,Square,alexnet,40/60,vgg,google,50/50,0.15666667,0.04666666666666667,0.26666666666666666
72,bing,True,Square,alexnet,50/50,alexnet,bing,20/80,0.45421246,1.0,0.0
73,bing,True,Square,alexnet,50/50,alexnet,bing,30/70,0.38434163,0.7703703703703704,0.0273972602739726
74,bing,True,Square,alexnet,50/50,alexnet,bing,40/60,0.44561404,0.8741258741258742,0.014084507042253521
75,bing,True,Square,alexnet,50/50,alexnet,bing,50/50,0.43706292,0.6595744680851063,0.2206896551724138
76,bing,True,Square,alexnet,50/50,resnet,bing,20/80,0.2,0.41134751773049644,0.0
77,bing,True,Square,alexnet,50/50,resnet,bing,30/70,0.22377622,0.42028985507246375,0.04054054054054054
78,bing,True,Square,alexnet,50/50,resnet,bing,40/60,0.21107267,0.3776223776223776,0.04794520547945205
79,bing,True,Square,alexnet,50/50,resnet,bing,50/50,0.08275862,0.0625,0.10273972602739725
80,bing,True,Square,alexnet,50/50,vgg,bing,20/80,0.23958333,0.4857142857142857,0.006756756756756757
81,bing,True,Square,alexnet,50/50,vgg,bing,30/70,0.24041812,0.2302158273381295,0.25
82,bing,True,Square,alexnet,50/50,vgg,bing,40/60,0.18771331,0.14482758620689656,0.22972972972972974
83,bing,True,Square,alexnet,50/50,vgg,bing,50/50,0.21917808,0.0821917808219178,0.3561643835616438
84,bing,True,Square,alexnet,50/50,alexnet,google,20/80,0.43333334,0.8533333333333334,0.013333333333333334
85,bing,True,Square,alexnet,50/50,alexnet,google,30/70,0.32666668,0.5733333333333334,0.08
86,bing,True,Square,alexnet,50/50,alexnet,google,40/60,0.41,0.7466666666666667,0.07333333333333333
87,bing,True,Square,alexnet,50/50,alexnet,google,50/50,0.26333335,0.38666666666666666,0.14
88,bing,True,Square,alexnet,50/50,resnet,google,20/80,0.32666668,0.6466666666666666,0.006666666666666667
89,bing,True,Square,alexnet,50/50,resnet,google,30/70,0.18333334,0.34,0.02666666666666667
90,bing,True,Square,alexnet,50/50,resnet,google,40/60,0.15,0.16,0.14
91,bing,True,Square,alexnet,50/50,resnet,google,50/50,0.07666667,0.04,0.11333333333333333
92,bing,True,Square,alexnet,50/50,vgg,google,20/80,0.17666668,0.34,0.013333333333333334
93,bing,True,Square,alexnet,50/50,vgg,google,30/70,0.2,0.16666666666666666,0.23333333333333334
94,bing,True,Square,alexnet,50/50,vgg,google,40/60,0.21000001,0.06666666666666667,0.35333333333333333
95,bing,True,Square,alexnet,50/50,vgg,google,50/50,0.21333334,0.04666666666666667,0.38
96,bing,True,Square,resnet,20/80,alexnet,bing,20/80,0.15018316,0.33064516129032256,0.0
97,bing,True,Square,resnet,20/80,alexnet,bing,30/70,0.0569395,0.08888888888888889,0.0273972602739726
98,bing,True,Square,resnet,20/80,alexnet,bing,40/60,0.08421053,0.1258741258741259,0.04225352112676056
99,bing,True,Square,resnet,20/80,alexnet,bing,50/50,0.055944055,0.07092198581560284,0.041379310344827586
100,bing,True,Square,resnet,20/80,resnet,bing,20/80,0.15517241,0.3120567375886525,0.006711409395973154
101,bing,True,Square,resnet,20/80,resnet,bing,30/70,0.16433567,0.3115942028985507,0.02702702702702703
102,bing,True,Square,resnet,20/80,resnet,bing,40/60,0.072664365,0.1048951048951049,0.0410958904109589
103,bing,True,Square,resnet,20/80,resnet,bing,50/50,0.048275862,0.027777777777777776,0.0684931506849315
104,bing,True,Square,resnet,20/80,vgg,bing,20/80,0.10069445,0.18571428571428572,0.02027027027027027
105,bing,True,Square,resnet,20/80,vgg,bing,30/70,0.09059233,0.1366906474820144,0.0472972972972973
106,bing,True,Square,resnet,20/80,vgg,bing,40/60,0.06484641,0.05517241379310345,0.07432432432432433
107,bing,True,Square,resnet,20/80,vgg,bing,50/50,0.06506849,0.0136986301369863,0.11643835616438356
108,bing,True,Square,resnet,20/80,alexnet,google,20/80,0.16333334,0.29333333333333333,0.03333333333333333
109,bing,True,Square,resnet,20/80,alexnet,google,30/70,0.1,0.11333333333333333,0.08666666666666667
110,bing,True,Square,resnet,20/80,alexnet,google,40/60,0.120000005,0.14666666666666667,0.09333333333333334
111,bing,True,Square,resnet,20/80,alexnet,google,50/50,0.093333334,0.08666666666666667,0.1
112,bing,True,Square,resnet,20/80,resnet,google,20/80,0.19666667,0.3933333333333333,0.0
113,bing,True,Square,resnet,20/80,resnet,google,30/70,0.120000005,0.22,0.02
114,bing,True,Square,resnet,20/80,resnet,google,40/60,0.06333333,0.04,0.08666666666666667
115,bing,True,Square,resnet,20/80,resnet,google,50/50,0.05666667,0.03333333333333333,0.08
116,bing,True,Square,resnet,20/80,vgg,google,20/80,0.07333334,0.14,0.006666666666666667
117,bing,True,Square,resnet,20/80,vgg,google,30/70,0.083333336,0.10666666666666667,0.06
118,bing,True,Square,resnet,20/80,vgg,google,40/60,0.07,0.04,0.1
119,bing,True,Square,resnet,20/80,vgg,google,50/50,0.086666666,0.02666666666666667,0.14666666666666667
120,bing,True,Square,resnet,30/70,alexnet,bing,20/80,0.0952381,0.18548387096774194,0.020134228187919462
121,bing,True,Square,resnet,30/70,alexnet,bing,30/70,0.049822062,0.05925925925925926,0.0410958904109589
122,bing,True,Square,resnet,30/70,alexnet,bing,40/60,0.06666667,0.07692307692307693,0.056338028169014086
123,bing,True,Square,resnet,30/70,alexnet,bing,50/50,0.066433564,0.04964539007092199,0.08275862068965517
124,bing,True,Square,resnet,30/70,resnet,bing,20/80,0.072413795,0.12056737588652482,0.026845637583892617
125,bing,True,Square,resnet,30/70,resnet,bing,30/70,0.11188811,0.17391304347826086,0.05405405405405406
126,bing,True,Square,resnet,30/70,resnet,bing,40/60,0.072664365,0.055944055944055944,0.08904109589041095
127,bing,True,Square,resnet,30/70,resnet,bing,50/50,0.08275862,0.006944444444444444,0.15753424657534246
128,bing,True,Square,resnet,30/70,vgg,bing,20/80,0.0625,0.11428571428571428,0.013513513513513514
129,bing,True,Square,resnet,30/70,vgg,bing,30/70,0.06620209,0.08633093525179857,0.0472972972972973
130,bing,True,Square,resnet,30/70,vgg,bing,40/60,0.06484641,0.027586206896551724,0.10135135135135136
131,bing,True,Square,resnet,30/70,vgg,bing,50/50,0.09246575,0.00684931506849315,0.1780821917808219
132,bing,True,Square,resnet,30/70,alexnet,google,20/80,0.12666667,0.19333333333333333,0.06
133,bing,True,Square,resnet,30/70,alexnet,google,30/70,0.11666667,0.12,0.11333333333333333
134,bing,True,Square,resnet,30/70,alexnet,google,40/60,0.1,0.10666666666666667,0.09333333333333334
135,bing,True,Square,resnet,30/70,alexnet,google,50/50,0.10333334,0.07333333333333333,0.13333333333333333
136,bing,True,Square,resnet,30/70,resnet,google,20/80,0.13666667,0.26666666666666666,0.006666666666666667
137,bing,True,Square,resnet,30/70,resnet,google,30/70,0.086666666,0.14,0.03333333333333333
138,bing,True,Square,resnet,30/70,resnet,google,40/60,0.07333334,0.03333333333333333,0.11333333333333333
139,bing,True,Square,resnet,30/70,resnet,google,50/50,0.060000002,0.02666666666666667,0.09333333333333334
140,bing,True,Square,resnet,30/70,vgg,google,20/80,0.060000002,0.10666666666666667,0.013333333333333334
141,bing,True,Square,resnet,30/70,vgg,google,30/70,0.086666666,0.09333333333333334,0.08
142,bing,True,Square,resnet,30/70,vgg,google,40/60,0.09,0.04666666666666667,0.13333333333333333
143,bing,True,Square,resnet,30/70,vgg,google,50/50,0.10666667,0.02666666666666667,0.18666666666666668
144,bing,True,Square,resnet,40/60,alexnet,bing,20/80,0.17948718,0.3951612903225806,0.0
145,bing,True,Square,resnet,40/60,alexnet,bing,30/70,0.071174376,0.14074074074074075,0.00684931506849315
146,bing,True,Square,resnet,40/60,alexnet,bing,40/60,0.077192985,0.13986013986013987,0.014084507042253521
147,bing,True,Square,resnet,40/60,alexnet,bing,50/50,0.08741259,0.14893617021276595,0.027586206896551724
148,bing,True,Square,resnet,40/60,resnet,bing,20/80,0.17586207,0.3617021276595745,0.0
149,bing,True,Square,resnet,40/60,resnet,bing,30/70,0.2097902,0.43478260869565216,0.0
150,bing,True,Square,resnet,40/60,resnet,bing,40/60,0.17301038,0.32867132867132864,0.02054794520547945
151,bing,True,Square,resnet,40/60,resnet,bing,50/50,0.0862069,0.125,0.04794520547945205
152,bing,True,Square,resnet,40/60,vgg,bing,20/80,0.104166664,0.20714285714285716,0.006756756756756757
153,bing,True,Square,resnet,40/60,vgg,bing,30/70,0.087108016,0.14388489208633093,0.033783783783783786
154,bing,True,Square,resnet,40/60,vgg,bing,40/60,0.07167235,0.0896551724137931,0.05405405405405406
155,bing,True,Square,resnet,40/60,vgg,bing,50/50,0.05479452,0.02054794520547945,0.08904109589041095
156,bing,True,Square,resnet,40/60,alexnet,google,20/80,0.19,0.36,0.02
157,bing,True,Square,resnet,40/60,alexnet,google,30/70,0.10666667,0.16,0.05333333333333334
158,bing,True,Square,resnet,40/60,alexnet,google,40/60,0.123333335,0.18,0.06666666666666667
159,bing,True,Square,resnet,40/60,alexnet,google,50/50,0.10666667,0.12,0.09333333333333334
160,bing,True,Square,resnet,40/60,resnet,google,20/80,0.28333333,0.56,0.006666666666666667
161,bing,True,Square,resnet,40/60,resnet,google,30/70,0.18666667,0.36666666666666664,0.006666666666666667
162,bing,True,Square,resnet,40/60,resnet,google,40/60,0.120000005,0.18,0.06
163,bing,True,Square,resnet,40/60,resnet,google,50/50,0.06666667,0.07333333333333333,0.06
164,bing,True,Square,resnet,40/60,vgg,google,20/80,0.09,0.17333333333333334,0.006666666666666667
165,bing,True,Square,resnet,40/60,vgg,google,30/70,0.07,0.1,0.04
166,bing,True,Square,resnet,40/60,vgg,google,40/60,0.05666667,0.04666666666666667,0.06666666666666667
167,bing,True,Square,resnet,40/60,vgg,google,50/50,0.08,0.03333333333333333,0.12666666666666668
168,bing,True,Square,resnet,50/50,alexnet,bing,20/80,0.15384616,0.33064516129032256,0.006711409395973154
169,bing,True,Square,resnet,50/50,alexnet,bing,30/70,0.0569395,0.1037037037037037,0.0136986301369863
170,bing,True,Square,resnet,50/50,alexnet,bing,40/60,0.091228075,0.15384615384615385,0.028169014084507043
171,bing,True,Square,resnet,50/50,alexnet,bing,50/50,0.108391605,0.16312056737588654,0.05517241379310345
172,bing,True,Square,resnet,50/50,resnet,bing,20/80,0.17586207,0.3475177304964539,0.013422818791946308
173,bing,True,Square,resnet,50/50,resnet,bing,30/70,0.21328671,0.42028985507246375,0.02027027027027027
174,bing,True,Square,resnet,50/50,resnet,bing,40/60,0.13148789,0.22377622377622378,0.0410958904109589
175,bing,True,Square,resnet,50/50,resnet,bing,50/50,0.07931034,0.1111111111111111,0.04794520547945205
176,bing,True,Square,resnet,50/50,vgg,bing,20/80,0.08680556,0.16428571428571428,0.013513513513513514
177,bing,True,Square,resnet,50/50,vgg,bing,30/70,0.09059233,0.1510791366906475,0.033783783783783786
178,bing,True,Square,resnet,50/50,vgg,bing,40/60,0.06484641,0.05517241379310345,0.07432432432432433
179,bing,True,Square,resnet,50/50,vgg,bing,50/50,0.061643835,0.02054794520547945,0.10273972602739725
180,bing,True,Square,resnet,50/50,alexnet,google,20/80,0.19,0.34,0.04
181,bing,True,Square,resnet,50/50,alexnet,google,30/70,0.11333334,0.16,0.06666666666666667
182,bing,True,Square,resnet,50/50,alexnet,google,40/60,0.123333335,0.18,0.06666666666666667
183,bing,True,Square,resnet,50/50,alexnet,google,50/50,0.11333334,0.13333333333333333,0.09333333333333334
184,bing,True,Square,resnet,50/50,resnet,google,20/80,0.25,0.5,0.0
185,bing,True,Square,resnet,50/50,resnet,google,30/70,0.16666667,0.32666666666666666,0.006666666666666667
186,bing,True,Square,resnet,50/50,resnet,google,40/60,0.093333334,0.11333333333333333,0.07333333333333333
187,bing,True,Square,resnet,50/50,resnet,google,50/50,0.053333335,0.06666666666666667,0.04
188,bing,True,Square,resnet,50/50,vgg,google,20/80,0.086666666,0.16666666666666666,0.006666666666666667
189,bing,True,Square,resnet,50/50,vgg,google,30/70,0.07333334,0.1,0.04666666666666667
190,bing,True,Square,resnet,50/50,vgg,google,40/60,0.07,0.04666666666666667,0.09333333333333334
191,bing,True,Square,resnet,50/50,vgg,google,50/50,0.08,0.02666666666666667,0.13333333333333333
192,bing,True,Square,vgg,20/80,alexnet,bing,20/80,0.13553114,0.2903225806451613,0.006711409395973154
193,bing,True,Square,vgg,20/80,alexnet,bing,30/70,0.09608541,0.1259259259259259,0.0684931506849315
194,bing,True,Square,vgg,20/80,alexnet,bing,40/60,0.09824561,0.13986013986013987,0.056338028169014086
195,bing,True,Square,vgg,20/80,alexnet,bing,50/50,0.062937066,0.06382978723404255,0.06206896551724138
196,bing,True,Square,vgg,20/80,resnet,bing,20/80,0.12413793,0.22695035460992907,0.026845637583892617
197,bing,True,Square,vgg,20/80,resnet,bing,30/70,0.07692307,0.12318840579710146,0.033783783783783786
198,bing,True,Square,vgg,20/80,resnet,bing,40/60,0.055363324,0.055944055944055944,0.0547945205479452
199,bing,True,Square,vgg,20/80,resnet,bing,50/50,0.06551724,0.027777777777777776,0.10273972602739725
200,bing,True,Square,vgg,20/80,vgg,bing,20/80,0.1701389,0.32857142857142857,0.02027027027027027
201,bing,True,Square,vgg,20/80,vgg,bing,30/70,0.094076656,0.1366906474820144,0.05405405405405406
202,bing,True,Square,vgg,20/80,vgg,bing,40/60,0.098976105,0.09655172413793103,0.10135135135135136
203,bing,True,Square,vgg,20/80,vgg,bing,50/50,0.08561644,0.0410958904109589,0.13013698630136986
204,bing,True,Square,vgg,20/80,alexnet,google,20/80,0.123333335,0.22,0.02666666666666667
205,bing,True,Square,vgg,20/80,alexnet,google,30/70,0.13000001,0.12666666666666668,0.13333333333333333
206,bing,True,Square,vgg,20/80,alexnet,google,40/60,0.11333334,0.12666666666666668,0.1
207,bing,True,Square,vgg,20/80,alexnet,google,50/50,0.10333334,0.05333333333333334,0.15333333333333332
208,bing,True,Square,vgg,20/80,resnet,google,20/80,0.14333333,0.2733333333333333,0.013333333333333334
209,bing,True,Square,vgg,20/80,resnet,google,30/70,0.07333334,0.12666666666666668,0.02
210,bing,True,Square,vgg,20/80,resnet,google,40/60,0.06666667,0.04,0.09333333333333334
211,bing,True,Square,vgg,20/80,resnet,google,50/50,0.060000002,0.04666666666666667,0.07333333333333333
212,bing,True,Square,vgg,20/80,vgg,google,20/80,0.16666667,0.31333333333333335,0.02
213,bing,True,Square,vgg,20/80,vgg,google,30/70,0.120000005,0.14666666666666667,0.09333333333333334
214,bing,True,Square,vgg,20/80,vgg,google,40/60,0.1,0.07333333333333333,0.12666666666666668
215,bing,True,Square,vgg,20/80,vgg,google,50/50,0.1,0.02666666666666667,0.17333333333333334
216,bing,True,Square,vgg,30/70,alexnet,bing,20/80,0.0989011,0.21774193548387097,0.0
217,bing,True,Square,vgg,30/70,alexnet,bing,30/70,0.06761566,0.0962962962962963,0.0410958904109589
218,bing,True,Square,vgg,30/70,alexnet,bing,40/60,0.08070175,0.11188811188811189,0.04929577464788732
219,bing,True,Square,vgg,30/70,alexnet,bing,50/50,0.062937066,0.06382978723404255,0.06206896551724138
220,bing,True,Square,vgg,30/70,resnet,bing,20/80,0.1,0.19858156028368795,0.006711409395973154
221,bing,True,Square,vgg,30/70,resnet,bing,30/70,0.06993007,0.12318840579710146,0.02027027027027027
222,bing,True,Square,vgg,30/70,resnet,bing,40/60,0.06920415,0.07692307692307693,0.06164383561643835
223,bing,True,Square,vgg,30/70,resnet,bing,50/50,0.051724136,0.027777777777777776,0.07534246575342465
224,bing,True,Square,vgg,30/70,vgg,bing,20/80,0.16666667,0.32857142857142857,0.013513513513513514
225,bing,True,Square,vgg,30/70,vgg,bing,30/70,0.1184669,0.17985611510791366,0.060810810810810814
226,bing,True,Square,vgg,30/70,vgg,bing,40/60,0.0887372,0.08275862068965517,0.0945945945945946
227,bing,True,Square,vgg,30/70,vgg,bing,50/50,0.10273972,0.0410958904109589,0.1643835616438356
228,bing,True,Square,vgg,30/70,alexnet,google,20/80,0.13333334,0.23333333333333334,0.03333333333333333
229,bing,True,Square,vgg,30/70,alexnet,google,30/70,0.10666667,0.11333333333333333,0.1
230,bing,True,Square,vgg,30/70,alexnet,google,40/60,0.1,0.12,0.08
231,bing,True,Square,vgg,30/70,alexnet,google,50/50,0.10333334,0.08666666666666667,0.12
232,bing,True,Square,vgg,30/70,resnet,google,20/80,0.14,0.2733333333333333,0.006666666666666667
233,bing,True,Square,vgg,30/70,resnet,google,30/70,0.06333333,0.10666666666666667,0.02
234,bing,True,Square,vgg,30/70,resnet,google,40/60,0.09,0.04666666666666667,0.13333333333333333
235,bing,True,Square,vgg,30/70,resnet,google,50/50,0.046666667,0.02666666666666667,0.06666666666666667
236,bing,True,Square,vgg,30/70,vgg,google,20/80,0.12666667,0.24666666666666667,0.006666666666666667
237,bing,True,Square,vgg,30/70,vgg,google,30/70,0.10333334,0.13333333333333333,0.07333333333333333
238,bing,True,Square,vgg,30/70,vgg,google,40/60,0.093333334,0.06666666666666667,0.12
239,bing,True,Square,vgg,30/70,vgg,google,50/50,0.11666667,0.04,0.19333333333333333
240,bing,True,Square,vgg,40/60,alexnet,bing,20/80,0.13553114,0.29838709677419356,0.0
241,bing,True,Square,vgg,40/60,alexnet,bing,30/70,0.085409254,0.15555555555555556,0.02054794520547945
242,bing,True,Square,vgg,40/60,alexnet,bing,40/60,0.094736844,0.16083916083916083,0.028169014084507043
243,bing,True,Square,vgg,40/60,alexnet,bing,50/50,0.05944056,0.07801418439716312,0.041379310344827586
244,bing,True,Square,vgg,40/60,resnet,bing,20/80,0.11034483,0.2198581560283688,0.006711409395973154
245,bing,True,Square,vgg,40/60,resnet,bing,30/70,0.09090909,0.18115942028985507,0.006756756756756757
246,bing,True,Square,vgg,40/60,resnet,bing,40/60,0.06228374,0.1048951048951049,0.02054794520547945
247,bing,True,Square,vgg,40/60,resnet,bing,50/50,0.024137931,0.013888888888888888,0.03424657534246575
248,bing,True,Square,vgg,40/60,vgg,bing,20/80,0.21527778,0.4357142857142857,0.006756756756756757
249,bing,True,Square,vgg,40/60,vgg,bing,30/70,0.14285715,0.2805755395683453,0.013513513513513514
250,bing,True,Square,vgg,40/60,vgg,bing,40/60,0.09215017,0.15172413793103448,0.033783783783783786
251,bing,True,Square,vgg,40/60,vgg,bing,50/50,0.05479452,0.0273972602739726,0.0821917808219178
252,bing,True,Square,vgg,40/60,alexnet,google,20/80,0.14333333,0.26,0.02666666666666667
253,bing,True,Square,vgg,40/60,alexnet,google,30/70,0.1,0.13333333333333333,0.06666666666666667
254,bing,True,Square,vgg,40/60,alexnet,google,40/60,0.11,0.14,0.08
255,bing,True,Square,vgg,40/60,alexnet,google,50/50,0.08,0.07333333333333333,0.08666666666666667
256,bing,True,Square,vgg,40/60,resnet,google,20/80,0.14666668,0.2866666666666667,0.006666666666666667
257,bing,True,Square,vgg,40/60,resnet,google,30/70,0.07666667,0.14,0.013333333333333334
258,bing,True,Square,vgg,40/60,resnet,google,40/60,0.06333333,0.05333333333333334,0.07333333333333333
259,bing,True,Square,vgg,40/60,resnet,google,50/50,0.046666667,0.04666666666666667,0.04666666666666667
260,bing,True,Square,vgg,40/60,vgg,google,20/80,0.17,0.3333333333333333,0.006666666666666667
261,bing,True,Square,vgg,40/60,vgg,google,30/70,0.08,0.12666666666666668,0.03333333333333333
262,bing,True,Square,vgg,40/60,vgg,google,40/60,0.07333334,0.08,0.06666666666666667
263,bing,True,Square,vgg,40/60,vgg,google,50/50,0.08,0.03333333333333333,0.12666666666666668
264,bing,True,Square,vgg,50/50,alexnet,bing,20/80,0.16849817,0.3709677419354839,0.0
265,bing,True,Square,vgg,50/50,alexnet,bing,30/70,0.06049822,0.11851851851851852,0.00684931506849315
266,bing,True,Square,vgg,50/50,alexnet,bing,40/60,0.091228075,0.15384615384615385,0.028169014084507043
267,bing,True,Square,vgg,50/50,alexnet,bing,50/50,0.08041958,0.1276595744680851,0.034482758620689655
268,bing,True,Square,vgg,50/50,resnet,bing,20/80,0.10344827,0.20567375886524822,0.006711409395973154
269,bing,True,Square,vgg,50/50,resnet,bing,30/70,0.11188811,0.2246376811594203,0.006756756756756757
270,bing,True,Square,vgg,50/50,resnet,bing,40/60,0.048442908,0.06293706293706294,0.03424657534246575
271,bing,True,Square,vgg,50/50,resnet,bing,50/50,0.027586207,0.013888888888888888,0.0410958904109589
272,bing,True,Square,vgg,50/50,vgg,bing,20/80,0.19097222,0.38571428571428573,0.006756756756756757
273,bing,True,Square,vgg,50/50,vgg,bing,30/70,0.13937283,0.2805755395683453,0.006756756756756757
274,bing,True,Square,vgg,50/50,vgg,bing,40/60,0.0887372,0.14482758620689656,0.033783783783783786
275,bing,True,Square,vgg,50/50,vgg,bing,50/50,0.05821918,0.0547945205479452,0.06164383561643835
276,bing,True,Square,vgg,50/50,alexnet,google,20/80,0.18,0.32666666666666666,0.03333333333333333
277,bing,True,Square,vgg,50/50,alexnet,google,30/70,0.10333334,0.14,0.06666666666666667
278,bing,True,Square,vgg,50/50,alexnet,google,40/60,0.120000005,0.17333333333333334,0.06666666666666667
279,bing,True,Square,vgg,50/50,alexnet,google,50/50,0.10666667,0.12666666666666668,0.08666666666666667
280,bing,True,Square,vgg,50/50,resnet,google,20/80,0.17,0.3333333333333333,0.006666666666666667
281,bing,True,Square,vgg,50/50,resnet,google,30/70,0.086666666,0.16666666666666666,0.006666666666666667
282,bing,True,Square,vgg,50/50,resnet,google,40/60,0.05666667,0.04,0.07333333333333333
283,bing,True,Square,vgg,50/50,resnet,google,50/50,0.043333333,0.03333333333333333,0.05333333333333334
284,bing,True,Square,vgg,50/50,vgg,google,20/80,0.12666667,0.24666666666666667,0.006666666666666667
285,bing,True,Square,vgg,50/50,vgg,google,30/70,0.093333334,0.15333333333333332,0.03333333333333333
286,bing,True,Square,vgg,50/50,vgg,google,40/60,0.07333334,0.09333333333333334,0.05333333333333334
287,bing,True,Square,vgg,50/50,vgg,google,50/50,0.07,0.05333333333333334,0.08666666666666667
288,google,True,Square,alexnet,20/80,alexnet,bing,20/80,0.29000002,0.5333333333333333,0.04666666666666667
289,google,True,Square,alexnet,20/80,alexnet,bing,30/70,0.20666668,0.29333333333333333,0.12
290,google,True,Square,alexnet,20/80,alexnet,bing,40/60,0.2,0.26666666666666666,0.13333333333333333
291,google,True,Square,alexnet,20/80,alexnet,bing,50/50,0.19,0.24,0.14
292,google,True,Square,alexnet,20/80,resnet,bing,20/80,0.07666667,0.14666666666666667,0.006666666666666667
293,google,True,Square,alexnet,20/80,resnet,bing,30/70,0.09,0.16,0.02
294,google,True,Square,alexnet,20/80,resnet,bing,40/60,0.06666667,0.09333333333333334,0.04
295,google,True,Square,alexnet,20/80,resnet,bing,50/50,0.053333335,0.02666666666666667,0.08
296,google,True,Square,alexnet,20/80,vgg,bing,20/80,0.08,0.14666666666666667,0.013333333333333334
297,google,True,Square,alexnet,20/80,vgg,bing,30/70,0.093333334,0.10666666666666667,0.08
298,google,True,Square,alexnet,20/80,vgg,bing,40/60,0.05666667,0.03333333333333333,0.08
299,google,True,Square,alexnet,20/80,vgg,bing,50/50,0.1,0.013333333333333334,0.18666666666666668
300,google,True,Square,alexnet,20/80,alexnet,google,20/80,0.26978418,0.5035971223021583,0.03597122302158273
301,google,True,Square,alexnet,20/80,alexnet,google,30/70,0.12587413,0.1888111888111888,0.06293706293706294
302,google,True,Square,alexnet,20/80,alexnet,google,40/60,0.13120566,0.2198581560283688,0.0425531914893617
303,google,True,Square,alexnet,20/80,alexnet,google,50/50,0.11151079,0.12949640287769784,0.09352517985611511
304,google,True,Square,alexnet,20/80,resnet,google,20/80,0.1388889,0.2777777777777778,0.0
305,google,True,Square,alexnet,20/80,resnet,google,30/70,0.072413795,0.13793103448275862,0.006896551724137931
306,google,True,Square,alexnet,20/80,resnet,google,40/60,0.05479452,0.0410958904109589,0.0684931506849315
307,google,True,Square,alexnet,20/80,resnet,google,50/50,0.034013607,0.006802721088435374,0.061224489795918366
308,google,True,Square,alexnet,20/80,vgg,google,20/80,0.047945205,0.08904109589041095,0.00684931506849315
309,google,True,Square,alexnet,20/80,vgg,google,30/70,0.034013607,0.034013605442176874,0.034013605442176874
310,google,True,Square,alexnet,20/80,vgg,google,40/60,0.040540542,0.0,0.08108108108108109
311,google,True,Square,alexnet,20/80,vgg,google,50/50,0.074324325,0.0,0.14864864864864866
312,google,True,Square,alexnet,30/70,alexnet,bing,20/80,0.30333334,0.5733333333333334,0.03333333333333333
313,google,True,Square,alexnet,30/70,alexnet,bing,30/70,0.16666667,0.26,0.07333333333333333
314,google,True,Square,alexnet,30/70,alexnet,bing,40/60,0.2,0.29333333333333333,0.10666666666666667
315,google,True,Square,alexnet,30/70,alexnet,bing,50/50,0.19666667,0.25333333333333335,0.14
316,google,True,Square,alexnet,30/70,resnet,bing,20/80,0.11666667,0.22666666666666666,0.006666666666666667
317,google,True,Square,alexnet,30/70,resnet,bing,30/70,0.10666667,0.18666666666666668,0.02666666666666667
318,google,True,Square,alexnet,30/70,resnet,bing,40/60,0.060000002,0.09333333333333334,0.02666666666666667
319,google,True,Square,alexnet,30/70,resnet,bing,50/50,0.04,0.02,0.06
320,google,True,Square,alexnet,30/70,vgg,bing,20/80,0.123333335,0.23333333333333334,0.013333333333333334
321,google,True,Square,alexnet,30/70,vgg,bing,30/70,0.086666666,0.13333333333333333,0.04
322,google,True,Square,alexnet,30/70,vgg,bing,40/60,0.06333333,0.05333333333333334,0.07333333333333333
323,google,True,Square,alexnet,30/70,vgg,bing,50/50,0.086666666,0.013333333333333334,0.16
324,google,True,Square,alexnet,30/70,alexnet,google,20/80,0.23381296,0.4244604316546763,0.04316546762589928
325,google,True,Square,alexnet,30/70,alexnet,google,30/70,0.15384614,0.24475524475524477,0.06293706293706294
326,google,True,Square,alexnet,30/70,alexnet,google,40/60,0.13829787,0.24113475177304963,0.03546099290780142
327,google,True,Square,alexnet,30/70,alexnet,google,50/50,0.13309352,0.17985611510791366,0.08633093525179857
328,google,True,Square,alexnet,30/70,resnet,google,20/80,0.18402778,0.3680555555555556,0.0
329,google,True,Square,alexnet,30/70,resnet,google,30/70,0.062068965,0.12413793103448276,0.0
330,google,True,Square,alexnet,30/70,resnet,google,40/60,0.030821918,0.0273972602739726,0.03424657534246575
331,google,True,Square,alexnet,30/70,resnet,google,50/50,0.020408163,0.006802721088435374,0.034013605442176874
332,google,True,Square,alexnet,30/70,vgg,google,20/80,0.0890411,0.17123287671232876,0.00684931506849315
333,google,True,Square,alexnet,30/70,vgg,google,30/70,0.044217687,0.061224489795918366,0.027210884353741496
334,google,True,Square,alexnet,30/70,vgg,google,40/60,0.04391892,0.006756756756756757,0.08108108108108109
335,google,True,Square,alexnet,30/70,vgg,google,50/50,0.06418919,0.0,0.12837837837837837
336,google,True,Square,alexnet,40/60,alexnet,bing,20/80,0.49333334,0.9733333333333334,0.013333333333333334
337,google,True,Square,alexnet,40/60,alexnet,bing,30/70,0.44,0.7666666666666667,0.11333333333333333
338,google,True,Square,alexnet,40/60,alexnet,bing,40/60,0.51666665,0.9333333333333333,0.1
339,google,True,Square,alexnet,40/60,alexnet,bing,50/50,0.31,0.36666666666666664,0.25333333333333335
340,google,True,Square,alexnet,40/60,resnet,bing,20/80,0.25,0.47333333333333333,0.02666666666666667
341,google,True,Square,alexnet,40/60,resnet,bing,30/70,0.25666666,0.3933333333333333,0.12
342,google,True,Square,alexnet,40/60,resnet,bing,40/60,0.23666668,0.38,0.09333333333333334
343,google,True,Square,alexnet,40/60,resnet,bing,50/50,0.10666667,0.07333333333333333,0.14
344,google,True,Square,alexnet,40/60,vgg,bing,20/80,0.31333333,0.6066666666666667,0.02
345,google,True,Square,alexnet,40/60,vgg,bing,30/70,0.22,0.21333333333333335,0.22666666666666666
346,google,True,Square,alexnet,40/60,vgg,bing,40/60,0.17,0.10666666666666667,0.23333333333333334
347,google,True,Square,alexnet,40/60,vgg,bing,50/50,0.2,0.04,0.36
348,google,True,Square,alexnet,40/60,alexnet,google,20/80,0.47482017,0.935251798561151,0.014388489208633094
349,google,True,Square,alexnet,40/60,alexnet,google,30/70,0.38111886,0.6783216783216783,0.08391608391608392
350,google,True,Square,alexnet,40/60,alexnet,google,40/60,0.46808508,0.900709219858156,0.03546099290780142
351,google,True,Square,alexnet,40/60,alexnet,google,50/50,0.24820144,0.41007194244604317,0.08633093525179857
352,google,True,Square,alexnet,40/60,resnet,google,20/80,0.39930555,0.7986111111111112,0.0
353,google,True,Square,alexnet,40/60,resnet,google,30/70,0.21724138,0.38620689655172413,0.04827586206896552
354,google,True,Square,alexnet,40/60,resnet,google,40/60,0.14383562,0.136986301369863,0.1506849315068493
355,google,True,Square,alexnet,40/60,resnet,google,50/50,0.07823129,0.04081632653061224,0.11564625850340136
356,google,True,Square,alexnet,40/60,vgg,google,20/80,0.28767124,0.5753424657534246,0.0
357,google,True,Square,alexnet,40/60,vgg,google,30/70,0.15306123,0.10884353741496598,0.19727891156462585
358,google,True,Square,alexnet,40/60,vgg,google,40/60,0.1722973,0.013513513513513514,0.3310810810810811
359,google,True,Square,alexnet,40/60,vgg,google,50/50,0.19256757,0.013513513513513514,0.3716216216216216
360,google,True,Square,alexnet,50/50,alexnet,bing,20/80,0.49666667,0.98,0.013333333333333334
361,google,True,Square,alexnet,50/50,alexnet,bing,30/70,0.41,0.7466666666666667,0.07333333333333333
362,google,True,Square,alexnet,50/50,alexnet,bing,40/60,0.52000004,0.96,0.08
363,google,True,Square,alexnet,50/50,alexnet,bing,50/50,0.39666668,0.56,0.23333333333333334
364,google,True,Square,alexnet,50/50,resnet,bing,20/80,0.29333335,0.5533333333333333,0.03333333333333333
365,google,True,Square,alexnet,50/50,resnet,bing,30/70,0.31,0.4666666666666667,0.15333333333333332
366,google,True,Square,alexnet,50/50,resnet,bing,40/60,0.27666667,0.43333333333333335,0.12
367,google,True,Square,alexnet,50/50,resnet,bing,50/50,0.11666667,0.06666666666666667,0.16666666666666666
368,google,True,Square,alexnet,50/50,vgg,bing,20/80,0.31,0.6133333333333333,0.006666666666666667
369,google,True,Square,alexnet,50/50,vgg,bing,30/70,0.26000002,0.3,0.22
370,google,True,Square,alexnet,50/50,vgg,bing,40/60,0.21333334,0.16,0.26666666666666666
371,google,True,Square,alexnet,50/50,vgg,bing,50/50,0.21666667,0.09333333333333334,0.34
372,google,True,Square,alexnet,50/50,alexnet,google,20/80,0.5,0.9784172661870504,0.02158273381294964
373,google,True,Square,alexnet,50/50,alexnet,google,30/70,0.37762237,0.6993006993006993,0.055944055944055944
374,google,True,Square,alexnet,50/50,alexnet,google,40/60,0.4503546,0.8865248226950354,0.014184397163120567
375,google,True,Square,alexnet,50/50,alexnet,google,50/50,0.33453238,0.60431654676259,0.06474820143884892
376,google,True,Square,alexnet,50/50,resnet,google,20/80,0.41666666,0.8333333333333334,0.0
377,google,True,Square,alexnet,50/50,resnet,google,30/70,0.27931035,0.4896551724137931,0.06896551724137931
378,google,True,Square,alexnet,50/50,resnet,google,40/60,0.2020548,0.22602739726027396,0.1780821917808219
379,google,True,Square,alexnet,50/50,resnet,google,50/50,0.08503401,0.04081632653061224,0.1292517006802721
380,google,True,Square,alexnet,50/50,vgg,google,20/80,0.29452056,0.589041095890411,0.0
381,google,True,Square,alexnet,50/50,vgg,google,30/70,0.19047618,0.1836734693877551,0.19727891156462585
382,google,True,Square,alexnet,50/50,vgg,google,40/60,0.2195946,0.11486486486486487,0.32432432432432434
383,google,True,Square,alexnet,50/50,vgg,google,50/50,0.22297297,0.060810810810810814,0.38513513513513514
384,google,True,Square,resnet,20/80,alexnet,bing,20/80,0.15,0.23333333333333334,0.06666666666666667
385,google,True,Square,resnet,20/80,alexnet,bing,30/70,0.120000005,0.11333333333333333,0.12666666666666668
386,google,True,Square,resnet,20/80,alexnet,bing,40/60,0.12666667,0.08666666666666667,0.16666666666666666
387,google,True,Square,resnet,20/80,alexnet,bing,50/50,0.12666667,0.08666666666666667,0.16666666666666666
388,google,True,Square,resnet,20/80,resnet,bing,20/80,0.093333334,0.1,0.08666666666666667
389,google,True,Square,resnet,20/80,resnet,bing,30/70,0.09,0.06666666666666667,0.11333333333333333
390,google,True,Square,resnet,20/80,resnet,bing,40/60,0.1,0.03333333333333333,0.16666666666666666
391,google,True,Square,resnet,20/80,resnet,bing,50/50,0.13666667,0.006666666666666667,0.26666666666666666
392,google,True,Square,resnet,20/80,vgg,bing,20/80,0.083333336,0.12,0.04666666666666667
393,google,True,Square,resnet,20/80,vgg,bing,30/70,0.07666667,0.06,0.09333333333333334
394,google,True,Square,resnet,20/80,vgg,bing,40/60,0.10333334,0.013333333333333334,0.19333333333333333
395,google,True,Square,resnet,20/80,vgg,bing,50/50,0.14,0.006666666666666667,0.2733333333333333
396,google,True,Square,resnet,20/80,alexnet,google,20/80,0.08992806,0.1223021582733813,0.05755395683453238
397,google,True,Square,resnet,20/80,alexnet,google,30/70,0.07692307,0.04195804195804196,0.11188811188811189
398,google,True,Square,resnet,20/80,alexnet,google,40/60,0.06737588,0.0425531914893617,0.09219858156028368
399,google,True,Square,resnet,20/80,alexnet,google,50/50,0.08273382,0.007194244604316547,0.15827338129496402
400,google,True,Square,resnet,20/80,resnet,google,20/80,0.121527776,0.2222222222222222,0.020833333333333332
401,google,True,Square,resnet,20/80,resnet,google,30/70,0.05862069,0.05517241379310345,0.06206896551724138
402,google,True,Square,resnet,20/80,resnet,google,40/60,0.07876712,0.00684931506849315,0.1506849315068493
403,google,True,Square,resnet,20/80,resnet,google,50/50,0.10204081,0.0,0.20408163265306123
404,google,True,Square,resnet,20/80,vgg,google,20/80,0.061643835,0.0958904109589041,0.0273972602739726
405,google,True,Square,resnet,20/80,vgg,google,30/70,0.047619045,0.027210884353741496,0.06802721088435375
406,google,True,Square,resnet,20/80,vgg,google,40/60,0.07094595,0.006756756756756757,0.13513513513513514
407,google,True,Square,resnet,20/80,vgg,google,50/50,0.11486487,0.006756756756756757,0.22297297297297297
408,google,True,Square,resnet,30/70,alexnet,bing,20/80,0.14666668,0.26666666666666666,0.02666666666666667
409,google,True,Square,resnet,30/70,alexnet,bing,30/70,0.093333334,0.08,0.10666666666666667
410,google,True,Square,resnet,30/70,alexnet,bing,40/60,0.10333334,0.08666666666666667,0.12
