,source_dataset,isMath,attack,source_model,source_balancing,target_model,target_dataset,target_balancing,asr,asr_0,asr_1
0,bing,False,SaltPepper,alexnet,20/80,alexnet,bing,20/80,0.24632353,0.5284552845528455,0.013422818791946308
1,bing,False,SaltPepper,alexnet,20/80,alexnet,bing,30/70,0.17957745,0.35766423357664234,0.013605442176870748
2,bing,False,SaltPepper,alexnet,20/80,alexnet,bing,40/60,0.21328671,0.425531914893617,0.006896551724137931
3,bing,False,SaltPepper,alexnet,20/80,alexnet,bing,50/50,0.20070422,0.39568345323741005,0.013793103448275862
4,bing,False,SaltPepper,alexnet,20/80,resnet,bing,20/80,0.19444445,0.381294964028777,0.020134228187919462
5,bing,False,SaltPepper,alexnet,20/80,resnet,bing,30/70,0.18881118,0.38405797101449274,0.006756756756756757
6,bing,False,SaltPepper,alexnet,20/80,resnet,bing,40/60,0.14186852,0.26573426573426573,0.02054794520547945
7,bing,False,SaltPepper,alexnet,20/80,resnet,bing,50/50,0.075862065,0.041666666666666664,0.1095890410958904
8,bing,False,SaltPepper,alexnet,20/80,vgg,bing,20/80,0.13541667,0.18571428571428572,0.08783783783783784
9,bing,False,SaltPepper,alexnet,20/80,vgg,bing,30/70,0.13937283,0.17266187050359713,0.10810810810810811
10,bing,False,SaltPepper,alexnet,20/80,vgg,bing,40/60,0.13651876,0.04827586206896552,0.22297297297297297
11,bing,False,SaltPepper,alexnet,20/80,vgg,bing,50/50,0.1369863,0.04794520547945205,0.22602739726027396
12,bing,False,SaltPepper,alexnet,20/80,alexnet,google,20/80,0.33333334,0.66,0.006666666666666667
13,bing,False,SaltPepper,alexnet,20/80,alexnet,google,30/70,0.29666668,0.5866666666666667,0.006666666666666667
14,bing,False,SaltPepper,alexnet,20/80,alexnet,google,40/60,0.22,0.4266666666666667,0.013333333333333334
15,bing,False,SaltPepper,alexnet,20/80,alexnet,google,50/50,0.16666667,0.25333333333333335,0.08
16,bing,False,SaltPepper,alexnet,20/80,resnet,google,20/80,0.28666666,0.5733333333333334,0.0
17,bing,False,SaltPepper,alexnet,20/80,resnet,google,30/70,0.24333334,0.48,0.006666666666666667
18,bing,False,SaltPepper,alexnet,20/80,resnet,google,40/60,0.16666667,0.32,0.013333333333333334
19,bing,False,SaltPepper,alexnet,20/80,resnet,google,50/50,0.07333334,0.06,0.08666666666666667
20,bing,False,SaltPepper,alexnet,20/80,vgg,google,20/80,0.19666667,0.37333333333333335,0.02
21,bing,False,SaltPepper,alexnet,20/80,vgg,google,30/70,0.13666667,0.20666666666666667,0.06666666666666667
22,bing,False,SaltPepper,alexnet,20/80,vgg,google,40/60,0.13000001,0.07333333333333333,0.18666666666666668
23,bing,False,SaltPepper,alexnet,20/80,vgg,google,50/50,0.15,0.04,0.26
24,bing,False,SaltPepper,alexnet,30/70,alexnet,bing,20/80,0.24264707,0.5203252032520326,0.013422818791946308
25,bing,False,SaltPepper,alexnet,30/70,alexnet,bing,30/70,0.20422535,0.40875912408759124,0.013605442176870748
26,bing,False,SaltPepper,alexnet,30/70,alexnet,bing,40/60,0.22027972,0.4326241134751773,0.013793103448275862
27,bing,False,SaltPepper,alexnet,30/70,alexnet,bing,50/50,0.20774648,0.39568345323741005,0.027586206896551724
28,bing,False,SaltPepper,alexnet,30/70,resnet,bing,20/80,0.1701389,0.3381294964028777,0.013422818791946308
29,bing,False,SaltPepper,alexnet,30/70,resnet,bing,30/70,0.18531469,0.38405797101449274,0.0
30,bing,False,SaltPepper,alexnet,30/70,resnet,bing,40/60,0.14532873,0.26573426573426573,0.0273972602739726
31,bing,False,SaltPepper,alexnet,30/70,resnet,bing,50/50,0.093103446,0.04861111111111111,0.136986301369863
32,bing,False,SaltPepper,alexnet,30/70,vgg,bing,20/80,0.14583333,0.24285714285714285,0.05405405405405406
33,bing,False,SaltPepper,alexnet,30/70,vgg,bing,30/70,0.14634146,0.2158273381294964,0.08108108108108109
34,bing,False,SaltPepper,alexnet,30/70,vgg,bing,40/60,0.1331058,0.06896551724137931,0.19594594594594594
35,bing,False,SaltPepper,alexnet,30/70,vgg,bing,50/50,0.14726028,0.0821917808219178,0.21232876712328766
36,bing,False,SaltPepper,alexnet,30/70,alexnet,google,20/80,0.33666667,0.66,0.013333333333333334
37,bing,False,SaltPepper,alexnet,30/70,alexnet,google,30/70,0.31,0.6133333333333333,0.006666666666666667
38,bing,False,SaltPepper,alexnet,30/70,alexnet,google,40/60,0.24333334,0.47333333333333333,0.013333333333333334
39,bing,False,SaltPepper,alexnet,30/70,alexnet,google,50/50,0.16666667,0.24666666666666667,0.08666666666666667
40,bing,False,SaltPepper,alexnet,30/70,resnet,google,20/80,0.30666667,0.6133333333333333,0.0
41,bing,False,SaltPepper,alexnet,30/70,resnet,google,30/70,0.23666668,0.47333333333333333,0.0
42,bing,False,SaltPepper,alexnet,30/70,resnet,google,40/60,0.17333333,0.32,0.02666666666666667
43,bing,False,SaltPepper,alexnet,30/70,resnet,google,50/50,0.08,0.06,0.1
44,bing,False,SaltPepper,alexnet,30/70,vgg,google,20/80,0.24333334,0.4533333333333333,0.03333333333333333
45,bing,False,SaltPepper,alexnet,30/70,vgg,google,30/70,0.16,0.28,0.04
46,bing,False,SaltPepper,alexnet,30/70,vgg,google,40/60,0.13000001,0.08666666666666667,0.17333333333333334
47,bing,False,SaltPepper,alexnet,30/70,vgg,google,50/50,0.16666667,0.04,0.29333333333333333
48,bing,False,SaltPepper,alexnet,40/60,alexnet,bing,20/80,0.24264707,0.5203252032520326,0.013422818791946308
49,bing,False,SaltPepper,alexnet,40/60,alexnet,bing,30/70,0.20422535,0.40875912408759124,0.013605442176870748
50,bing,False,SaltPepper,alexnet,40/60,alexnet,bing,40/60,0.22027972,0.4326241134751773,0.013793103448275862
51,bing,False,SaltPepper,alexnet,40/60,alexnet,bing,50/50,0.20774648,0.39568345323741005,0.027586206896551724
52,bing,False,SaltPepper,alexnet,40/60,resnet,bing,20/80,0.1701389,0.3381294964028777,0.013422818791946308
53,bing,False,SaltPepper,alexnet,40/60,resnet,bing,30/70,0.18531469,0.38405797101449274,0.0
54,bing,False,SaltPepper,alexnet,40/60,resnet,bing,40/60,0.14532873,0.26573426573426573,0.0273972602739726
55,bing,False,SaltPepper,alexnet,40/60,resnet,bing,50/50,0.093103446,0.04861111111111111,0.136986301369863
56,bing,False,SaltPepper,alexnet,40/60,vgg,bing,20/80,0.14583333,0.24285714285714285,0.05405405405405406
57,bing,False,SaltPepper,alexnet,40/60,vgg,bing,30/70,0.14634146,0.2158273381294964,0.08108108108108109
58,bing,False,SaltPepper,alexnet,40/60,vgg,bing,40/60,0.1331058,0.06896551724137931,0.19594594594594594
59,bing,False,SaltPepper,alexnet,40/60,vgg,bing,50/50,0.14726028,0.0821917808219178,0.21232876712328766
60,bing,False,SaltPepper,alexnet,40/60,alexnet,google,20/80,0.33666667,0.66,0.013333333333333334
61,bing,False,SaltPepper,alexnet,40/60,alexnet,google,30/70,0.31,0.6133333333333333,0.006666666666666667
62,bing,False,SaltPepper,alexnet,40/60,alexnet,google,40/60,0.24333334,0.47333333333333333,0.013333333333333334
63,bing,False,SaltPepper,alexnet,40/60,alexnet,google,50/50,0.16666667,0.24666666666666667,0.08666666666666667
64,bing,False,SaltPepper,alexnet,40/60,resnet,google,20/80,0.30666667,0.6133333333333333,0.0
65,bing,False,SaltPepper,alexnet,40/60,resnet,google,30/70,0.23666668,0.47333333333333333,0.0
66,bing,False,SaltPepper,alexnet,40/60,resnet,google,40/60,0.17333333,0.32,0.02666666666666667
67,bing,False,SaltPepper,alexnet,40/60,resnet,google,50/50,0.08,0.06,0.1
68,bing,False,SaltPepper,alexnet,40/60,vgg,google,20/80,0.24333334,0.4533333333333333,0.03333333333333333
69,bing,False,SaltPepper,alexnet,40/60,vgg,google,30/70,0.16,0.28,0.04
70,bing,False,SaltPepper,alexnet,40/60,vgg,google,40/60,0.13000001,0.08666666666666667,0.17333333333333334
71,bing,False,SaltPepper,alexnet,40/60,vgg,google,50/50,0.16666667,0.04,0.29333333333333333
72,bing,False,SaltPepper,alexnet,50/50,alexnet,bing,20/80,0.24264707,0.5203252032520326,0.013422818791946308
73,bing,False,SaltPepper,alexnet,50/50,alexnet,bing,30/70,0.20422535,0.40875912408759124,0.013605442176870748
74,bing,False,SaltPepper,alexnet,50/50,alexnet,bing,40/60,0.22027972,0.4326241134751773,0.013793103448275862
75,bing,False,SaltPepper,alexnet,50/50,alexnet,bing,50/50,0.20774648,0.39568345323741005,0.027586206896551724
76,bing,False,SaltPepper,alexnet,50/50,resnet,bing,20/80,0.1701389,0.3381294964028777,0.013422818791946308
77,bing,False,SaltPepper,alexnet,50/50,resnet,bing,30/70,0.18531469,0.38405797101449274,0.0
78,bing,False,SaltPepper,alexnet,50/50,resnet,bing,40/60,0.14532873,0.26573426573426573,0.0273972602739726
79,bing,False,SaltPepper,alexnet,50/50,resnet,bing,50/50,0.093103446,0.04861111111111111,0.136986301369863
80,bing,False,SaltPepper,alexnet,50/50,vgg,bing,20/80,0.14583333,0.24285714285714285,0.05405405405405406
81,bing,False,SaltPepper,alexnet,50/50,vgg,bing,30/70,0.14634146,0.2158273381294964,0.08108108108108109
82,bing,False,SaltPepper,alexnet,50/50,vgg,bing,40/60,0.1331058,0.06896551724137931,0.19594594594594594
83,bing,False,SaltPepper,alexnet,50/50,vgg,bing,50/50,0.14726028,0.0821917808219178,0.21232876712328766
84,bing,False,SaltPepper,alexnet,50/50,alexnet,google,20/80,0.33666667,0.66,0.013333333333333334
85,bing,False,SaltPepper,alexnet,50/50,alexnet,google,30/70,0.31,0.6133333333333333,0.006666666666666667
86,bing,False,SaltPepper,alexnet,50/50,alexnet,google,40/60,0.24333334,0.47333333333333333,0.013333333333333334
87,bing,False,SaltPepper,alexnet,50/50,alexnet,google,50/50,0.16666667,0.24666666666666667,0.08666666666666667
88,bing,False,SaltPepper,alexnet,50/50,resnet,google,20/80,0.30666667,0.6133333333333333,0.0
89,bing,False,SaltPepper,alexnet,50/50,resnet,google,30/70,0.23666668,0.47333333333333333,0.0
90,bing,False,SaltPepper,alexnet,50/50,resnet,google,40/60,0.17333333,0.32,0.02666666666666667
91,bing,False,SaltPepper,alexnet,50/50,resnet,google,50/50,0.08,0.06,0.1
92,bing,False,SaltPepper,alexnet,50/50,vgg,google,20/80,0.24333334,0.4533333333333333,0.03333333333333333
93,bing,False,SaltPepper,alexnet,50/50,vgg,google,30/70,0.16,0.28,0.04
94,bing,False,SaltPepper,alexnet,50/50,vgg,google,40/60,0.13000001,0.08666666666666667,0.17333333333333334
95,bing,False,SaltPepper,alexnet,50/50,vgg,google,50/50,0.16666667,0.04,0.29333333333333333
96,bing,False,SaltPepper,resnet,20/80,alexnet,bing,20/80,0.21323529,0.4634146341463415,0.006711409395973154
97,bing,False,SaltPepper,resnet,20/80,alexnet,bing,30/70,0.14788732,0.29927007299270075,0.006802721088435374
98,bing,False,SaltPepper,resnet,20/80,alexnet,bing,40/60,0.18181819,0.3546099290780142,0.013793103448275862
99,bing,False,SaltPepper,resnet,20/80,alexnet,bing,50/50,0.17957745,0.3597122302158273,0.006896551724137931
100,bing,False,SaltPepper,resnet,20/80,resnet,bing,20/80,0.20833333,0.41007194244604317,0.020134228187919462
101,bing,False,SaltPepper,resnet,20/80,resnet,bing,30/70,0.17132866,0.35507246376811596,0.0
102,bing,False,SaltPepper,resnet,20/80,resnet,bing,40/60,0.16262977,0.3006993006993007,0.0273972602739726
103,bing,False,SaltPepper,resnet,20/80,resnet,bing,50/50,0.072413795,0.034722222222222224,0.1095890410958904
104,bing,False,SaltPepper,resnet,20/80,vgg,bing,20/80,0.11111111,0.16428571428571428,0.060810810810810814
105,bing,False,SaltPepper,resnet,20/80,vgg,bing,30/70,0.108013935,0.1366906474820144,0.08108108108108109
106,bing,False,SaltPepper,resnet,20/80,vgg,bing,40/60,0.13651876,0.07586206896551724,0.19594594594594594
107,bing,False,SaltPepper,resnet,20/80,vgg,bing,50/50,0.11986301,0.06164383561643835,0.1780821917808219
108,bing,False,SaltPepper,resnet,20/80,alexnet,google,20/80,0.32333335,0.64,0.006666666666666667
109,bing,False,SaltPepper,resnet,20/80,alexnet,google,30/70,0.25666666,0.5133333333333333,0.0
110,bing,False,SaltPepper,resnet,20/80,alexnet,google,40/60,0.20333333,0.37333333333333335,0.03333333333333333
111,bing,False,SaltPepper,resnet,20/80,alexnet,google,50/50,0.15333334,0.25333333333333335,0.05333333333333334
112,bing,False,SaltPepper,resnet,20/80,resnet,google,20/80,0.28666666,0.5733333333333334,0.0
113,bing,False,SaltPepper,resnet,20/80,resnet,google,30/70,0.21666667,0.43333333333333335,0.0
114,bing,False,SaltPepper,resnet,20/80,resnet,google,40/60,0.17333333,0.32666666666666666,0.02
115,bing,False,SaltPepper,resnet,20/80,resnet,google,50/50,0.09666667,0.06666666666666667,0.12666666666666668
116,bing,False,SaltPepper,resnet,20/80,vgg,google,20/80,0.18666667,0.35333333333333333,0.02
117,bing,False,SaltPepper,resnet,20/80,vgg,google,30/70,0.13333334,0.2,0.06666666666666667
118,bing,False,SaltPepper,resnet,20/80,vgg,google,40/60,0.11666667,0.08,0.15333333333333332
119,bing,False,SaltPepper,resnet,20/80,vgg,google,50/50,0.13666667,0.04666666666666667,0.22666666666666666
120,bing,False,SaltPepper,resnet,30/70,alexnet,bing,20/80,0.24632353,0.5284552845528455,0.013422818791946308
121,bing,False,SaltPepper,resnet,30/70,alexnet,bing,30/70,0.17957745,0.35766423357664234,0.013605442176870748
122,bing,False,SaltPepper,resnet,30/70,alexnet,bing,40/60,0.21328671,0.425531914893617,0.006896551724137931
123,bing,False,SaltPepper,resnet,30/70,alexnet,bing,50/50,0.20070422,0.39568345323741005,0.013793103448275862
124,bing,False,SaltPepper,resnet,30/70,resnet,bing,20/80,0.19444445,0.381294964028777,0.020134228187919462
125,bing,False,SaltPepper,resnet,30/70,resnet,bing,30/70,0.18881118,0.38405797101449274,0.006756756756756757
126,bing,False,SaltPepper,resnet,30/70,resnet,bing,40/60,0.14186852,0.26573426573426573,0.02054794520547945
127,bing,False,SaltPepper,resnet,30/70,resnet,bing,50/50,0.075862065,0.041666666666666664,0.1095890410958904
128,bing,False,SaltPepper,resnet,30/70,vgg,bing,20/80,0.13541667,0.18571428571428572,0.08783783783783784
129,bing,False,SaltPepper,resnet,30/70,vgg,bing,30/70,0.13937283,0.17266187050359713,0.10810810810810811
130,bing,False,SaltPepper,resnet,30/70,vgg,bing,40/60,0.13651876,0.04827586206896552,0.22297297297297297
131,bing,False,SaltPepper,resnet,30/70,vgg,bing,50/50,0.1369863,0.04794520547945205,0.22602739726027396
132,bing,False,SaltPepper,resnet,30/70,alexnet,google,20/80,0.33333334,0.66,0.006666666666666667
133,bing,False,SaltPepper,resnet,30/70,alexnet,google,30/70,0.29666668,0.5866666666666667,0.006666666666666667
134,bing,False,SaltPepper,resnet,30/70,alexnet,google,40/60,0.22,0.4266666666666667,0.013333333333333334
135,bing,False,SaltPepper,resnet,30/70,alexnet,google,50/50,0.16666667,0.25333333333333335,0.08
136,bing,False,SaltPepper,resnet,30/70,resnet,google,20/80,0.28666666,0.5733333333333334,0.0
137,bing,False,SaltPepper,resnet,30/70,resnet,google,30/70,0.24333334,0.48,0.006666666666666667
138,bing,False,SaltPepper,resnet,30/70,resnet,google,40/60,0.16666667,0.32,0.013333333333333334
139,bing,False,SaltPepper,resnet,30/70,resnet,google,50/50,0.07333334,0.06,0.08666666666666667
140,bing,False,SaltPepper,resnet,30/70,vgg,google,20/80,0.19666667,0.37333333333333335,0.02
141,bing,False,SaltPepper,resnet,30/70,vgg,google,30/70,0.13666667,0.20666666666666667,0.06666666666666667
142,bing,False,SaltPepper,resnet,30/70,vgg,google,40/60,0.13000001,0.07333333333333333,0.18666666666666668
143,bing,False,SaltPepper,resnet,30/70,vgg,google,50/50,0.15,0.04,0.26
144,bing,False,SaltPepper,resnet,40/60,alexnet,bing,20/80,0.21323529,0.4634146341463415,0.006711409395973154
145,bing,False,SaltPepper,resnet,40/60,alexnet,bing,30/70,0.14788732,0.29927007299270075,0.006802721088435374
146,bing,False,SaltPepper,resnet,40/60,alexnet,bing,40/60,0.18181819,0.3546099290780142,0.013793103448275862
147,bing,False,SaltPepper,resnet,40/60,alexnet,bing,50/50,0.17957745,0.3597122302158273,0.006896551724137931
148,bing,False,SaltPepper,resnet,40/60,resnet,bing,20/80,0.20833333,0.41007194244604317,0.020134228187919462
149,bing,False,SaltPepper,resnet,40/60,resnet,bing,30/70,0.17132866,0.35507246376811596,0.0
150,bing,False,SaltPepper,resnet,40/60,resnet,bing,40/60,0.16262977,0.3006993006993007,0.0273972602739726
151,bing,False,SaltPepper,resnet,40/60,resnet,bing,50/50,0.072413795,0.034722222222222224,0.1095890410958904
152,bing,False,SaltPepper,resnet,40/60,vgg,bing,20/80,0.11111111,0.16428571428571428,0.060810810810810814
153,bing,False,SaltPepper,resnet,40/60,vgg,bing,30/70,0.108013935,0.1366906474820144,0.08108108108108109
154,bing,False,SaltPepper,resnet,40/60,vgg,bing,40/60,0.13651876,0.07586206896551724,0.19594594594594594
155,bing,False,SaltPepper,resnet,40/60,vgg,bing,50/50,0.11986301,0.06164383561643835,0.1780821917808219
156,bing,False,SaltPepper,resnet,40/60,alexnet,google,20/80,0.32333335,0.64,0.006666666666666667
157,bing,False,SaltPepper,resnet,40/60,alexnet,google,30/70,0.25666666,0.5133333333333333,0.0
158,bing,False,SaltPepper,resnet,40/60,alexnet,google,40/60,0.20333333,0.37333333333333335,0.03333333333333333
159,bing,False,SaltPepper,resnet,40/60,alexnet,google,50/50,0.15333334,0.25333333333333335,0.05333333333333334
160,bing,False,SaltPepper,resnet,40/60,resnet,google,20/80,0.28666666,0.5733333333333334,0.0
161,bing,False,SaltPepper,resnet,40/60,resnet,google,30/70,0.21666667,0.43333333333333335,0.0
162,bing,False,SaltPepper,resnet,40/60,resnet,google,40/60,0.17333333,0.32666666666666666,0.02
163,bing,False,SaltPepper,resnet,40/60,resnet,google,50/50,0.09666667,0.06666666666666667,0.12666666666666668
164,bing,False,SaltPepper,resnet,40/60,vgg,google,20/80,0.18666667,0.35333333333333333,0.02
165,bing,False,SaltPepper,resnet,40/60,vgg,google,30/70,0.13333334,0.2,0.06666666666666667
166,bing,False,SaltPepper,resnet,40/60,vgg,google,40/60,0.11666667,0.08,0.15333333333333332
167,bing,False,SaltPepper,resnet,40/60,vgg,google,50/50,0.13666667,0.04666666666666667,0.22666666666666666
168,bing,False,SaltPepper,resnet,50/50,alexnet,bing,20/80,0.24264707,0.5203252032520326,0.013422818791946308
169,bing,False,SaltPepper,resnet,50/50,alexnet,bing,30/70,0.20422535,0.40875912408759124,0.013605442176870748
170,bing,False,SaltPepper,resnet,50/50,alexnet,bing,40/60,0.22027972,0.4326241134751773,0.013793103448275862
171,bing,False,SaltPepper,resnet,50/50,alexnet,bing,50/50,0.20774648,0.39568345323741005,0.027586206896551724
172,bing,False,SaltPepper,resnet,50/50,resnet,bing,20/80,0.1701389,0.3381294964028777,0.013422818791946308
173,bing,False,SaltPepper,resnet,50/50,resnet,bing,30/70,0.18531469,0.38405797101449274,0.0
174,bing,False,SaltPepper,resnet,50/50,resnet,bing,40/60,0.14532873,0.26573426573426573,0.0273972602739726
175,bing,False,SaltPepper,resnet,50/50,resnet,bing,50/50,0.093103446,0.04861111111111111,0.136986301369863
176,bing,False,SaltPepper,resnet,50/50,vgg,bing,20/80,0.14583333,0.24285714285714285,0.05405405405405406
177,bing,False,SaltPepper,resnet,50/50,vgg,bing,30/70,0.14634146,0.2158273381294964,0.08108108108108109
178,bing,False,SaltPepper,resnet,50/50,vgg,bing,40/60,0.1331058,0.06896551724137931,0.19594594594594594
179,bing,False,SaltPepper,resnet,50/50,vgg,bing,50/50,0.14726028,0.0821917808219178,0.21232876712328766
180,bing,False,SaltPepper,resnet,50/50,alexnet,google,20/80,0.33666667,0.66,0.013333333333333334
181,bing,False,SaltPepper,resnet,50/50,alexnet,google,30/70,0.31,0.6133333333333333,0.006666666666666667
182,bing,False,SaltPepper,resnet,50/50,alexnet,google,40/60,0.24333334,0.47333333333333333,0.013333333333333334
183,bing,False,SaltPepper,resnet,50/50,alexnet,google,50/50,0.16666667,0.24666666666666667,0.08666666666666667
184,bing,False,SaltPepper,resnet,50/50,resnet,google,20/80,0.30666667,0.6133333333333333,0.0
185,bing,False,SaltPepper,resnet,50/50,resnet,google,30/70,0.23666668,0.47333333333333333,0.0
186,bing,False,SaltPepper,resnet,50/50,resnet,google,40/60,0.17333333,0.32,0.02666666666666667
187,bing,False,SaltPepper,resnet,50/50,resnet,google,50/50,0.08,0.06,0.1
188,bing,False,SaltPepper,resnet,50/50,vgg,google,20/80,0.24333334,0.4533333333333333,0.03333333333333333
189,bing,False,SaltPepper,resnet,50/50,vgg,google,30/70,0.16,0.28,0.04
190,bing,False,SaltPepper,resnet,50/50,vgg,google,40/60,0.13000001,0.08666666666666667,0.17333333333333334
191,bing,False,SaltPepper,resnet,50/50,vgg,google,50/50,0.16666667,0.04,0.29333333333333333
192,bing,False,SaltPepper,vgg,20/80,alexnet,bing,20/80,0.22058824,0.4796747967479675,0.006711409395973154
193,bing,False,SaltPepper,vgg,20/80,alexnet,bing,30/70,0.17253521,0.35036496350364965,0.006802721088435374
194,bing,False,SaltPepper,vgg,20/80,alexnet,bing,40/60,0.18531469,0.36879432624113473,0.006896551724137931
195,bing,False,SaltPepper,vgg,20/80,alexnet,bing,50/50,0.1971831,0.39568345323741005,0.006896551724137931
196,bing,False,SaltPepper,vgg,20/80,resnet,bing,20/80,0.1701389,0.34532374100719426,0.006711409395973154
197,bing,False,SaltPepper,vgg,20/80,resnet,bing,30/70,0.17132866,0.34782608695652173,0.006756756756756757
198,bing,False,SaltPepper,vgg,20/80,resnet,bing,40/60,0.1384083,0.25874125874125875,0.02054794520547945
199,bing,False,SaltPepper,vgg,20/80,resnet,bing,50/50,0.075862065,0.041666666666666664,0.1095890410958904
200,bing,False,SaltPepper,vgg,20/80,vgg,bing,20/80,0.15277778,0.22142857142857142,0.08783783783783784
201,bing,False,SaltPepper,vgg,20/80,vgg,bing,30/70,0.12195122,0.1510791366906475,0.0945945945945946
202,bing,False,SaltPepper,vgg,20/80,vgg,bing,40/60,0.13993174,0.05517241379310345,0.22297297297297297
203,bing,False,SaltPepper,vgg,20/80,vgg,bing,50/50,0.14383562,0.0547945205479452,0.2328767123287671
204,bing,False,SaltPepper,vgg,20/80,alexnet,google,20/80,0.31333333,0.6266666666666667,0.0
205,bing,False,SaltPepper,vgg,20/80,alexnet,google,30/70,0.26666668,0.5333333333333333,0.0
206,bing,False,SaltPepper,vgg,20/80,alexnet,google,40/60,0.2,0.38666666666666666,0.013333333333333334
207,bing,False,SaltPepper,vgg,20/80,alexnet,google,50/50,0.16,0.24,0.08
208,bing,False,SaltPepper,vgg,20/80,resnet,google,20/80,0.27666667,0.5533333333333333,0.0
209,bing,False,SaltPepper,vgg,20/80,resnet,google,30/70,0.22333334,0.44666666666666666,0.0
210,bing,False,SaltPepper,vgg,20/80,resnet,google,40/60,0.16666667,0.32,0.013333333333333334
211,bing,False,SaltPepper,vgg,20/80,resnet,google,50/50,0.06666667,0.04666666666666667,0.08666666666666667
212,bing,False,SaltPepper,vgg,20/80,vgg,google,20/80,0.19666667,0.37333333333333335,0.02
213,bing,False,SaltPepper,vgg,20/80,vgg,google,30/70,0.13666667,0.2,0.07333333333333333
214,bing,False,SaltPepper,vgg,20/80,vgg,google,40/60,0.123333335,0.06666666666666667,0.18
215,bing,False,SaltPepper,vgg,20/80,vgg,google,50/50,0.16666667,0.05333333333333334,0.28
216,bing,False,SaltPepper,vgg,30/70,alexnet,bing,20/80,0.24264707,0.5203252032520326,0.013422818791946308
217,bing,False,SaltPepper,vgg,30/70,alexnet,bing,30/70,0.20422535,0.40875912408759124,0.013605442176870748
218,bing,False,SaltPepper,vgg,30/70,alexnet,bing,40/60,0.22027972,0.4326241134751773,0.013793103448275862
219,bing,False,SaltPepper,vgg,30/70,alexnet,bing,50/50,0.20774648,0.39568345323741005,0.027586206896551724
220,bing,False,SaltPepper,vgg,30/70,resnet,bing,20/80,0.1701389,0.3381294964028777,0.013422818791946308
221,bing,False,SaltPepper,vgg,30/70,resnet,bing,30/70,0.18531469,0.38405797101449274,0.0
222,bing,False,SaltPepper,vgg,30/70,resnet,bing,40/60,0.14532873,0.26573426573426573,0.0273972602739726
223,bing,False,SaltPepper,vgg,30/70,resnet,bing,50/50,0.093103446,0.04861111111111111,0.136986301369863
224,bing,False,SaltPepper,vgg,30/70,vgg,bing,20/80,0.14583333,0.24285714285714285,0.05405405405405406
225,bing,False,SaltPepper,vgg,30/70,vgg,bing,30/70,0.14634146,0.2158273381294964,0.08108108108108109
226,bing,False,SaltPepper,vgg,30/70,vgg,bing,40/60,0.1331058,0.06896551724137931,0.19594594594594594
227,bing,False,SaltPepper,vgg,30/70,vgg,bing,50/50,0.14726028,0.0821917808219178,0.21232876712328766
228,bing,False,SaltPepper,vgg,30/70,alexnet,google,20/80,0.33666667,0.66,0.013333333333333334
229,bing,False,SaltPepper,vgg,30/70,alexnet,google,30/70,0.31,0.6133333333333333,0.006666666666666667
230,bing,False,SaltPepper,vgg,30/70,alexnet,google,40/60,0.24333334,0.47333333333333333,0.013333333333333334
231,bing,False,SaltPepper,vgg,30/70,alexnet,google,50/50,0.16666667,0.24666666666666667,0.08666666666666667
232,bing,False,SaltPepper,vgg,30/70,resnet,google,20/80,0.30666667,0.6133333333333333,0.0
233,bing,False,SaltPepper,vgg,30/70,resnet,google,30/70,0.23666668,0.47333333333333333,0.0
234,bing,False,SaltPepper,vgg,30/70,resnet,google,40/60,0.17333333,0.32,0.02666666666666667
235,bing,False,SaltPepper,vgg,30/70,resnet,google,50/50,0.08,0.06,0.1
236,bing,False,SaltPepper,vgg,30/70,vgg,google,20/80,0.24333334,0.4533333333333333,0.03333333333333333
237,bing,False,SaltPepper,vgg,30/70,vgg,google,30/70,0.16,0.28,0.04
238,bing,False,SaltPepper,vgg,30/70,vgg,google,40/60,0.13000001,0.08666666666666667,0.17333333333333334
239,bing,False,SaltPepper,vgg,30/70,vgg,google,50/50,0.16666667,0.04,0.29333333333333333
240,bing,False,SaltPepper,vgg,40/60,alexnet,bing,20/80,0.22058824,0.4796747967479675,0.006711409395973154
241,bing,False,SaltPepper,vgg,40/60,alexnet,bing,30/70,0.17253521,0.35036496350364965,0.006802721088435374
242,bing,False,SaltPepper,vgg,40/60,alexnet,bing,40/60,0.18531469,0.36879432624113473,0.006896551724137931
243,bing,False,SaltPepper,vgg,40/60,alexnet,bing,50/50,0.1971831,0.39568345323741005,0.006896551724137931
244,bing,False,SaltPepper,vgg,40/60,resnet,bing,20/80,0.1701389,0.34532374100719426,0.006711409395973154
245,bing,False,SaltPepper,vgg,40/60,resnet,bing,30/70,0.17132866,0.34782608695652173,0.006756756756756757
246,bing,False,SaltPepper,vgg,40/60,resnet,bing,40/60,0.1384083,0.25874125874125875,0.02054794520547945
247,bing,False,SaltPepper,vgg,40/60,resnet,bing,50/50,0.075862065,0.041666666666666664,0.1095890410958904
248,bing,False,SaltPepper,vgg,40/60,vgg,bing,20/80,0.15277778,0.22142857142857142,0.08783783783783784
249,bing,False,SaltPepper,vgg,40/60,vgg,bing,30/70,0.12195122,0.1510791366906475,0.0945945945945946
250,bing,False,SaltPepper,vgg,40/60,vgg,bing,40/60,0.13993174,0.05517241379310345,0.22297297297297297
251,bing,False,SaltPepper,vgg,40/60,vgg,bing,50/50,0.14383562,0.0547945205479452,0.2328767123287671
252,bing,False,SaltPepper,vgg,40/60,alexnet,google,20/80,0.31333333,0.6266666666666667,0.0
253,bing,False,SaltPepper,vgg,40/60,alexnet,google,30/70,0.26666668,0.5333333333333333,0.0
254,bing,False,SaltPepper,vgg,40/60,alexnet,google,40/60,0.2,0.38666666666666666,0.013333333333333334
255,bing,False,SaltPepper,vgg,40/60,alexnet,google,50/50,0.16,0.24,0.08
256,bing,False,SaltPepper,vgg,40/60,resnet,google,20/80,0.27666667,0.5533333333333333,0.0
257,bing,False,SaltPepper,vgg,40/60,resnet,google,30/70,0.22333334,0.44666666666666666,0.0
258,bing,False,SaltPepper,vgg,40/60,resnet,google,40/60,0.16666667,0.32,0.013333333333333334
259,bing,False,SaltPepper,vgg,40/60,resnet,google,50/50,0.06666667,0.04666666666666667,0.08666666666666667
260,bing,False,SaltPepper,vgg,40/60,vgg,google,20/80,0.19666667,0.37333333333333335,0.02
261,bing,False,SaltPepper,vgg,40/60,vgg,google,30/70,0.13666667,0.2,0.07333333333333333
262,bing,False,SaltPepper,vgg,40/60,vgg,google,40/60,0.123333335,0.06666666666666667,0.18
263,bing,False,SaltPepper,vgg,40/60,vgg,google,50/50,0.16666667,0.05333333333333334,0.28
264,bing,False,SaltPepper,vgg,50/50,alexnet,bing,20/80,0.24264707,0.5203252032520326,0.013422818791946308
265,bing,False,SaltPepper,vgg,50/50,alexnet,bing,30/70,0.20422535,0.40875912408759124,0.013605442176870748
266,bing,False,SaltPepper,vgg,50/50,alexnet,bing,40/60,0.22027972,0.4326241134751773,0.013793103448275862
267,bing,False,SaltPepper,vgg,50/50,alexnet,bing,50/50,0.20774648,0.39568345323741005,0.027586206896551724
268,bing,False,SaltPepper,vgg,50/50,resnet,bing,20/80,0.1701389,0.3381294964028777,0.013422818791946308
269,bing,False,SaltPepper,vgg,50/50,resnet,bing,30/70,0.18531469,0.38405797101449274,0.0
270,bing,False,SaltPepper,vgg,50/50,resnet,bing,40/60,0.14532873,0.26573426573426573,0.0273972602739726
271,bing,False,SaltPepper,vgg,50/50,resnet,bing,50/50,0.093103446,0.04861111111111111,0.136986301369863
272,bing,False,SaltPepper,vgg,50/50,vgg,bing,20/80,0.14583333,0.24285714285714285,0.05405405405405406
273,bing,False,SaltPepper,vgg,50/50,vgg,bing,30/70,0.14634146,0.2158273381294964,0.08108108108108109
274,bing,False,SaltPepper,vgg,50/50,vgg,bing,40/60,0.1331058,0.06896551724137931,0.19594594594594594
275,bing,False,SaltPepper,vgg,50/50,vgg,bing,50/50,0.14726028,0.0821917808219178,0.21232876712328766
276,bing,False,SaltPepper,vgg,50/50,alexnet,google,20/80,0.33666667,0.66,0.013333333333333334
277,bing,False,SaltPepper,vgg,50/50,alexnet,google,30/70,0.31,0.6133333333333333,0.006666666666666667
278,bing,False,SaltPepper,vgg,50/50,alexnet,google,40/60,0.24333334,0.47333333333333333,0.013333333333333334
279,bing,False,SaltPepper,vgg,50/50,alexnet,google,50/50,0.16666667,0.24666666666666667,0.08666666666666667
280,bing,False,SaltPepper,vgg,50/50,resnet,google,20/80,0.30666667,0.6133333333333333,0.0
281,bing,False,SaltPepper,vgg,50/50,resnet,google,30/70,0.23666668,0.47333333333333333,0.0
282,bing,False,SaltPepper,vgg,50/50,resnet,google,40/60,0.17333333,0.32,0.02666666666666667
283,bing,False,SaltPepper,vgg,50/50,resnet,google,50/50,0.08,0.06,0.1
284,bing,False,SaltPepper,vgg,50/50,vgg,google,20/80,0.24333334,0.4533333333333333,0.03333333333333333
285,bing,False,SaltPepper,vgg,50/50,vgg,google,30/70,0.16,0.28,0.04
286,bing,False,SaltPepper,vgg,50/50,vgg,google,40/60,0.13000001,0.08666666666666667,0.17333333333333334
287,bing,False,SaltPepper,vgg,50/50,vgg,google,50/50,0.16666667,0.04,0.29333333333333333
288,google,False,SaltPepper,alexnet,20/80,alexnet,bing,20/80,0.25333333,0.49333333333333335,0.013333333333333334
289,google,False,SaltPepper,alexnet,20/80,alexnet,bing,30/70,0.2,0.35333333333333333,0.04666666666666667
290,google,False,SaltPepper,alexnet,20/80,alexnet,bing,40/60,0.16666667,0.3,0.03333333333333333
291,google,False,SaltPepper,alexnet,20/80,alexnet,bing,50/50,0.20333333,0.38,0.02666666666666667
292,google,False,SaltPepper,alexnet,20/80,resnet,bing,20/80,0.19,0.36,0.02
293,google,False,SaltPepper,alexnet,20/80,resnet,bing,30/70,0.17333333,0.3333333333333333,0.013333333333333334
294,google,False,SaltPepper,alexnet,20/80,resnet,bing,40/60,0.120000005,0.2,0.04
295,google,False,SaltPepper,alexnet,20/80,resnet,bing,50/50,0.10666667,0.06,0.15333333333333332
296,google,False,SaltPepper,alexnet,20/80,vgg,bing,20/80,0.14333333,0.16666666666666666,0.12
297,google,False,SaltPepper,alexnet,20/80,vgg,bing,30/70,0.12666667,0.10666666666666667,0.14666666666666667
298,google,False,SaltPepper,alexnet,20/80,vgg,bing,40/60,0.12666667,0.02666666666666667,0.22666666666666666
299,google,False,SaltPepper,alexnet,20/80,vgg,bing,50/50,0.15,0.02,0.28
300,google,False,SaltPepper,alexnet,20/80,alexnet,google,20/80,0.27697843,0.539568345323741,0.014388489208633094
301,google,False,SaltPepper,alexnet,20/80,alexnet,google,30/70,0.20774648,0.4084507042253521,0.007042253521126761
302,google,False,SaltPepper,alexnet,20/80,alexnet,google,40/60,0.17021276,0.3120567375886525,0.028368794326241134
303,google,False,SaltPepper,alexnet,20/80,alexnet,google,50/50,0.12589929,0.18705035971223022,0.06474820143884892
304,google,False,SaltPepper,alexnet,20/80,resnet,google,20/80,0.2673611,0.5347222222222222,0.0
305,google,False,SaltPepper,alexnet,20/80,resnet,google,30/70,0.22758621,0.45517241379310347,0.0
306,google,False,SaltPepper,alexnet,20/80,resnet,google,40/60,0.15410958,0.2671232876712329,0.0410958904109589
307,google,False,SaltPepper,alexnet,20/80,resnet,google,50/50,0.10273972,0.07534246575342465,0.13013698630136986
308,google,False,SaltPepper,alexnet,20/80,vgg,google,20/80,0.15068492,0.2671232876712329,0.03424657534246575
309,google,False,SaltPepper,alexnet,20/80,vgg,google,30/70,0.1292517,0.14285714285714285,0.11564625850340136
310,google,False,SaltPepper,alexnet,20/80,vgg,google,40/60,0.12837838,0.04054054054054054,0.21621621621621623
311,google,False,SaltPepper,alexnet,20/80,vgg,google,50/50,0.16554055,0.006756756756756757,0.32432432432432434
312,google,False,SaltPepper,alexnet,30/70,alexnet,bing,20/80,0.25333333,0.49333333333333335,0.013333333333333334
313,google,False,SaltPepper,alexnet,30/70,alexnet,bing,30/70,0.2,0.35333333333333333,0.04666666666666667
314,google,False,SaltPepper,alexnet,30/70,alexnet,bing,40/60,0.16666667,0.3,0.03333333333333333
315,google,False,SaltPepper,alexnet,30/70,alexnet,bing,50/50,0.20333333,0.38,0.02666666666666667
316,google,False,SaltPepper,alexnet,30/70,resnet,bing,20/80,0.19,0.36,0.02
317,google,False,SaltPepper,alexnet,30/70,resnet,bing,30/70,0.17333333,0.3333333333333333,0.013333333333333334
318,google,False,SaltPepper,alexnet,30/70,resnet,bing,40/60,0.120000005,0.2,0.04
319,google,False,SaltPepper,alexnet,30/70,resnet,bing,50/50,0.10666667,0.06,0.15333333333333332
320,google,False,SaltPepper,alexnet,30/70,vgg,bing,20/80,0.14333333,0.16666666666666666,0.12
321,google,False,SaltPepper,alexnet,30/70,vgg,bing,30/70,0.12666667,0.10666666666666667,0.14666666666666667
322,google,False,SaltPepper,alexnet,30/70,vgg,bing,40/60,0.12666667,0.02666666666666667,0.22666666666666666
323,google,False,SaltPepper,alexnet,30/70,vgg,bing,50/50,0.15,0.02,0.28
324,google,False,SaltPepper,alexnet,30/70,alexnet,google,20/80,0.27697843,0.539568345323741,0.014388489208633094
325,google,False,SaltPepper,alexnet,30/70,alexnet,google,30/70,0.20774648,0.4084507042253521,0.007042253521126761
326,google,False,SaltPepper,alexnet,30/70,alexnet,google,40/60,0.17021276,0.3120567375886525,0.028368794326241134
327,google,False,SaltPepper,alexnet,30/70,alexnet,google,50/50,0.12589929,0.18705035971223022,0.06474820143884892
328,google,False,SaltPepper,alexnet,30/70,resnet,google,20/80,0.2673611,0.5347222222222222,0.0
329,google,False,SaltPepper,alexnet,30/70,resnet,google,30/70,0.22758621,0.45517241379310347,0.0
330,google,False,SaltPepper,alexnet,30/70,resnet,google,40/60,0.15410958,0.2671232876712329,0.0410958904109589
331,google,False,SaltPepper,alexnet,30/70,resnet,google,50/50,0.10273972,0.07534246575342465,0.13013698630136986
332,google,False,SaltPepper,alexnet,30/70,vgg,google,20/80,0.15068492,0.2671232876712329,0.03424657534246575
333,google,False,SaltPepper,alexnet,30/70,vgg,google,30/70,0.1292517,0.14285714285714285,0.11564625850340136
334,google,False,SaltPepper,alexnet,30/70,vgg,google,40/60,0.12837838,0.04054054054054054,0.21621621621621623
335,google,False,SaltPepper,alexnet,30/70,vgg,google,50/50,0.16554055,0.006756756756756757,0.32432432432432434
336,google,False,SaltPepper,alexnet,40/60,alexnet,bing,20/80,0.25333333,0.49333333333333335,0.013333333333333334
337,google,False,SaltPepper,alexnet,40/60,alexnet,bing,30/70,0.2,0.35333333333333333,0.04666666666666667
338,google,False,SaltPepper,alexnet,40/60,alexnet,bing,40/60,0.16666667,0.3,0.03333333333333333
339,google,False,SaltPepper,alexnet,40/60,alexnet,bing,50/50,0.20333333,0.38,0.02666666666666667
340,google,False,SaltPepper,alexnet,40/60,resnet,bing,20/80,0.19,0.36,0.02
341,google,False,SaltPepper,alexnet,40/60,resnet,bing,30/70,0.17333333,0.3333333333333333,0.013333333333333334
342,google,False,SaltPepper,alexnet,40/60,resnet,bing,40/60,0.120000005,0.2,0.04
343,google,False,SaltPepper,alexnet,40/60,resnet,bing,50/50,0.10666667,0.06,0.15333333333333332
344,google,False,SaltPepper,alexnet,40/60,vgg,bing,20/80,0.14333333,0.16666666666666666,0.12
345,google,False,SaltPepper,alexnet,40/60,vgg,bing,30/70,0.12666667,0.10666666666666667,0.14666666666666667
346,google,False,SaltPepper,alexnet,40/60,vgg,bing,40/60,0.12666667,0.02666666666666667,0.22666666666666666
347,google,False,SaltPepper,alexnet,40/60,vgg,bing,50/50,0.15,0.02,0.28
348,google,False,SaltPepper,alexnet,40/60,alexnet,google,20/80,0.27697843,0.539568345323741,0.014388489208633094
349,google,False,SaltPepper,alexnet,40/60,alexnet,google,30/70,0.20774648,0.4084507042253521,0.007042253521126761
350,google,False,SaltPepper,alexnet,40/60,alexnet,google,40/60,0.17021276,0.3120567375886525,0.028368794326241134
351,google,False,SaltPepper,alexnet,40/60,alexnet,google,50/50,0.12589929,0.18705035971223022,0.06474820143884892
352,google,False,SaltPepper,alexnet,40/60,resnet,google,20/80,0.2673611,0.5347222222222222,0.0
353,google,False,SaltPepper,alexnet,40/60,resnet,google,30/70,0.22758621,0.45517241379310347,0.0
354,google,False,SaltPepper,alexnet,40/60,resnet,google,40/60,0.15410958,0.2671232876712329,0.0410958904109589
355,google,False,SaltPepper,alexnet,40/60,resnet,google,50/50,0.10273972,0.07534246575342465,0.13013698630136986
356,google,False,SaltPepper,alexnet,40/60,vgg,google,20/80,0.15068492,0.2671232876712329,0.03424657534246575
357,google,False,SaltPepper,alexnet,40/60,vgg,google,30/70,0.1292517,0.14285714285714285,0.11564625850340136
358,google,False,SaltPepper,alexnet,40/60,vgg,google,40/60,0.12837838,0.04054054054054054,0.21621621621621623
359,google,False,SaltPepper,alexnet,40/60,vgg,google,50/50,0.16554055,0.006756756756756757,0.32432432432432434
360,google,False,SaltPepper,alexnet,50/50,alexnet,bing,20/80,0.25333333,0.49333333333333335,0.013333333333333334
361,google,False,SaltPepper,alexnet,50/50,alexnet,bing,30/70,0.2,0.35333333333333333,0.04666666666666667
362,google,False,SaltPepper,alexnet,50/50,alexnet,bing,40/60,0.16666667,0.3,0.03333333333333333
363,google,False,SaltPepper,alexnet,50/50,alexnet,bing,50/50,0.20333333,0.38,0.02666666666666667
364,google,False,SaltPepper,alexnet,50/50,resnet,bing,20/80,0.19,0.36,0.02
365,google,False,SaltPepper,alexnet,50/50,resnet,bing,30/70,0.17333333,0.3333333333333333,0.013333333333333334
366,google,False,SaltPepper,alexnet,50/50,resnet,bing,40/60,0.120000005,0.2,0.04
367,google,False,SaltPepper,alexnet,50/50,resnet,bing,50/50,0.10666667,0.06,0.15333333333333332
368,google,False,SaltPepper,alexnet,50/50,vgg,bing,20/80,0.14333333,0.16666666666666666,0.12
369,google,False,SaltPepper,alexnet,50/50,vgg,bing,30/70,0.12666667,0.10666666666666667,0.14666666666666667
370,google,False,SaltPepper,alexnet,50/50,vgg,bing,40/60,0.12666667,0.02666666666666667,0.22666666666666666
371,google,False,SaltPepper,alexnet,50/50,vgg,bing,50/50,0.15,0.02,0.28
372,google,False,SaltPepper,alexnet,50/50,alexnet,google,20/80,0.27697843,0.539568345323741,0.014388489208633094
373,google,False,SaltPepper,alexnet,50/50,alexnet,google,30/70,0.20774648,0.4084507042253521,0.007042253521126761
374,google,False,SaltPepper,alexnet,50/50,alexnet,google,40/60,0.17021276,0.3120567375886525,0.028368794326241134
375,google,False,SaltPepper,alexnet,50/50,alexnet,google,50/50,0.12589929,0.18705035971223022,0.06474820143884892
376,google,False,SaltPepper,alexnet,50/50,resnet,google,20/80,0.2673611,0.5347222222222222,0.0
377,google,False,SaltPepper,alexnet,50/50,resnet,google,30/70,0.22758621,0.45517241379310347,0.0
378,google,False,SaltPepper,alexnet,50/50,resnet,google,40/60,0.15410958,0.2671232876712329,0.0410958904109589
379,google,False,SaltPepper,alexnet,50/50,resnet,google,50/50,0.10273972,0.07534246575342465,0.13013698630136986
380,google,False,SaltPepper,alexnet,50/50,vgg,google,20/80,0.15068492,0.2671232876712329,0.03424657534246575
381,google,False,SaltPepper,alexnet,50/50,vgg,google,30/70,0.1292517,0.14285714285714285,0.11564625850340136
382,google,False,SaltPepper,alexnet,50/50,vgg,google,40/60,0.12837838,0.04054054054054054,0.21621621621621623
383,google,False,SaltPepper,alexnet,50/50,vgg,google,50/50,0.16554055,0.006756756756756757,0.32432432432432434
384,google,False,SaltPepper,resnet,20/80,alexnet,bing,20/80,0.25333333,0.49333333333333335,0.013333333333333334
385,google,False,SaltPepper,resnet,20/80,alexnet,bing,30/70,0.2,0.35333333333333333,0.04666666666666667
386,google,False,SaltPepper,resnet,20/80,alexnet,bing,40/60,0.16666667,0.3,0.03333333333333333
387,google,False,SaltPepper,resnet,20/80,alexnet,bing,50/50,0.20333333,0.38,0.02666666666666667
388,google,False,SaltPepper,resnet,20/80,resnet,bing,20/80,0.19,0.36,0.02
389,google,False,SaltPepper,resnet,20/80,resnet,bing,30/70,0.17333333,0.3333333333333333,0.013333333333333334
390,google,False,SaltPepper,resnet,20/80,resnet,bing,40/60,0.120000005,0.2,0.04
391,google,False,SaltPepper,resnet,20/80,resnet,bing,50/50,0.10666667,0.06,0.15333333333333332
392,google,False,SaltPepper,resnet,20/80,vgg,bing,20/80,0.14333333,0.16666666666666666,0.12
393,google,False,SaltPepper,resnet,20/80,vgg,bing,30/70,0.12666667,0.10666666666666667,0.14666666666666667
394,google,False,SaltPepper,resnet,20/80,vgg,bing,40/60,0.12666667,0.02666666666666667,0.22666666666666666
