,source_dataset,isMath,attack,source_model,source_balancing,target_model,target_dataset,target_balancing,asr,asr_0,asr_1
0,bing,False,SaltPepper,alexnet,20/80,alexnet,bing,20/80,0.23076923,0.49193548387096775,0.013422818791946308
1,bing,False,SaltPepper,alexnet,20/80,alexnet,bing,30/70,0.19928825,0.4,0.0136986301369863
2,bing,False,SaltPepper,alexnet,20/80,alexnet,bing,40/60,0.1614035,0.3006993006993007,0.02112676056338028
3,bing,False,SaltPepper,alexnet,20/80,alexnet,bing,50/50,0.1958042,0.3900709219858156,0.006896551724137931
4,bing,False,SaltPepper,alexnet,20/80,resnet,bing,20/80,0.2,0.40425531914893614,0.006711409395973154
5,bing,False,SaltPepper,alexnet,20/80,resnet,bing,30/70,0.18881118,0.38405797101449274,0.006756756756756757
6,bing,False,SaltPepper,alexnet,20/80,resnet,bing,40/60,0.16262977,0.2937062937062937,0.03424657534246575
7,bing,False,SaltPepper,alexnet,20/80,resnet,bing,50/50,0.075862065,0.041666666666666664,0.1095890410958904
8,bing,False,SaltPepper,alexnet,20/80,vgg,bing,20/80,0.13541667,0.18571428571428572,0.08783783783783784
9,bing,False,SaltPepper,alexnet,20/80,vgg,bing,30/70,0.13937283,0.17266187050359713,0.10810810810810811
10,bing,False,SaltPepper,alexnet,20/80,vgg,bing,40/60,0.13993174,0.05517241379310345,0.22297297297297297
11,bing,False,SaltPepper,alexnet,20/80,vgg,bing,50/50,0.12671232,0.04794520547945205,0.2054794520547945
12,bing,False,SaltPepper,alexnet,20/80,alexnet,google,20/80,0.33,0.6533333333333333,0.006666666666666667
13,bing,False,SaltPepper,alexnet,20/80,alexnet,google,30/70,0.31,0.6133333333333333,0.006666666666666667
14,bing,False,SaltPepper,alexnet,20/80,alexnet,google,40/60,0.21333334,0.41333333333333333,0.013333333333333334
15,bing,False,SaltPepper,alexnet,20/80,alexnet,google,50/50,0.16666667,0.26666666666666666,0.06666666666666667
16,bing,False,SaltPepper,alexnet,20/80,resnet,google,20/80,0.28666666,0.5733333333333334,0.0
17,bing,False,SaltPepper,alexnet,20/80,resnet,google,30/70,0.24333334,0.48,0.006666666666666667
18,bing,False,SaltPepper,alexnet,20/80,resnet,google,40/60,0.16666667,0.32,0.013333333333333334
19,bing,False,SaltPepper,alexnet,20/80,resnet,google,50/50,0.07666667,0.04666666666666667,0.10666666666666667
20,bing,False,SaltPepper,alexnet,20/80,vgg,google,20/80,0.17333333,0.32666666666666666,0.02
21,bing,False,SaltPepper,alexnet,20/80,vgg,google,30/70,0.13666667,0.20666666666666667,0.06666666666666667
22,bing,False,SaltPepper,alexnet,20/80,vgg,google,40/60,0.13000001,0.07333333333333333,0.18666666666666668
23,bing,False,SaltPepper,alexnet,20/80,vgg,google,50/50,0.15,0.04,0.26
24,bing,False,SaltPepper,alexnet,30/70,alexnet,bing,20/80,0.22710623,0.4838709677419355,0.013422818791946308
25,bing,False,SaltPepper,alexnet,30/70,alexnet,bing,30/70,0.22419928,0.45185185185185184,0.0136986301369863
26,bing,False,SaltPepper,alexnet,30/70,alexnet,bing,40/60,0.15789475,0.3006993006993007,0.014084507042253521
27,bing,False,SaltPepper,alexnet,30/70,alexnet,bing,50/50,0.2062937,0.3971631205673759,0.020689655172413793
28,bing,False,SaltPepper,alexnet,30/70,resnet,bing,20/80,0.2137931,0.4326241134751773,0.006711409395973154
29,bing,False,SaltPepper,alexnet,30/70,resnet,bing,30/70,0.18531469,0.38405797101449274,0.0
30,bing,False,SaltPepper,alexnet,30/70,resnet,bing,40/60,0.15570934,0.2867132867132867,0.0273972602739726
31,bing,False,SaltPepper,alexnet,30/70,resnet,bing,50/50,0.093103446,0.04861111111111111,0.136986301369863
32,bing,False,SaltPepper,alexnet,30/70,vgg,bing,20/80,0.14583333,0.24285714285714285,0.05405405405405406
33,bing,False,SaltPepper,alexnet,30/70,vgg,bing,30/70,0.14634146,0.2158273381294964,0.08108108108108109
34,bing,False,SaltPepper,alexnet,30/70,vgg,bing,40/60,0.13651876,0.06896551724137931,0.20270270270270271
35,bing,False,SaltPepper,alexnet,30/70,vgg,bing,50/50,0.14726028,0.0821917808219178,0.21232876712328766
36,bing,False,SaltPepper,alexnet,30/70,alexnet,google,20/80,0.33333334,0.6533333333333333,0.013333333333333334
37,bing,False,SaltPepper,alexnet,30/70,alexnet,google,30/70,0.32333335,0.64,0.006666666666666667
38,bing,False,SaltPepper,alexnet,30/70,alexnet,google,40/60,0.23666668,0.46,0.013333333333333334
39,bing,False,SaltPepper,alexnet,30/70,alexnet,google,50/50,0.16666667,0.24666666666666667,0.08666666666666667
40,bing,False,SaltPepper,alexnet,30/70,resnet,google,20/80,0.30666667,0.6133333333333333,0.0
41,bing,False,SaltPepper,alexnet,30/70,resnet,google,30/70,0.23666668,0.47333333333333333,0.0
42,bing,False,SaltPepper,alexnet,30/70,resnet,google,40/60,0.17333333,0.32,0.02666666666666667
43,bing,False,SaltPepper,alexnet,30/70,resnet,google,50/50,0.086666666,0.02666666666666667,0.14666666666666667
44,bing,False,SaltPepper,alexnet,30/70,vgg,google,20/80,0.23666668,0.44,0.03333333333333333
45,bing,False,SaltPepper,alexnet,30/70,vgg,google,30/70,0.16,0.28,0.04
46,bing,False,SaltPepper,alexnet,30/70,vgg,google,40/60,0.13000001,0.08666666666666667,0.17333333333333334
47,bing,False,SaltPepper,alexnet,30/70,vgg,google,50/50,0.16666667,0.04,0.29333333333333333
48,bing,False,SaltPepper,alexnet,40/60,alexnet,bing,20/80,0.20512821,0.4435483870967742,0.006711409395973154
49,bing,False,SaltPepper,alexnet,40/60,alexnet,bing,30/70,0.17793594,0.362962962962963,0.00684931506849315
50,bing,False,SaltPepper,alexnet,40/60,alexnet,bing,40/60,0.16842106,0.3146853146853147,0.02112676056338028
51,bing,False,SaltPepper,alexnet,40/60,alexnet,bing,50/50,0.1958042,0.3971631205673759,0.0
52,bing,False,SaltPepper,alexnet,40/60,resnet,bing,20/80,0.18965517,0.3900709219858156,0.0
53,bing,False,SaltPepper,alexnet,40/60,resnet,bing,30/70,0.17132866,0.34782608695652173,0.006756756756756757
54,bing,False,SaltPepper,alexnet,40/60,resnet,bing,40/60,0.15224914,0.2867132867132867,0.02054794520547945
55,bing,False,SaltPepper,alexnet,40/60,resnet,bing,50/50,0.075862065,0.041666666666666664,0.1095890410958904
56,bing,False,SaltPepper,alexnet,40/60,vgg,bing,20/80,0.15277778,0.22142857142857142,0.08783783783783784
57,bing,False,SaltPepper,alexnet,40/60,vgg,bing,30/70,0.1184669,0.14388489208633093,0.0945945945945946
58,bing,False,SaltPepper,alexnet,40/60,vgg,bing,40/60,0.1433447,0.05517241379310345,0.22972972972972974
59,bing,False,SaltPepper,alexnet,40/60,vgg,bing,50/50,0.1369863,0.0547945205479452,0.2191780821917808
60,bing,False,SaltPepper,alexnet,40/60,alexnet,google,20/80,0.31333333,0.6266666666666667,0.0
61,bing,False,SaltPepper,alexnet,40/60,alexnet,google,30/70,0.28666666,0.5733333333333334,0.0
62,bing,False,SaltPepper,alexnet,40/60,alexnet,google,40/60,0.2,0.38,0.02
63,bing,False,SaltPepper,alexnet,40/60,alexnet,google,50/50,0.16333334,0.24666666666666667,0.08
64,bing,False,SaltPepper,alexnet,40/60,resnet,google,20/80,0.27666667,0.5533333333333333,0.0
65,bing,False,SaltPepper,alexnet,40/60,resnet,google,30/70,0.22333334,0.44666666666666666,0.0
66,bing,False,SaltPepper,alexnet,40/60,resnet,google,40/60,0.16666667,0.32,0.013333333333333334
67,bing,False,SaltPepper,alexnet,40/60,resnet,google,50/50,0.07333334,0.03333333333333333,0.11333333333333333
68,bing,False,SaltPepper,alexnet,40/60,vgg,google,20/80,0.18666667,0.35333333333333333,0.02
69,bing,False,SaltPepper,alexnet,40/60,vgg,google,30/70,0.13666667,0.2,0.07333333333333333
70,bing,False,SaltPepper,alexnet,40/60,vgg,google,40/60,0.123333335,0.06666666666666667,0.18
71,bing,False,SaltPepper,alexnet,40/60,vgg,google,50/50,0.16666667,0.05333333333333334,0.28
72,bing,False,SaltPepper,alexnet,50/50,alexnet,bing,20/80,0.22710623,0.4838709677419355,0.013422818791946308
73,bing,False,SaltPepper,alexnet,50/50,alexnet,bing,30/70,0.22419928,0.45185185185185184,0.0136986301369863
74,bing,False,SaltPepper,alexnet,50/50,alexnet,bing,40/60,0.15789475,0.3006993006993007,0.014084507042253521
75,bing,False,SaltPepper,alexnet,50/50,alexnet,bing,50/50,0.2062937,0.3971631205673759,0.020689655172413793
76,bing,False,SaltPepper,alexnet,50/50,resnet,bing,20/80,0.2137931,0.4326241134751773,0.006711409395973154
77,bing,False,SaltPepper,alexnet,50/50,resnet,bing,30/70,0.18531469,0.38405797101449274,0.0
78,bing,False,SaltPepper,alexnet,50/50,resnet,bing,40/60,0.15570934,0.2867132867132867,0.0273972602739726
79,bing,False,SaltPepper,alexnet,50/50,resnet,bing,50/50,0.093103446,0.04861111111111111,0.136986301369863
80,bing,False,SaltPepper,alexnet,50/50,vgg,bing,20/80,0.14583333,0.24285714285714285,0.05405405405405406
81,bing,False,SaltPepper,alexnet,50/50,vgg,bing,30/70,0.14634146,0.2158273381294964,0.08108108108108109
82,bing,False,SaltPepper,alexnet,50/50,vgg,bing,40/60,0.13651876,0.06896551724137931,0.20270270270270271
83,bing,False,SaltPepper,alexnet,50/50,vgg,bing,50/50,0.14726028,0.0821917808219178,0.21232876712328766
84,bing,False,SaltPepper,alexnet,50/50,alexnet,google,20/80,0.33333334,0.6533333333333333,0.013333333333333334
85,bing,False,SaltPepper,alexnet,50/50,alexnet,google,30/70,0.32333335,0.64,0.006666666666666667
86,bing,False,SaltPepper,alexnet,50/50,alexnet,google,40/60,0.23666668,0.46,0.013333333333333334
87,bing,False,SaltPepper,alexnet,50/50,alexnet,google,50/50,0.16666667,0.24666666666666667,0.08666666666666667
88,bing,False,SaltPepper,alexnet,50/50,resnet,google,20/80,0.30666667,0.6133333333333333,0.0
89,bing,False,SaltPepper,alexnet,50/50,resnet,google,30/70,0.23666668,0.47333333333333333,0.0
90,bing,False,SaltPepper,alexnet,50/50,resnet,google,40/60,0.17333333,0.32,0.02666666666666667
91,bing,False,SaltPepper,alexnet,50/50,resnet,google,50/50,0.086666666,0.02666666666666667,0.14666666666666667
92,bing,False,SaltPepper,alexnet,50/50,vgg,google,20/80,0.23666668,0.44,0.03333333333333333
93,bing,False,SaltPepper,alexnet,50/50,vgg,google,30/70,0.16,0.28,0.04
94,bing,False,SaltPepper,alexnet,50/50,vgg,google,40/60,0.13000001,0.08666666666666667,0.17333333333333334
95,bing,False,SaltPepper,alexnet,50/50,vgg,google,50/50,0.16666667,0.04,0.29333333333333333
96,bing,False,SaltPepper,resnet,20/80,alexnet,bing,20/80,0.22710623,0.4838709677419355,0.013422818791946308
97,bing,False,SaltPepper,resnet,20/80,alexnet,bing,30/70,0.22419928,0.45185185185185184,0.0136986301369863
98,bing,False,SaltPepper,resnet,20/80,alexnet,bing,40/60,0.15789475,0.3006993006993007,0.014084507042253521
99,bing,False,SaltPepper,resnet,20/80,alexnet,bing,50/50,0.2062937,0.3971631205673759,0.020689655172413793
100,bing,False,SaltPepper,resnet,20/80,resnet,bing,20/80,0.2137931,0.4326241134751773,0.006711409395973154
101,bing,False,SaltPepper,resnet,20/80,resnet,bing,30/70,0.18531469,0.38405797101449274,0.0
102,bing,False,SaltPepper,resnet,20/80,resnet,bing,40/60,0.15570934,0.2867132867132867,0.0273972602739726
103,bing,False,SaltPepper,resnet,20/80,resnet,bing,50/50,0.093103446,0.04861111111111111,0.136986301369863
104,bing,False,SaltPepper,resnet,20/80,vgg,bing,20/80,0.14583333,0.24285714285714285,0.05405405405405406
105,bing,False,SaltPepper,resnet,20/80,vgg,bing,30/70,0.14634146,0.2158273381294964,0.08108108108108109
106,bing,False,SaltPepper,resnet,20/80,vgg,bing,40/60,0.13651876,0.06896551724137931,0.20270270270270271
107,bing,False,SaltPepper,resnet,20/80,vgg,bing,50/50,0.14726028,0.0821917808219178,0.21232876712328766
108,bing,False,SaltPepper,resnet,20/80,alexnet,google,20/80,0.33333334,0.6533333333333333,0.013333333333333334
109,bing,False,SaltPepper,resnet,20/80,alexnet,google,30/70,0.32333335,0.64,0.006666666666666667
110,bing,False,SaltPepper,resnet,20/80,alexnet,google,40/60,0.23666668,0.46,0.013333333333333334
111,bing,False,SaltPepper,resnet,20/80,alexnet,google,50/50,0.16666667,0.24666666666666667,0.08666666666666667
112,bing,False,SaltPepper,resnet,20/80,resnet,google,20/80,0.30666667,0.6133333333333333,0.0
113,bing,False,SaltPepper,resnet,20/80,resnet,google,30/70,0.23666668,0.47333333333333333,0.0
114,bing,False,SaltPepper,resnet,20/80,resnet,google,40/60,0.17333333,0.32,0.02666666666666667
115,bing,False,SaltPepper,resnet,20/80,resnet,google,50/50,0.086666666,0.02666666666666667,0.14666666666666667
116,bing,False,SaltPepper,resnet,20/80,vgg,google,20/80,0.23666668,0.44,0.03333333333333333
117,bing,False,SaltPepper,resnet,20/80,vgg,google,30/70,0.16,0.28,0.04
118,bing,False,SaltPepper,resnet,20/80,vgg,google,40/60,0.13000001,0.08666666666666667,0.17333333333333334
119,bing,False,SaltPepper,resnet,20/80,vgg,google,50/50,0.16666667,0.04,0.29333333333333333
120,bing,False,SaltPepper,resnet,30/70,alexnet,bing,20/80,0.23076923,0.49193548387096775,0.013422818791946308
121,bing,False,SaltPepper,resnet,30/70,alexnet,bing,30/70,0.19928825,0.4,0.0136986301369863
122,bing,False,SaltPepper,resnet,30/70,alexnet,bing,40/60,0.1614035,0.3006993006993007,0.02112676056338028
123,bing,False,SaltPepper,resnet,30/70,alexnet,bing,50/50,0.1958042,0.3900709219858156,0.006896551724137931
124,bing,False,SaltPepper,resnet,30/70,resnet,bing,20/80,0.2,0.40425531914893614,0.006711409395973154
125,bing,False,SaltPepper,resnet,30/70,resnet,bing,30/70,0.18881118,0.38405797101449274,0.006756756756756757
126,bing,False,SaltPepper,resnet,30/70,resnet,bing,40/60,0.16262977,0.2937062937062937,0.03424657534246575
127,bing,False,SaltPepper,resnet,30/70,resnet,bing,50/50,0.075862065,0.041666666666666664,0.1095890410958904
128,bing,False,SaltPepper,resnet,30/70,vgg,bing,20/80,0.13541667,0.18571428571428572,0.08783783783783784
129,bing,False,SaltPepper,resnet,30/70,vgg,bing,30/70,0.13937283,0.17266187050359713,0.10810810810810811
130,bing,False,SaltPepper,resnet,30/70,vgg,bing,40/60,0.13993174,0.05517241379310345,0.22297297297297297
131,bing,False,SaltPepper,resnet,30/70,vgg,bing,50/50,0.12671232,0.04794520547945205,0.2054794520547945
132,bing,False,SaltPepper,resnet,30/70,alexnet,google,20/80,0.33,0.6533333333333333,0.006666666666666667
133,bing,False,SaltPepper,resnet,30/70,alexnet,google,30/70,0.31,0.6133333333333333,0.006666666666666667
134,bing,False,SaltPepper,resnet,30/70,alexnet,google,40/60,0.21333334,0.41333333333333333,0.013333333333333334
135,bing,False,SaltPepper,resnet,30/70,alexnet,google,50/50,0.16666667,0.26666666666666666,0.06666666666666667
136,bing,False,SaltPepper,resnet,30/70,resnet,google,20/80,0.28666666,0.5733333333333334,0.0
137,bing,False,SaltPepper,resnet,30/70,resnet,google,30/70,0.24333334,0.48,0.006666666666666667
138,bing,False,SaltPepper,resnet,30/70,resnet,google,40/60,0.16666667,0.32,0.013333333333333334
139,bing,False,SaltPepper,resnet,30/70,resnet,google,50/50,0.07666667,0.04666666666666667,0.10666666666666667
140,bing,False,SaltPepper,resnet,30/70,vgg,google,20/80,0.17333333,0.32666666666666666,0.02
141,bing,False,SaltPepper,resnet,30/70,vgg,google,30/70,0.13666667,0.20666666666666667,0.06666666666666667
142,bing,False,SaltPepper,resnet,30/70,vgg,google,40/60,0.13000001,0.07333333333333333,0.18666666666666668
143,bing,False,SaltPepper,resnet,30/70,vgg,google,50/50,0.15,0.04,0.26
144,bing,False,SaltPepper,resnet,40/60,alexnet,bing,20/80,0.23076923,0.49193548387096775,0.013422818791946308
145,bing,False,SaltPepper,resnet,40/60,alexnet,bing,30/70,0.19928825,0.4,0.0136986301369863
146,bing,False,SaltPepper,resnet,40/60,alexnet,bing,40/60,0.1614035,0.3006993006993007,0.02112676056338028
147,bing,False,SaltPepper,resnet,40/60,alexnet,bing,50/50,0.1958042,0.3900709219858156,0.006896551724137931
148,bing,False,SaltPepper,resnet,40/60,resnet,bing,20/80,0.2,0.40425531914893614,0.006711409395973154
149,bing,False,SaltPepper,resnet,40/60,resnet,bing,30/70,0.18881118,0.38405797101449274,0.006756756756756757
150,bing,False,SaltPepper,resnet,40/60,resnet,bing,40/60,0.16262977,0.2937062937062937,0.03424657534246575
151,bing,False,SaltPepper,resnet,40/60,resnet,bing,50/50,0.075862065,0.041666666666666664,0.1095890410958904
152,bing,False,SaltPepper,resnet,40/60,vgg,bing,20/80,0.13541667,0.18571428571428572,0.08783783783783784
153,bing,False,SaltPepper,resnet,40/60,vgg,bing,30/70,0.13937283,0.17266187050359713,0.10810810810810811
154,bing,False,SaltPepper,resnet,40/60,vgg,bing,40/60,0.13993174,0.05517241379310345,0.22297297297297297
155,bing,False,SaltPepper,resnet,40/60,vgg,bing,50/50,0.12671232,0.04794520547945205,0.2054794520547945
156,bing,False,SaltPepper,resnet,40/60,alexnet,google,20/80,0.33,0.6533333333333333,0.006666666666666667
157,bing,False,SaltPepper,resnet,40/60,alexnet,google,30/70,0.31,0.6133333333333333,0.006666666666666667
158,bing,False,SaltPepper,resnet,40/60,alexnet,google,40/60,0.21333334,0.41333333333333333,0.013333333333333334
159,bing,False,SaltPepper,resnet,40/60,alexnet,google,50/50,0.16666667,0.26666666666666666,0.06666666666666667
160,bing,False,SaltPepper,resnet,40/60,resnet,google,20/80,0.28666666,0.5733333333333334,0.0
161,bing,False,SaltPepper,resnet,40/60,resnet,google,30/70,0.24333334,0.48,0.006666666666666667
162,bing,False,SaltPepper,resnet,40/60,resnet,google,40/60,0.16666667,0.32,0.013333333333333334
163,bing,False,SaltPepper,resnet,40/60,resnet,google,50/50,0.07666667,0.04666666666666667,0.10666666666666667
164,bing,False,SaltPepper,resnet,40/60,vgg,google,20/80,0.17333333,0.32666666666666666,0.02
165,bing,False,SaltPepper,resnet,40/60,vgg,google,30/70,0.13666667,0.20666666666666667,0.06666666666666667
166,bing,False,SaltPepper,resnet,40/60,vgg,google,40/60,0.13000001,0.07333333333333333,0.18666666666666668
167,bing,False,SaltPepper,resnet,40/60,vgg,google,50/50,0.15,0.04,0.26
168,bing,False,SaltPepper,resnet,50/50,alexnet,bing,20/80,0.22710623,0.4838709677419355,0.013422818791946308
169,bing,False,SaltPepper,resnet,50/50,alexnet,bing,30/70,0.22419928,0.45185185185185184,0.0136986301369863
170,bing,False,SaltPepper,resnet,50/50,alexnet,bing,40/60,0.15789475,0.3006993006993007,0.014084507042253521
171,bing,False,SaltPepper,resnet,50/50,alexnet,bing,50/50,0.2062937,0.3971631205673759,0.020689655172413793
172,bing,False,SaltPepper,resnet,50/50,resnet,bing,20/80,0.2137931,0.4326241134751773,0.006711409395973154
173,bing,False,SaltPepper,resnet,50/50,resnet,bing,30/70,0.18531469,0.38405797101449274,0.0
174,bing,False,SaltPepper,resnet,50/50,resnet,bing,40/60,0.15570934,0.2867132867132867,0.0273972602739726
175,bing,False,SaltPepper,resnet,50/50,resnet,bing,50/50,0.093103446,0.04861111111111111,0.136986301369863
176,bing,False,SaltPepper,resnet,50/50,vgg,bing,20/80,0.14583333,0.24285714285714285,0.05405405405405406
177,bing,False,SaltPepper,resnet,50/50,vgg,bing,30/70,0.14634146,0.2158273381294964,0.08108108108108109
178,bing,False,SaltPepper,resnet,50/50,vgg,bing,40/60,0.13651876,0.06896551724137931,0.20270270270270271
179,bing,False,SaltPepper,resnet,50/50,vgg,bing,50/50,0.14726028,0.0821917808219178,0.21232876712328766
180,bing,False,SaltPepper,resnet,50/50,alexnet,google,20/80,0.33333334,0.6533333333333333,0.013333333333333334
181,bing,False,SaltPepper,resnet,50/50,alexnet,google,30/70,0.32333335,0.64,0.006666666666666667
182,bing,False,SaltPepper,resnet,50/50,alexnet,google,40/60,0.23666668,0.46,0.013333333333333334
183,bing,False,SaltPepper,resnet,50/50,alexnet,google,50/50,0.16666667,0.24666666666666667,0.08666666666666667
184,bing,False,SaltPepper,resnet,50/50,resnet,google,20/80,0.30666667,0.6133333333333333,0.0
185,bing,False,SaltPepper,resnet,50/50,resnet,google,30/70,0.23666668,0.47333333333333333,0.0
186,bing,False,SaltPepper,resnet,50/50,resnet,google,40/60,0.17333333,0.32,0.02666666666666667
187,bing,False,SaltPepper,resnet,50/50,resnet,google,50/50,0.086666666,0.02666666666666667,0.14666666666666667
188,bing,False,SaltPepper,resnet,50/50,vgg,google,20/80,0.23666668,0.44,0.03333333333333333
189,bing,False,SaltPepper,resnet,50/50,vgg,google,30/70,0.16,0.28,0.04
190,bing,False,SaltPepper,resnet,50/50,vgg,google,40/60,0.13000001,0.08666666666666667,0.17333333333333334
191,bing,False,SaltPepper,resnet,50/50,vgg,google,50/50,0.16666667,0.04,0.29333333333333333
192,bing,False,SaltPepper,vgg,20/80,alexnet,bing,20/80,0.20512821,0.4435483870967742,0.006711409395973154
193,bing,False,SaltPepper,vgg,20/80,alexnet,bing,30/70,0.17793594,0.362962962962963,0.00684931506849315
194,bing,False,SaltPepper,vgg,20/80,alexnet,bing,40/60,0.16842106,0.3146853146853147,0.02112676056338028
195,bing,False,SaltPepper,vgg,20/80,alexnet,bing,50/50,0.1958042,0.3971631205673759,0.0
196,bing,False,SaltPepper,vgg,20/80,resnet,bing,20/80,0.18965517,0.3900709219858156,0.0
197,bing,False,SaltPepper,vgg,20/80,resnet,bing,30/70,0.17132866,0.34782608695652173,0.006756756756756757
198,bing,False,SaltPepper,vgg,20/80,resnet,bing,40/60,0.15224914,0.2867132867132867,0.02054794520547945
199,bing,False,SaltPepper,vgg,20/80,resnet,bing,50/50,0.075862065,0.041666666666666664,0.1095890410958904
200,bing,False,SaltPepper,vgg,20/80,vgg,bing,20/80,0.15277778,0.22142857142857142,0.08783783783783784
201,bing,False,SaltPepper,vgg,20/80,vgg,bing,30/70,0.1184669,0.14388489208633093,0.0945945945945946
202,bing,False,SaltPepper,vgg,20/80,vgg,bing,40/60,0.1433447,0.05517241379310345,0.22972972972972974
203,bing,False,SaltPepper,vgg,20/80,vgg,bing,50/50,0.1369863,0.0547945205479452,0.2191780821917808
204,bing,False,SaltPepper,vgg,20/80,alexnet,google,20/80,0.31333333,0.6266666666666667,0.0
205,bing,False,SaltPepper,vgg,20/80,alexnet,google,30/70,0.28666666,0.5733333333333334,0.0
206,bing,False,SaltPepper,vgg,20/80,alexnet,google,40/60,0.2,0.38,0.02
207,bing,False,SaltPepper,vgg,20/80,alexnet,google,50/50,0.16333334,0.24666666666666667,0.08
208,bing,False,SaltPepper,vgg,20/80,resnet,google,20/80,0.27666667,0.5533333333333333,0.0
209,bing,False,SaltPepper,vgg,20/80,resnet,google,30/70,0.22333334,0.44666666666666666,0.0
210,bing,False,SaltPepper,vgg,20/80,resnet,google,40/60,0.16666667,0.32,0.013333333333333334
211,bing,False,SaltPepper,vgg,20/80,resnet,google,50/50,0.07333334,0.03333333333333333,0.11333333333333333
212,bing,False,SaltPepper,vgg,20/80,vgg,google,20/80,0.18666667,0.35333333333333333,0.02
213,bing,False,SaltPepper,vgg,20/80,vgg,google,30/70,0.13666667,0.2,0.07333333333333333
214,bing,False,SaltPepper,vgg,20/80,vgg,google,40/60,0.123333335,0.06666666666666667,0.18
215,bing,False,SaltPepper,vgg,20/80,vgg,google,50/50,0.16666667,0.05333333333333334,0.28
216,bing,False,SaltPepper,vgg,30/70,alexnet,bing,20/80,0.22710623,0.4838709677419355,0.013422818791946308
217,bing,False,SaltPepper,vgg,30/70,alexnet,bing,30/70,0.22419928,0.45185185185185184,0.0136986301369863
218,bing,False,SaltPepper,vgg,30/70,alexnet,bing,40/60,0.15789475,0.3006993006993007,0.014084507042253521
219,bing,False,SaltPepper,vgg,30/70,alexnet,bing,50/50,0.2062937,0.3971631205673759,0.020689655172413793
220,bing,False,SaltPepper,vgg,30/70,resnet,bing,20/80,0.2137931,0.4326241134751773,0.006711409395973154
221,bing,False,SaltPepper,vgg,30/70,resnet,bing,30/70,0.18531469,0.38405797101449274,0.0
222,bing,False,SaltPepper,vgg,30/70,resnet,bing,40/60,0.15570934,0.2867132867132867,0.0273972602739726
223,bing,False,SaltPepper,vgg,30/70,resnet,bing,50/50,0.093103446,0.04861111111111111,0.136986301369863
224,bing,False,SaltPepper,vgg,30/70,vgg,bing,20/80,0.14583333,0.24285714285714285,0.05405405405405406
225,bing,False,SaltPepper,vgg,30/70,vgg,bing,30/70,0.14634146,0.2158273381294964,0.08108108108108109
226,bing,False,SaltPepper,vgg,30/70,vgg,bing,40/60,0.13651876,0.06896551724137931,0.20270270270270271
227,bing,False,SaltPepper,vgg,30/70,vgg,bing,50/50,0.14726028,0.0821917808219178,0.21232876712328766
228,bing,False,SaltPepper,vgg,30/70,alexnet,google,20/80,0.33333334,0.6533333333333333,0.013333333333333334
229,bing,False,SaltPepper,vgg,30/70,alexnet,google,30/70,0.32333335,0.64,0.006666666666666667
230,bing,False,SaltPepper,vgg,30/70,alexnet,google,40/60,0.23666668,0.46,0.013333333333333334
231,bing,False,SaltPepper,vgg,30/70,alexnet,google,50/50,0.16666667,0.24666666666666667,0.08666666666666667
232,bing,False,SaltPepper,vgg,30/70,resnet,google,20/80,0.30666667,0.6133333333333333,0.0
233,bing,False,SaltPepper,vgg,30/70,resnet,google,30/70,0.23666668,0.47333333333333333,0.0
234,bing,False,SaltPepper,vgg,30/70,resnet,google,40/60,0.17333333,0.32,0.02666666666666667
235,bing,False,SaltPepper,vgg,30/70,resnet,google,50/50,0.086666666,0.02666666666666667,0.14666666666666667
236,bing,False,SaltPepper,vgg,30/70,vgg,google,20/80,0.23666668,0.44,0.03333333333333333
237,bing,False,SaltPepper,vgg,30/70,vgg,google,30/70,0.16,0.28,0.04
238,bing,False,SaltPepper,vgg,30/70,vgg,google,40/60,0.13000001,0.08666666666666667,0.17333333333333334
239,bing,False,SaltPepper,vgg,30/70,vgg,google,50/50,0.16666667,0.04,0.29333333333333333
240,bing,False,SaltPepper,vgg,40/60,alexnet,bing,20/80,0.20512821,0.4435483870967742,0.006711409395973154
241,bing,False,SaltPepper,vgg,40/60,alexnet,bing,30/70,0.17793594,0.362962962962963,0.00684931506849315
242,bing,False,SaltPepper,vgg,40/60,alexnet,bing,40/60,0.16842106,0.3146853146853147,0.02112676056338028
243,bing,False,SaltPepper,vgg,40/60,alexnet,bing,50/50,0.1958042,0.3971631205673759,0.0
244,bing,False,SaltPepper,vgg,40/60,resnet,bing,20/80,0.18965517,0.3900709219858156,0.0
245,bing,False,SaltPepper,vgg,40/60,resnet,bing,30/70,0.17132866,0.34782608695652173,0.006756756756756757
246,bing,False,SaltPepper,vgg,40/60,resnet,bing,40/60,0.15224914,0.2867132867132867,0.02054794520547945
247,bing,False,SaltPepper,vgg,40/60,resnet,bing,50/50,0.075862065,0.041666666666666664,0.1095890410958904
248,bing,False,SaltPepper,vgg,40/60,vgg,bing,20/80,0.15277778,0.22142857142857142,0.08783783783783784
249,bing,False,SaltPepper,vgg,40/60,vgg,bing,30/70,0.1184669,0.14388489208633093,0.0945945945945946
250,bing,False,SaltPepper,vgg,40/60,vgg,bing,40/60,0.1433447,0.05517241379310345,0.22972972972972974
251,bing,False,SaltPepper,vgg,40/60,vgg,bing,50/50,0.1369863,0.0547945205479452,0.2191780821917808
252,bing,False,SaltPepper,vgg,40/60,alexnet,google,20/80,0.31333333,0.6266666666666667,0.0
253,bing,False,SaltPepper,vgg,40/60,alexnet,google,30/70,0.28666666,0.5733333333333334,0.0
254,bing,False,SaltPepper,vgg,40/60,alexnet,google,40/60,0.2,0.38,0.02
255,bing,False,SaltPepper,vgg,40/60,alexnet,google,50/50,0.16333334,0.24666666666666667,0.08
256,bing,False,SaltPepper,vgg,40/60,resnet,google,20/80,0.27666667,0.5533333333333333,0.0
257,bing,False,SaltPepper,vgg,40/60,resnet,google,30/70,0.22333334,0.44666666666666666,0.0
258,bing,False,SaltPepper,vgg,40/60,resnet,google,40/60,0.16666667,0.32,0.013333333333333334
259,bing,False,SaltPepper,vgg,40/60,resnet,google,50/50,0.07333334,0.03333333333333333,0.11333333333333333
260,bing,False,SaltPepper,vgg,40/60,vgg,google,20/80,0.18666667,0.35333333333333333,0.02
261,bing,False,SaltPepper,vgg,40/60,vgg,google,30/70,0.13666667,0.2,0.07333333333333333
262,bing,False,SaltPepper,vgg,40/60,vgg,google,40/60,0.123333335,0.06666666666666667,0.18
263,bing,False,SaltPepper,vgg,40/60,vgg,google,50/50,0.16666667,0.05333333333333334,0.28
264,bing,False,SaltPepper,vgg,50/50,alexnet,bing,20/80,0.22710623,0.4838709677419355,0.013422818791946308
265,bing,False,SaltPepper,vgg,50/50,alexnet,bing,30/70,0.22419928,0.45185185185185184,0.0136986301369863
266,bing,False,SaltPepper,vgg,50/50,alexnet,bing,40/60,0.15789475,0.3006993006993007,0.014084507042253521
267,bing,False,SaltPepper,vgg,50/50,alexnet,bing,50/50,0.2062937,0.3971631205673759,0.020689655172413793
268,bing,False,SaltPepper,vgg,50/50,resnet,bing,20/80,0.2137931,0.4326241134751773,0.006711409395973154
269,bing,False,SaltPepper,vgg,50/50,resnet,bing,30/70,0.18531469,0.38405797101449274,0.0
270,bing,False,SaltPepper,vgg,50/50,resnet,bing,40/60,0.15570934,0.2867132867132867,0.0273972602739726
271,bing,False,SaltPepper,vgg,50/50,resnet,bing,50/50,0.093103446,0.04861111111111111,0.136986301369863
272,bing,False,SaltPepper,vgg,50/50,vgg,bing,20/80,0.14583333,0.24285714285714285,0.05405405405405406
273,bing,False,SaltPepper,vgg,50/50,vgg,bing,30/70,0.14634146,0.2158273381294964,0.08108108108108109
274,bing,False,SaltPepper,vgg,50/50,vgg,bing,40/60,0.13651876,0.06896551724137931,0.20270270270270271
275,bing,False,SaltPepper,vgg,50/50,vgg,bing,50/50,0.14726028,0.0821917808219178,0.21232876712328766
276,bing,False,SaltPepper,vgg,50/50,alexnet,google,20/80,0.33333334,0.6533333333333333,0.013333333333333334
277,bing,False,SaltPepper,vgg,50/50,alexnet,google,30/70,0.32333335,0.64,0.006666666666666667
278,bing,False,SaltPepper,vgg,50/50,alexnet,google,40/60,0.23666668,0.46,0.013333333333333334
279,bing,False,SaltPepper,vgg,50/50,alexnet,google,50/50,0.16666667,0.24666666666666667,0.08666666666666667
280,bing,False,SaltPepper,vgg,50/50,resnet,google,20/80,0.30666667,0.6133333333333333,0.0
281,bing,False,SaltPepper,vgg,50/50,resnet,google,30/70,0.23666668,0.47333333333333333,0.0
282,bing,False,SaltPepper,vgg,50/50,resnet,google,40/60,0.17333333,0.32,0.02666666666666667
283,bing,False,SaltPepper,vgg,50/50,resnet,google,50/50,0.086666666,0.02666666666666667,0.14666666666666667
284,bing,False,SaltPepper,vgg,50/50,vgg,google,20/80,0.23666668,0.44,0.03333333333333333
285,bing,False,SaltPepper,vgg,50/50,vgg,google,30/70,0.16,0.28,0.04
286,bing,False,SaltPepper,vgg,50/50,vgg,google,40/60,0.13000001,0.08666666666666667,0.17333333333333334
287,bing,False,SaltPepper,vgg,50/50,vgg,google,50/50,0.16666667,0.04,0.29333333333333333
288,google,False,SaltPepper,alexnet,20/80,alexnet,bing,20/80,0.25,0.4866666666666667,0.013333333333333334
289,google,False,SaltPepper,alexnet,20/80,alexnet,bing,30/70,0.2,0.38,0.02
290,google,False,SaltPepper,alexnet,20/80,alexnet,bing,40/60,0.14,0.22666666666666666,0.05333333333333334
291,google,False,SaltPepper,alexnet,20/80,alexnet,bing,50/50,0.2,0.36666666666666664,0.03333333333333333
292,google,False,SaltPepper,alexnet,20/80,resnet,bing,20/80,0.21333334,0.4,0.02666666666666667
293,google,False,SaltPepper,alexnet,20/80,resnet,bing,30/70,0.17333333,0.3333333333333333,0.013333333333333334
294,google,False,SaltPepper,alexnet,20/80,resnet,bing,40/60,0.13000001,0.21333333333333335,0.04666666666666667
295,google,False,SaltPepper,alexnet,20/80,resnet,bing,50/50,0.10666667,0.06,0.15333333333333332
296,google,False,SaltPepper,alexnet,20/80,vgg,bing,20/80,0.14333333,0.16666666666666666,0.12
297,google,False,SaltPepper,alexnet,20/80,vgg,bing,30/70,0.12666667,0.10666666666666667,0.14666666666666667
298,google,False,SaltPepper,alexnet,20/80,vgg,bing,40/60,0.13333334,0.02666666666666667,0.24
299,google,False,SaltPepper,alexnet,20/80,vgg,bing,50/50,0.14333333,0.02,0.26666666666666666
300,google,False,SaltPepper,alexnet,20/80,alexnet,google,20/80,0.27697843,0.539568345323741,0.014388489208633094
301,google,False,SaltPepper,alexnet,20/80,alexnet,google,30/70,0.23076923,0.45454545454545453,0.006993006993006993
302,google,False,SaltPepper,alexnet,20/80,alexnet,google,40/60,0.16312057,0.2978723404255319,0.028368794326241134
303,google,False,SaltPepper,alexnet,20/80,alexnet,google,50/50,0.11870504,0.17985611510791366,0.05755395683453238
304,google,False,SaltPepper,alexnet,20/80,resnet,google,20/80,0.2673611,0.5347222222222222,0.0
305,google,False,SaltPepper,alexnet,20/80,resnet,google,30/70,0.22758621,0.45517241379310347,0.0
306,google,False,SaltPepper,alexnet,20/80,resnet,google,40/60,0.15410958,0.2671232876712329,0.0410958904109589
307,google,False,SaltPepper,alexnet,20/80,resnet,google,50/50,0.11564626,0.07482993197278912,0.1564625850340136
308,google,False,SaltPepper,alexnet,20/80,vgg,google,20/80,0.15068492,0.2534246575342466,0.04794520547945205
309,google,False,SaltPepper,alexnet,20/80,vgg,google,30/70,0.1292517,0.14285714285714285,0.11564625850340136
310,google,False,SaltPepper,alexnet,20/80,vgg,google,40/60,0.12837838,0.04054054054054054,0.21621621621621623
311,google,False,SaltPepper,alexnet,20/80,vgg,google,50/50,0.16554055,0.006756756756756757,0.32432432432432434
312,google,False,SaltPepper,alexnet,30/70,alexnet,bing,20/80,0.25,0.4866666666666667,0.013333333333333334
313,google,False,SaltPepper,alexnet,30/70,alexnet,bing,30/70,0.2,0.38,0.02
314,google,False,SaltPepper,alexnet,30/70,alexnet,bing,40/60,0.14,0.22666666666666666,0.05333333333333334
315,google,False,SaltPepper,alexnet,30/70,alexnet,bing,50/50,0.2,0.36666666666666664,0.03333333333333333
316,google,False,SaltPepper,alexnet,30/70,resnet,bing,20/80,0.21333334,0.4,0.02666666666666667
317,google,False,SaltPepper,alexnet,30/70,resnet,bing,30/70,0.17333333,0.3333333333333333,0.013333333333333334
318,google,False,SaltPepper,alexnet,30/70,resnet,bing,40/60,0.13000001,0.21333333333333335,0.04666666666666667
319,google,False,SaltPepper,alexnet,30/70,resnet,bing,50/50,0.10666667,0.06,0.15333333333333332
320,google,False,SaltPepper,alexnet,30/70,vgg,bing,20/80,0.14333333,0.16666666666666666,0.12
321,google,False,SaltPepper,alexnet,30/70,vgg,bing,30/70,0.12666667,0.10666666666666667,0.14666666666666667
322,google,False,SaltPepper,alexnet,30/70,vgg,bing,40/60,0.13333334,0.02666666666666667,0.24
323,google,False,SaltPepper,alexnet,30/70,vgg,bing,50/50,0.14333333,0.02,0.26666666666666666
324,google,False,SaltPepper,alexnet,30/70,alexnet,google,20/80,0.27697843,0.539568345323741,0.014388489208633094
325,google,False,SaltPepper,alexnet,30/70,alexnet,google,30/70,0.23076923,0.45454545454545453,0.006993006993006993
326,google,False,SaltPepper,alexnet,30/70,alexnet,google,40/60,0.16312057,0.2978723404255319,0.028368794326241134
327,google,False,SaltPepper,alexnet,30/70,alexnet,google,50/50,0.11870504,0.17985611510791366,0.05755395683453238
328,google,False,SaltPepper,alexnet,30/70,resnet,google,20/80,0.2673611,0.5347222222222222,0.0
329,google,False,SaltPepper,alexnet,30/70,resnet,google,30/70,0.22758621,0.45517241379310347,0.0
330,google,False,SaltPepper,alexnet,30/70,resnet,google,40/60,0.15410958,0.2671232876712329,0.0410958904109589
331,google,False,SaltPepper,alexnet,30/70,resnet,google,50/50,0.11564626,0.07482993197278912,0.1564625850340136
332,google,False,SaltPepper,alexnet,30/70,vgg,google,20/80,0.15068492,0.2534246575342466,0.04794520547945205
333,google,False,SaltPepper,alexnet,30/70,vgg,google,30/70,0.1292517,0.14285714285714285,0.11564625850340136
334,google,False,SaltPepper,alexnet,30/70,vgg,google,40/60,0.12837838,0.04054054054054054,0.21621621621621623
335,google,False,SaltPepper,alexnet,30/70,vgg,google,50/50,0.16554055,0.006756756756756757,0.32432432432432434
336,google,False,SaltPepper,alexnet,40/60,alexnet,bing,20/80,0.25,0.4866666666666667,0.013333333333333334
337,google,False,SaltPepper,alexnet,40/60,alexnet,bing,30/70,0.2,0.38,0.02
338,google,False,SaltPepper,alexnet,40/60,alexnet,bing,40/60,0.14,0.22666666666666666,0.05333333333333334
339,google,False,SaltPepper,alexnet,40/60,alexnet,bing,50/50,0.2,0.36666666666666664,0.03333333333333333
340,google,False,SaltPepper,alexnet,40/60,resnet,bing,20/80,0.21333334,0.4,0.02666666666666667
341,google,False,SaltPepper,alexnet,40/60,resnet,bing,30/70,0.17333333,0.3333333333333333,0.013333333333333334
342,google,False,SaltPepper,alexnet,40/60,resnet,bing,40/60,0.13000001,0.21333333333333335,0.04666666666666667
343,google,False,SaltPepper,alexnet,40/60,resnet,bing,50/50,0.10666667,0.06,0.15333333333333332
344,google,False,SaltPepper,alexnet,40/60,vgg,bing,20/80,0.14333333,0.16666666666666666,0.12
345,google,False,SaltPepper,alexnet,40/60,vgg,bing,30/70,0.12666667,0.10666666666666667,0.14666666666666667
346,google,False,SaltPepper,alexnet,40/60,vgg,bing,40/60,0.13333334,0.02666666666666667,0.24
347,google,False,SaltPepper,alexnet,40/60,vgg,bing,50/50,0.14333333,0.02,0.26666666666666666
348,google,False,SaltPepper,alexnet,40/60,alexnet,google,20/80,0.27697843,0.539568345323741,0.014388489208633094
349,google,False,SaltPepper,alexnet,40/60,alexnet,google,30/70,0.23076923,0.45454545454545453,0.006993006993006993
350,google,False,SaltPepper,alexnet,40/60,alexnet,google,40/60,0.16312057,0.2978723404255319,0.028368794326241134
351,google,False,SaltPepper,alexnet,40/60,alexnet,google,50/50,0.11870504,0.17985611510791366,0.05755395683453238
352,google,False,SaltPepper,alexnet,40/60,resnet,google,20/80,0.2673611,0.5347222222222222,0.0
353,google,False,SaltPepper,alexnet,40/60,resnet,google,30/70,0.22758621,0.45517241379310347,0.0
354,google,False,SaltPepper,alexnet,40/60,resnet,google,40/60,0.15410958,0.2671232876712329,0.0410958904109589
355,google,False,SaltPepper,alexnet,40/60,resnet,google,50/50,0.11564626,0.07482993197278912,0.1564625850340136
356,google,False,SaltPepper,alexnet,40/60,vgg,google,20/80,0.15068492,0.2534246575342466,0.04794520547945205
357,google,False,SaltPepper,alexnet,40/60,vgg,google,30/70,0.1292517,0.14285714285714285,0.11564625850340136
358,google,False,SaltPepper,alexnet,40/60,vgg,google,40/60,0.12837838,0.04054054054054054,0.21621621621621623
359,google,False,SaltPepper,alexnet,40/60,vgg,google,50/50,0.16554055,0.006756756756756757,0.32432432432432434
360,google,False,SaltPepper,alexnet,50/50,alexnet,bing,20/80,0.25,0.4866666666666667,0.013333333333333334
361,google,False,SaltPepper,alexnet,50/50,alexnet,bing,30/70,0.2,0.38,0.02
362,google,False,SaltPepper,alexnet,50/50,alexnet,bing,40/60,0.14,0.22666666666666666,0.05333333333333334
363,google,False,SaltPepper,alexnet,50/50,alexnet,bing,50/50,0.2,0.36666666666666664,0.03333333333333333
364,google,False,SaltPepper,alexnet,50/50,resnet,bing,20/80,0.21333334,0.4,0.02666666666666667
365,google,False,SaltPepper,alexnet,50/50,resnet,bing,30/70,0.17333333,0.3333333333333333,0.013333333333333334
366,google,False,SaltPepper,alexnet,50/50,resnet,bing,40/60,0.13000001,0.21333333333333335,0.04666666666666667
367,google,False,SaltPepper,alexnet,50/50,resnet,bing,50/50,0.10666667,0.06,0.15333333333333332
368,google,False,SaltPepper,alexnet,50/50,vgg,bing,20/80,0.14333333,0.16666666666666666,0.12
369,google,False,SaltPepper,alexnet,50/50,vgg,bing,30/70,0.12666667,0.10666666666666667,0.14666666666666667
370,google,False,SaltPepper,alexnet,50/50,vgg,bing,40/60,0.13333334,0.02666666666666667,0.24
371,google,False,SaltPepper,alexnet,50/50,vgg,bing,50/50,0.14333333,0.02,0.26666666666666666
372,google,False,SaltPepper,alexnet,50/50,alexnet,google,20/80,0.27697843,0.539568345323741,0.014388489208633094
373,google,False,SaltPepper,alexnet,50/50,alexnet,google,30/70,0.23076923,0.45454545454545453,0.006993006993006993
374,google,False,SaltPepper,alexnet,50/50,alexnet,google,40/60,0.16312057,0.2978723404255319,0.028368794326241134
375,google,False,SaltPepper,alexnet,50/50,alexnet,google,50/50,0.11870504,0.17985611510791366,0.05755395683453238
376,google,False,SaltPepper,alexnet,50/50,resnet,google,20/80,0.2673611,0.5347222222222222,0.0
377,google,False,SaltPepper,alexnet,50/50,resnet,google,30/70,0.22758621,0.45517241379310347,0.0
378,google,False,SaltPepper,alexnet,50/50,resnet,google,40/60,0.15410958,0.2671232876712329,0.0410958904109589
379,google,False,SaltPepper,alexnet,50/50,resnet,google,50/50,0.11564626,0.07482993197278912,0.1564625850340136
380,google,False,SaltPepper,alexnet,50/50,vgg,google,20/80,0.15068492,0.2534246575342466,0.04794520547945205
381,google,False,SaltPepper,alexnet,50/50,vgg,google,30/70,0.1292517,0.14285714285714285,0.11564625850340136
382,google,False,SaltPepper,alexnet,50/50,vgg,google,40/60,0.12837838,0.04054054054054054,0.21621621621621623
383,google,False,SaltPepper,alexnet,50/50,vgg,google,50/50,0.16554055,0.006756756756756757,0.32432432432432434
384,google,False,SaltPepper,resnet,20/80,alexnet,bing,20/80,0.25,0.4866666666666667,0.013333333333333334
385,google,False,SaltPepper,resnet,20/80,alexnet,bing,30/70,0.2,0.38,0.02
386,google,False,SaltPepper,resnet,20/80,alexnet,bing,40/60,0.14,0.22666666666666666,0.05333333333333334
387,google,False,SaltPepper,resnet,20/80,alexnet,bing,50/50,0.2,0.36666666666666664,0.03333333333333333
388,google,False,SaltPepper,resnet,20/80,resnet,bing,20/80,0.21333334,0.4,0.02666666666666667
389,google,False,SaltPepper,resnet,20/80,resnet,bing,30/70,0.17333333,0.3333333333333333,0.013333333333333334
390,google,False,SaltPepper,resnet,20/80,resnet,bing,40/60,0.13000001,0.21333333333333335,0.04666666666666667
391,google,False,SaltPepper,resnet,20/80,resnet,bing,50/50,0.10666667,0.06,0.15333333333333332
392,google,False,SaltPepper,resnet,20/80,vgg,bing,20/80,0.14333333,0.16666666666666666,0.12
393,google,False,SaltPepper,resnet,20/80,vgg,bing,30/70,0.12666667,0.10666666666666667,0.14666666666666667
