,source_dataset,isMath,attack,source_model,source_balancing,target_model,target_dataset,target_balancing,asr,asr_0,asr_1
0,bing,True,PGD,alexnet,20/80,alexnet,bing,20/80,0.21355931,0.1310344827586207,0.29333333333333333
1,bing,True,PGD,alexnet,20/80,alexnet,bing,30/70,0.13793103,0.07142857142857142,0.2
2,bing,True,PGD,alexnet,20/80,alexnet,bing,40/60,0.2585034,0.04827586206896552,0.46308724832214765
3,bing,True,PGD,alexnet,20/80,alexnet,bing,50/50,0.24914674,0.006944444444444444,0.48322147651006714
4,bing,True,PGD,alexnet,20/80,resnet,bing,20/80,0.0887372,0.15384615384615385,0.02666666666666667
5,bing,True,PGD,alexnet,20/80,resnet,bing,30/70,0.051194537,0.07692307692307693,0.02666666666666667
6,bing,True,PGD,alexnet,20/80,resnet,bing,40/60,0.098305084,0.013793103448275862,0.18
7,bing,True,PGD,alexnet,20/80,resnet,bing,50/50,0.122033894,0.0,0.24
8,bing,True,PGD,alexnet,20/80,vgg,bing,20/80,0.17346938,0.3472222222222222,0.006666666666666667
9,bing,True,PGD,alexnet,20/80,vgg,bing,30/70,0.094915256,0.13793103448275862,0.05333333333333334
10,bing,True,PGD,alexnet,20/80,vgg,bing,40/60,0.09152542,0.12413793103448276,0.06
11,bing,True,PGD,alexnet,20/80,vgg,bing,50/50,0.0777027,0.0684931506849315,0.08666666666666667
12,bing,True,PGD,alexnet,20/80,alexnet,google,20/80,0.21666667,0.10666666666666667,0.32666666666666666
13,bing,True,PGD,alexnet,20/80,alexnet,google,30/70,0.24666667,0.08666666666666667,0.4066666666666667
14,bing,True,PGD,alexnet,20/80,alexnet,google,40/60,0.26333335,0.07333333333333333,0.4533333333333333
15,bing,True,PGD,alexnet,20/80,alexnet,google,50/50,0.23,0.06,0.4
16,bing,True,PGD,alexnet,20/80,resnet,google,20/80,0.086666666,0.1,0.07333333333333333
17,bing,True,PGD,alexnet,20/80,resnet,google,30/70,0.06666667,0.10666666666666667,0.02666666666666667
18,bing,True,PGD,alexnet,20/80,resnet,google,40/60,0.13000001,0.03333333333333333,0.22666666666666666
19,bing,True,PGD,alexnet,20/80,resnet,google,50/50,0.11333334,0.013333333333333334,0.21333333333333335
20,bing,True,PGD,alexnet,20/80,vgg,google,20/80,0.13000001,0.24,0.02
21,bing,True,PGD,alexnet,20/80,vgg,google,30/70,0.09,0.14666666666666667,0.03333333333333333
22,bing,True,PGD,alexnet,20/80,vgg,google,40/60,0.093333334,0.10666666666666667,0.08
23,bing,True,PGD,alexnet,20/80,vgg,google,50/50,0.10666667,0.12,0.09333333333333334
24,bing,True,PGD,alexnet,30/70,alexnet,bing,20/80,0.16949153,0.06206896551724138,0.2733333333333333
25,bing,True,PGD,alexnet,30/70,alexnet,bing,30/70,0.14137931,0.07142857142857142,0.20666666666666667
26,bing,True,PGD,alexnet,30/70,alexnet,bing,40/60,0.23809524,0.013793103448275862,0.4563758389261745
27,bing,True,PGD,alexnet,30/70,alexnet,bing,50/50,0.24573378,0.0,0.48322147651006714
28,bing,True,PGD,alexnet,30/70,resnet,bing,20/80,0.061433446,0.1048951048951049,0.02
29,bing,True,PGD,alexnet,30/70,resnet,bing,30/70,0.03412969,0.03496503496503497,0.03333333333333333
30,bing,True,PGD,alexnet,30/70,resnet,bing,40/60,0.108474575,0.0,0.21333333333333335
31,bing,True,PGD,alexnet,30/70,resnet,bing,50/50,0.11525424,0.0,0.22666666666666666
32,bing,True,PGD,alexnet,30/70,vgg,bing,20/80,0.1462585,0.2847222222222222,0.013333333333333334
33,bing,True,PGD,alexnet,30/70,vgg,bing,30/70,0.06779661,0.08275862068965517,0.05333333333333334
34,bing,True,PGD,alexnet,30/70,vgg,bing,40/60,0.054237287,0.06206896551724138,0.04666666666666667
35,bing,True,PGD,alexnet,30/70,vgg,bing,50/50,0.057432435,0.03424657534246575,0.08
36,bing,True,PGD,alexnet,30/70,alexnet,google,20/80,0.19666667,0.08,0.31333333333333335
37,bing,True,PGD,alexnet,30/70,alexnet,google,30/70,0.23333333,0.07333333333333333,0.3933333333333333
38,bing,True,PGD,alexnet,30/70,alexnet,google,40/60,0.23333333,0.03333333333333333,0.43333333333333335
39,bing,True,PGD,alexnet,30/70,alexnet,google,50/50,0.21000001,0.05333333333333334,0.36666666666666664
40,bing,True,PGD,alexnet,30/70,resnet,google,20/80,0.07333334,0.08666666666666667,0.06
41,bing,True,PGD,alexnet,30/70,resnet,google,30/70,0.05,0.07333333333333333,0.02666666666666667
42,bing,True,PGD,alexnet,30/70,resnet,google,40/60,0.120000005,0.02666666666666667,0.21333333333333335
43,bing,True,PGD,alexnet,30/70,resnet,google,50/50,0.11333334,0.02,0.20666666666666667
44,bing,True,PGD,alexnet,30/70,vgg,google,20/80,0.11,0.20666666666666667,0.013333333333333334
45,bing,True,PGD,alexnet,30/70,vgg,google,30/70,0.06333333,0.1,0.02666666666666667
46,bing,True,PGD,alexnet,30/70,vgg,google,40/60,0.07,0.07333333333333333,0.06666666666666667
47,bing,True,PGD,alexnet,30/70,vgg,google,50/50,0.06666667,0.06666666666666667,0.06666666666666667
48,bing,True,PGD,alexnet,40/60,alexnet,bing,20/80,0.20338982,0.12413793103448276,0.28
49,bing,True,PGD,alexnet,40/60,alexnet,bing,30/70,0.13793103,0.07857142857142857,0.19333333333333333
50,bing,True,PGD,alexnet,40/60,alexnet,bing,40/60,0.26190475,0.04827586206896552,0.4697986577181208
51,bing,True,PGD,alexnet,40/60,alexnet,bing,50/50,0.27303752,0.006944444444444444,0.5302013422818792
52,bing,True,PGD,alexnet,40/60,resnet,bing,20/80,0.061433446,0.0979020979020979,0.02666666666666667
53,bing,True,PGD,alexnet,40/60,resnet,bing,30/70,0.03754266,0.04195804195804196,0.03333333333333333
54,bing,True,PGD,alexnet,40/60,resnet,bing,40/60,0.108474575,0.006896551724137931,0.20666666666666667
55,bing,True,PGD,alexnet,40/60,resnet,bing,50/50,0.122033894,0.0,0.24
56,bing,True,PGD,alexnet,40/60,vgg,bing,20/80,0.17006803,0.3402777777777778,0.006666666666666667
57,bing,True,PGD,alexnet,40/60,vgg,bing,30/70,0.108474575,0.1724137931034483,0.04666666666666667
58,bing,True,PGD,alexnet,40/60,vgg,bing,40/60,0.084745765,0.1103448275862069,0.06
59,bing,True,PGD,alexnet,40/60,vgg,bing,50/50,0.081081085,0.07534246575342465,0.08666666666666667
60,bing,True,PGD,alexnet,40/60,alexnet,google,20/80,0.21666667,0.1,0.3333333333333333
61,bing,True,PGD,alexnet,40/60,alexnet,google,30/70,0.25,0.10666666666666667,0.3933333333333333
62,bing,True,PGD,alexnet,40/60,alexnet,google,40/60,0.26666668,0.08666666666666667,0.44666666666666666
63,bing,True,PGD,alexnet,40/60,alexnet,google,50/50,0.23333333,0.07333333333333333,0.3933333333333333
64,bing,True,PGD,alexnet,40/60,resnet,google,20/80,0.086666666,0.09333333333333334,0.08
65,bing,True,PGD,alexnet,40/60,resnet,google,30/70,0.06333333,0.09333333333333334,0.03333333333333333
66,bing,True,PGD,alexnet,40/60,resnet,google,40/60,0.14,0.03333333333333333,0.24666666666666667
67,bing,True,PGD,alexnet,40/60,resnet,google,50/50,0.120000005,0.02,0.22
68,bing,True,PGD,alexnet,40/60,vgg,google,20/80,0.13333334,0.24666666666666667,0.02
69,bing,True,PGD,alexnet,40/60,vgg,google,30/70,0.1,0.16666666666666666,0.03333333333333333
70,bing,True,PGD,alexnet,40/60,vgg,google,40/60,0.086666666,0.11333333333333333,0.06
71,bing,True,PGD,alexnet,40/60,vgg,google,50/50,0.09666667,0.10666666666666667,0.08666666666666667
72,bing,True,PGD,alexnet,50/50,alexnet,bing,20/80,0.18305084,0.10344827586206896,0.26
73,bing,True,PGD,alexnet,50/50,alexnet,bing,30/70,0.13103448,0.07142857142857142,0.18666666666666668
74,bing,True,PGD,alexnet,50/50,alexnet,bing,40/60,0.2414966,0.041379310344827586,0.436241610738255
75,bing,True,PGD,alexnet,50/50,alexnet,bing,50/50,0.26962456,0.020833333333333332,0.5100671140939598
76,bing,True,PGD,alexnet,50/50,resnet,bing,20/80,0.07167235,0.1258741258741259,0.02
77,bing,True,PGD,alexnet,50/50,resnet,bing,30/70,0.047781568,0.055944055944055944,0.04
78,bing,True,PGD,alexnet,50/50,resnet,bing,40/60,0.10169491,0.0,0.2
79,bing,True,PGD,alexnet,50/50,resnet,bing,50/50,0.118644066,0.0,0.23333333333333334
80,bing,True,PGD,alexnet,50/50,vgg,bing,20/80,0.16666666,0.3402777777777778,0.0
81,bing,True,PGD,alexnet,50/50,vgg,bing,30/70,0.10508475,0.16551724137931034,0.04666666666666667
82,bing,True,PGD,alexnet,50/50,vgg,bing,40/60,0.0779661,0.11724137931034483,0.04
83,bing,True,PGD,alexnet,50/50,vgg,bing,50/50,0.0777027,0.0684931506849315,0.08666666666666667
84,bing,True,PGD,alexnet,50/50,alexnet,google,20/80,0.19,0.1,0.28
85,bing,True,PGD,alexnet,50/50,alexnet,google,30/70,0.25333333,0.10666666666666667,0.4
86,bing,True,PGD,alexnet,50/50,alexnet,google,40/60,0.26333335,0.08666666666666667,0.44
87,bing,True,PGD,alexnet,50/50,alexnet,google,50/50,0.24000001,0.08,0.4
88,bing,True,PGD,alexnet,50/50,resnet,google,20/80,0.07666667,0.08666666666666667,0.06666666666666667
89,bing,True,PGD,alexnet,50/50,resnet,google,30/70,0.060000002,0.09333333333333334,0.02666666666666667
90,bing,True,PGD,alexnet,50/50,resnet,google,40/60,0.13333334,0.03333333333333333,0.23333333333333334
91,bing,True,PGD,alexnet,50/50,resnet,google,50/50,0.11333334,0.02,0.20666666666666667
92,bing,True,PGD,alexnet,50/50,vgg,google,20/80,0.13333334,0.24,0.02666666666666667
93,bing,True,PGD,alexnet,50/50,vgg,google,30/70,0.1,0.16666666666666666,0.03333333333333333
94,bing,True,PGD,alexnet,50/50,vgg,google,40/60,0.08,0.10666666666666667,0.05333333333333334
95,bing,True,PGD,alexnet,50/50,vgg,google,50/50,0.1,0.11333333333333333,0.08666666666666667
96,bing,True,PGD,resnet,20/80,alexnet,bing,20/80,0.044067796,0.013793103448275862,0.07333333333333333
97,bing,True,PGD,resnet,20/80,alexnet,bing,30/70,0.031034483,0.0,0.06
98,bing,True,PGD,resnet,20/80,alexnet,bing,40/60,0.091836736,0.0,0.18120805369127516
99,bing,True,PGD,resnet,20/80,alexnet,bing,50/50,0.102389075,0.0,0.20134228187919462
100,bing,True,PGD,resnet,20/80,resnet,bing,20/80,0.18430033,0.23076923076923078,0.14
101,bing,True,PGD,resnet,20/80,resnet,bing,30/70,0.1331058,0.11888111888111888,0.14666666666666667
102,bing,True,PGD,resnet,20/80,resnet,bing,40/60,0.2542373,0.0,0.5
103,bing,True,PGD,resnet,20/80,resnet,bing,50/50,0.2338983,0.0,0.46
104,bing,True,PGD,resnet,20/80,vgg,bing,20/80,0.17346938,0.3402777777777778,0.013333333333333334
105,bing,True,PGD,resnet,20/80,vgg,bing,30/70,0.098305084,0.12413793103448276,0.07333333333333333
106,bing,True,PGD,resnet,20/80,vgg,bing,40/60,0.10508475,0.09655172413793103,0.11333333333333333
107,bing,True,PGD,resnet,20/80,vgg,bing,50/50,0.097972974,0.06164383561643835,0.13333333333333333
108,bing,True,PGD,resnet,20/80,alexnet,google,20/80,0.060000002,0.02,0.1
109,bing,True,PGD,resnet,20/80,alexnet,google,30/70,0.07,0.02666666666666667,0.11333333333333333
110,bing,True,PGD,resnet,20/80,alexnet,google,40/60,0.09,0.02,0.16
111,bing,True,PGD,resnet,20/80,alexnet,google,50/50,0.086666666,0.02,0.15333333333333332
112,bing,True,PGD,resnet,20/80,resnet,google,20/80,0.24000001,0.16,0.32
113,bing,True,PGD,resnet,20/80,resnet,google,30/70,0.13666667,0.13333333333333333,0.14
114,bing,True,PGD,resnet,20/80,resnet,google,40/60,0.27333334,0.04,0.5066666666666667
115,bing,True,PGD,resnet,20/80,resnet,google,50/50,0.21000001,0.02666666666666667,0.3933333333333333
116,bing,True,PGD,resnet,20/80,vgg,google,20/80,0.12666667,0.23333333333333334,0.02
117,bing,True,PGD,resnet,20/80,vgg,google,30/70,0.093333334,0.13333333333333333,0.05333333333333334
118,bing,True,PGD,resnet,20/80,vgg,google,40/60,0.13000001,0.12,0.14
119,bing,True,PGD,resnet,20/80,vgg,google,50/50,0.12666667,0.12666666666666668,0.12666666666666668
120,bing,True,PGD,resnet,30/70,alexnet,bing,20/80,0.037288137,0.006896551724137931,0.06666666666666667
121,bing,True,PGD,resnet,30/70,alexnet,bing,30/70,0.024137931,0.0,0.04666666666666667
122,bing,True,PGD,resnet,30/70,alexnet,bing,40/60,0.07482993,0.0,0.1476510067114094
123,bing,True,PGD,resnet,30/70,alexnet,bing,50/50,0.08191126,0.0,0.1610738255033557
124,bing,True,PGD,resnet,30/70,resnet,bing,20/80,0.12627986,0.16783216783216784,0.08666666666666667
125,bing,True,PGD,resnet,30/70,resnet,bing,30/70,0.18430033,0.1888111888111888,0.18
126,bing,True,PGD,resnet,30/70,resnet,bing,40/60,0.26101694,0.013793103448275862,0.5
127,bing,True,PGD,resnet,30/70,resnet,bing,50/50,0.2338983,0.006896551724137931,0.4533333333333333
128,bing,True,PGD,resnet,30/70,vgg,bing,20/80,0.15986395,0.3125,0.013333333333333334
129,bing,True,PGD,resnet,30/70,vgg,bing,30/70,0.10169491,0.13793103448275862,0.06666666666666667
130,bing,True,PGD,resnet,30/70,vgg,bing,40/60,0.098305084,0.09655172413793103,0.1
131,bing,True,PGD,resnet,30/70,vgg,bing,50/50,0.11486487,0.0684931506849315,0.16
132,bing,True,PGD,resnet,30/70,alexnet,google,20/80,0.053333335,0.02,0.08666666666666667
133,bing,True,PGD,resnet,30/70,alexnet,google,30/70,0.060000002,0.02666666666666667,0.09333333333333334
134,bing,True,PGD,resnet,30/70,alexnet,google,40/60,0.08,0.02,0.14
135,bing,True,PGD,resnet,30/70,alexnet,google,50/50,0.07333334,0.02,0.12666666666666668
136,bing,True,PGD,resnet,30/70,resnet,google,20/80,0.15,0.1,0.2
137,bing,True,PGD,resnet,30/70,resnet,google,30/70,0.19333334,0.18,0.20666666666666667
138,bing,True,PGD,resnet,30/70,resnet,google,40/60,0.25666666,0.05333333333333334,0.46
139,bing,True,PGD,resnet,30/70,resnet,google,50/50,0.20666668,0.03333333333333333,0.38
140,bing,True,PGD,resnet,30/70,vgg,google,20/80,0.12666667,0.22666666666666666,0.02666666666666667
141,bing,True,PGD,resnet,30/70,vgg,google,30/70,0.10333334,0.14666666666666667,0.06
142,bing,True,PGD,resnet,30/70,vgg,google,40/60,0.10666667,0.09333333333333334,0.12
143,bing,True,PGD,resnet,30/70,vgg,google,50/50,0.11333334,0.1,0.12666666666666668
144,bing,True,PGD,resnet,40/60,alexnet,bing,20/80,0.044067796,0.013793103448275862,0.07333333333333333
145,bing,True,PGD,resnet,40/60,alexnet,bing,30/70,0.024137931,0.0,0.04666666666666667
146,bing,True,PGD,resnet,40/60,alexnet,bing,40/60,0.091836736,0.0,0.18120805369127516
147,bing,True,PGD,resnet,40/60,alexnet,bing,50/50,0.08532423,0.0,0.16778523489932887
148,bing,True,PGD,resnet,40/60,resnet,bing,20/80,0.15699658,0.23076923076923078,0.08666666666666667
149,bing,True,PGD,resnet,40/60,resnet,bing,30/70,0.16382252,0.16783216783216784,0.16
150,bing,True,PGD,resnet,40/60,resnet,bing,40/60,0.3322034,0.04827586206896552,0.6066666666666667
151,bing,True,PGD,resnet,40/60,resnet,bing,50/50,0.24067797,0.013793103448275862,0.46
152,bing,True,PGD,resnet,40/60,vgg,bing,20/80,0.1802721,0.3541666666666667,0.013333333333333334
153,bing,True,PGD,resnet,40/60,vgg,bing,30/70,0.11525424,0.15172413793103448,0.08
154,bing,True,PGD,resnet,40/60,vgg,bing,40/60,0.10508475,0.1103448275862069,0.1
155,bing,True,PGD,resnet,40/60,vgg,bing,50/50,0.11148649,0.07534246575342465,0.14666666666666667
156,bing,True,PGD,resnet,40/60,alexnet,google,20/80,0.060000002,0.02666666666666667,0.09333333333333334
157,bing,True,PGD,resnet,40/60,alexnet,google,30/70,0.07333334,0.02,0.12666666666666668
158,bing,True,PGD,resnet,40/60,alexnet,google,40/60,0.083333336,0.02,0.14666666666666667
159,bing,True,PGD,resnet,40/60,alexnet,google,50/50,0.07333334,0.02,0.12666666666666668
160,bing,True,PGD,resnet,40/60,resnet,google,20/80,0.19,0.15333333333333332,0.22666666666666666
161,bing,True,PGD,resnet,40/60,resnet,google,30/70,0.18,0.2,0.16
162,bing,True,PGD,resnet,40/60,resnet,google,40/60,0.31333333,0.09333333333333334,0.5333333333333333
163,bing,True,PGD,resnet,40/60,resnet,google,50/50,0.21666667,0.04,0.3933333333333333
164,bing,True,PGD,resnet,40/60,vgg,google,20/80,0.14333333,0.24666666666666667,0.04
165,bing,True,PGD,resnet,40/60,vgg,google,30/70,0.12666667,0.18666666666666668,0.06666666666666667
166,bing,True,PGD,resnet,40/60,vgg,google,40/60,0.120000005,0.11333333333333333,0.12666666666666668
167,bing,True,PGD,resnet,40/60,vgg,google,50/50,0.11666667,0.11333333333333333,0.12
168,bing,True,PGD,resnet,50/50,alexnet,bing,20/80,0.040677965,0.006896551724137931,0.07333333333333333
169,bing,True,PGD,resnet,50/50,alexnet,bing,30/70,0.027586207,0.0,0.05333333333333334
170,bing,True,PGD,resnet,50/50,alexnet,bing,40/60,0.088435374,0.0,0.174496644295302
171,bing,True,PGD,resnet,50/50,alexnet,bing,50/50,0.11604095,0.0,0.22818791946308725
172,bing,True,PGD,resnet,50/50,resnet,bing,20/80,0.12969282,0.18181818181818182,0.08
173,bing,True,PGD,resnet,50/50,resnet,bing,30/70,0.12627986,0.11888111888111888,0.13333333333333333
174,bing,True,PGD,resnet,50/50,resnet,bing,40/60,0.31525424,0.041379310344827586,0.58
175,bing,True,PGD,resnet,50/50,resnet,bing,50/50,0.3016949,0.027586206896551724,0.5666666666666667
176,bing,True,PGD,resnet,50/50,vgg,bing,20/80,0.17687075,0.3472222222222222,0.013333333333333334
177,bing,True,PGD,resnet,50/50,vgg,bing,30/70,0.118644066,0.1793103448275862,0.06
178,bing,True,PGD,resnet,50/50,vgg,bing,40/60,0.108474575,0.1103448275862069,0.10666666666666667
179,bing,True,PGD,resnet,50/50,vgg,bing,50/50,0.11486487,0.0684931506849315,0.16
180,bing,True,PGD,resnet,50/50,alexnet,google,20/80,0.07333334,0.02,0.12666666666666668
181,bing,True,PGD,resnet,50/50,alexnet,google,30/70,0.08,0.02666666666666667,0.13333333333333333
182,bing,True,PGD,resnet,50/50,alexnet,google,40/60,0.093333334,0.02,0.16666666666666666
183,bing,True,PGD,resnet,50/50,alexnet,google,50/50,0.093333334,0.02,0.16666666666666666
184,bing,True,PGD,resnet,50/50,resnet,google,20/80,0.19666667,0.14666666666666667,0.24666666666666667
185,bing,True,PGD,resnet,50/50,resnet,google,30/70,0.12666667,0.12666666666666668,0.12666666666666668
186,bing,True,PGD,resnet,50/50,resnet,google,40/60,0.30666667,0.06,0.5533333333333333
187,bing,True,PGD,resnet,50/50,resnet,google,50/50,0.25666666,0.04,0.47333333333333333
188,bing,True,PGD,resnet,50/50,vgg,google,20/80,0.15333334,0.26666666666666666,0.04
189,bing,True,PGD,resnet,50/50,vgg,google,30/70,0.120000005,0.18,0.06
190,bing,True,PGD,resnet,50/50,vgg,google,40/60,0.13666667,0.12666666666666668,0.14666666666666667
191,bing,True,PGD,resnet,50/50,vgg,google,50/50,0.13666667,0.13333333333333333,0.14
192,bing,True,PGD,vgg,20/80,alexnet,bing,20/80,0.030508474,0.006896551724137931,0.05333333333333334
193,bing,True,PGD,vgg,20/80,alexnet,bing,30/70,0.01724138,0.0,0.03333333333333333
194,bing,True,PGD,vgg,20/80,alexnet,bing,40/60,0.05782313,0.0,0.11409395973154363
195,bing,True,PGD,vgg,20/80,alexnet,bing,50/50,0.06484641,0.0,0.12751677852348994
196,bing,True,PGD,vgg,20/80,resnet,bing,20/80,0.03412969,0.055944055944055944,0.013333333333333334
197,bing,True,PGD,vgg,20/80,resnet,bing,30/70,0.023890784,0.013986013986013986,0.03333333333333333
198,bing,True,PGD,vgg,20/80,resnet,bing,40/60,0.061016947,0.0,0.12
199,bing,True,PGD,vgg,20/80,resnet,bing,50/50,0.09152542,0.0,0.18
200,bing,True,PGD,vgg,20/80,vgg,bing,20/80,0.20408162,0.3819444444444444,0.03333333333333333
201,bing,True,PGD,vgg,20/80,vgg,bing,30/70,0.17288135,0.21379310344827587,0.13333333333333333
202,bing,True,PGD,vgg,20/80,vgg,bing,40/60,0.18983051,0.1724137931034483,0.20666666666666667
203,bing,True,PGD,vgg,20/80,vgg,bing,50/50,0.1587838,0.1095890410958904,0.20666666666666667
204,bing,True,PGD,vgg,20/80,alexnet,google,20/80,0.043333333,0.02666666666666667,0.06
205,bing,True,PGD,vgg,20/80,alexnet,google,30/70,0.053333335,0.02666666666666667,0.08
206,bing,True,PGD,vgg,20/80,alexnet,google,40/60,0.05,0.02,0.08
207,bing,True,PGD,vgg,20/80,alexnet,google,50/50,0.053333335,0.02,0.08666666666666667
208,bing,True,PGD,vgg,20/80,resnet,google,20/80,0.046666667,0.06666666666666667,0.02666666666666667
209,bing,True,PGD,vgg,20/80,resnet,google,30/70,0.03666667,0.04666666666666667,0.02666666666666667
210,bing,True,PGD,vgg,20/80,resnet,google,40/60,0.093333334,0.02666666666666667,0.16
211,bing,True,PGD,vgg,20/80,resnet,google,50/50,0.07333334,0.013333333333333334,0.13333333333333333
212,bing,True,PGD,vgg,20/80,vgg,google,20/80,0.2,0.29333333333333333,0.10666666666666667
213,bing,True,PGD,vgg,20/80,vgg,google,30/70,0.16,0.22666666666666666,0.09333333333333334
214,bing,True,PGD,vgg,20/80,vgg,google,40/60,0.17666668,0.15333333333333332,0.2
215,bing,True,PGD,vgg,20/80,vgg,google,50/50,0.16666667,0.16666666666666666,0.16666666666666666
216,bing,True,PGD,vgg,30/70,alexnet,bing,20/80,0.030508474,0.006896551724137931,0.05333333333333334
217,bing,True,PGD,vgg,30/70,alexnet,bing,30/70,0.020689655,0.0,0.04
218,bing,True,PGD,vgg,30/70,alexnet,bing,40/60,0.06122449,0.0,0.12080536912751678
219,bing,True,PGD,vgg,30/70,alexnet,bing,50/50,0.07508532,0.0,0.1476510067114094
220,bing,True,PGD,vgg,30/70,resnet,bing,20/80,0.03412969,0.055944055944055944,0.013333333333333334
221,bing,True,PGD,vgg,30/70,resnet,bing,30/70,0.017064845,0.013986013986013986,0.02
222,bing,True,PGD,vgg,30/70,resnet,bing,40/60,0.07118644,0.0,0.14
223,bing,True,PGD,vgg,30/70,resnet,bing,50/50,0.098305084,0.0,0.19333333333333333
224,bing,True,PGD,vgg,30/70,vgg,bing,20/80,0.20068027,0.3958333333333333,0.013333333333333334
225,bing,True,PGD,vgg,30/70,vgg,bing,30/70,0.2,0.23448275862068965,0.16666666666666666
226,bing,True,PGD,vgg,30/70,vgg,bing,40/60,0.19322033,0.1793103448275862,0.20666666666666667
227,bing,True,PGD,vgg,30/70,vgg,bing,50/50,0.21283785,0.1506849315068493,0.2733333333333333
228,bing,True,PGD,vgg,30/70,alexnet,google,20/80,0.04,0.02,0.06
229,bing,True,PGD,vgg,30/70,alexnet,google,30/70,0.046666667,0.02666666666666667,0.06666666666666667
230,bing,True,PGD,vgg,30/70,alexnet,google,40/60,0.07,0.02,0.12
231,bing,True,PGD,vgg,30/70,alexnet,google,50/50,0.060000002,0.02,0.1
232,bing,True,PGD,vgg,30/70,resnet,google,20/80,0.05,0.06,0.04
233,bing,True,PGD,vgg,30/70,resnet,google,30/70,0.04,0.05333333333333334,0.02666666666666667
234,bing,True,PGD,vgg,30/70,resnet,google,40/60,0.09666667,0.02,0.17333333333333334
235,bing,True,PGD,vgg,30/70,resnet,google,50/50,0.093333334,0.013333333333333334,0.17333333333333334
236,bing,True,PGD,vgg,30/70,vgg,google,20/80,0.19666667,0.32,0.07333333333333333
237,bing,True,PGD,vgg,30/70,vgg,google,30/70,0.17,0.24,0.1
238,bing,True,PGD,vgg,30/70,vgg,google,40/60,0.19666667,0.16,0.23333333333333334
239,bing,True,PGD,vgg,30/70,vgg,google,50/50,0.18333334,0.18,0.18666666666666668
240,bing,True,PGD,vgg,40/60,alexnet,bing,20/80,0.030508474,0.006896551724137931,0.05333333333333334
241,bing,True,PGD,vgg,40/60,alexnet,bing,30/70,0.024137931,0.0,0.04666666666666667
242,bing,True,PGD,vgg,40/60,alexnet,bing,40/60,0.06802721,0.0,0.1342281879194631
243,bing,True,PGD,vgg,40/60,alexnet,bing,50/50,0.08532423,0.0,0.16778523489932887
244,bing,True,PGD,vgg,40/60,resnet,bing,20/80,0.03412969,0.055944055944055944,0.013333333333333334
245,bing,True,PGD,vgg,40/60,resnet,bing,30/70,0.023890784,0.027972027972027972,0.02
246,bing,True,PGD,vgg,40/60,resnet,bing,40/60,0.08135593,0.0,0.16
247,bing,True,PGD,vgg,40/60,resnet,bing,50/50,0.11525424,0.0,0.22666666666666666
248,bing,True,PGD,vgg,40/60,vgg,bing,20/80,0.22108842,0.4305555555555556,0.02
249,bing,True,PGD,vgg,40/60,vgg,bing,30/70,0.1661017,0.21379310344827587,0.12
250,bing,True,PGD,vgg,40/60,vgg,bing,40/60,0.2237288,0.2,0.24666666666666667
251,bing,True,PGD,vgg,40/60,vgg,bing,50/50,0.18243244,0.13013698630136986,0.23333333333333334
252,bing,True,PGD,vgg,40/60,alexnet,google,20/80,0.053333335,0.02,0.08666666666666667
253,bing,True,PGD,vgg,40/60,alexnet,google,30/70,0.06666667,0.02666666666666667,0.10666666666666667
254,bing,True,PGD,vgg,40/60,alexnet,google,40/60,0.07666667,0.02,0.13333333333333333
255,bing,True,PGD,vgg,40/60,alexnet,google,50/50,0.08,0.02,0.14
256,bing,True,PGD,vgg,40/60,resnet,google,20/80,0.05666667,0.06666666666666667,0.04666666666666667
257,bing,True,PGD,vgg,40/60,resnet,google,30/70,0.03666667,0.05333333333333334,0.02
258,bing,True,PGD,vgg,40/60,resnet,google,40/60,0.10333334,0.02666666666666667,0.18
259,bing,True,PGD,vgg,40/60,resnet,google,50/50,0.10666667,0.02,0.19333333333333333
260,bing,True,PGD,vgg,40/60,vgg,google,20/80,0.18,0.30666666666666664,0.05333333333333334
261,bing,True,PGD,vgg,40/60,vgg,google,30/70,0.16333334,0.22666666666666666,0.1
262,bing,True,PGD,vgg,40/60,vgg,google,40/60,0.20333333,0.16666666666666666,0.24
263,bing,True,PGD,vgg,40/60,vgg,google,50/50,0.19666667,0.20666666666666667,0.18666666666666668
264,bing,True,PGD,vgg,50/50,alexnet,bing,20/80,0.033898305,0.006896551724137931,0.06
265,bing,True,PGD,vgg,50/50,alexnet,bing,30/70,0.020689655,0.0,0.04
266,bing,True,PGD,vgg,50/50,alexnet,bing,40/60,0.05782313,0.0,0.11409395973154363
267,bing,True,PGD,vgg,50/50,alexnet,bing,50/50,0.06825938,0.0,0.1342281879194631
268,bing,True,PGD,vgg,50/50,resnet,bing,20/80,0.03754266,0.06293706293706294,0.013333333333333334
269,bing,True,PGD,vgg,50/50,resnet,bing,30/70,0.023890784,0.027972027972027972,0.02
270,bing,True,PGD,vgg,50/50,resnet,bing,40/60,0.07457627,0.0,0.14666666666666667
271,bing,True,PGD,vgg,50/50,resnet,bing,50/50,0.10508475,0.0,0.20666666666666667
272,bing,True,PGD,vgg,50/50,vgg,bing,20/80,0.1972789,0.3888888888888889,0.013333333333333334
273,bing,True,PGD,vgg,50/50,vgg,bing,30/70,0.17288135,0.2482758620689655,0.1
274,bing,True,PGD,vgg,50/50,vgg,bing,40/60,0.2101695,0.21379310344827587,0.20666666666666667
275,bing,True,PGD,vgg,50/50,vgg,bing,50/50,0.21621622,0.1643835616438356,0.26666666666666666
276,bing,True,PGD,vgg,50/50,alexnet,google,20/80,0.046666667,0.02666666666666667,0.06666666666666667
277,bing,True,PGD,vgg,50/50,alexnet,google,30/70,0.05666667,0.02666666666666667,0.08666666666666667
278,bing,True,PGD,vgg,50/50,alexnet,google,40/60,0.06666667,0.02,0.11333333333333333
279,bing,True,PGD,vgg,50/50,alexnet,google,50/50,0.060000002,0.02,0.1
280,bing,True,PGD,vgg,50/50,resnet,google,20/80,0.053333335,0.06666666666666667,0.04
281,bing,True,PGD,vgg,50/50,resnet,google,30/70,0.04,0.05333333333333334,0.02666666666666667
282,bing,True,PGD,vgg,50/50,resnet,google,40/60,0.083333336,0.02,0.14666666666666667
283,bing,True,PGD,vgg,50/50,resnet,google,50/50,0.093333334,0.013333333333333334,0.17333333333333334
284,bing,True,PGD,vgg,50/50,vgg,google,20/80,0.19,0.32666666666666666,0.05333333333333334
285,bing,True,PGD,vgg,50/50,vgg,google,30/70,0.16666667,0.25333333333333335,0.08
286,bing,True,PGD,vgg,50/50,vgg,google,40/60,0.19666667,0.19333333333333333,0.2
287,bing,True,PGD,vgg,50/50,vgg,google,50/50,0.19,0.20666666666666667,0.17333333333333334
288,google,True,PGD,alexnet,20/80,alexnet,bing,20/80,0.13000001,0.02,0.24
289,google,True,PGD,alexnet,20/80,alexnet,bing,30/70,0.11,0.02,0.2
290,google,True,PGD,alexnet,20/80,alexnet,bing,40/60,0.27333334,0.013333333333333334,0.5333333333333333
291,google,True,PGD,alexnet,20/80,alexnet,bing,50/50,0.28666666,0.013333333333333334,0.56
292,google,True,PGD,alexnet,20/80,resnet,bing,20/80,0.053333335,0.04666666666666667,0.06
293,google,True,PGD,alexnet,20/80,resnet,bing,30/70,0.043333333,0.013333333333333334,0.07333333333333333
294,google,True,PGD,alexnet,20/80,resnet,bing,40/60,0.16666667,0.006666666666666667,0.32666666666666666
295,google,True,PGD,alexnet,20/80,resnet,bing,50/50,0.2,0.0,0.4
296,google,True,PGD,alexnet,20/80,vgg,bing,20/80,0.03666667,0.07333333333333333,0.0
297,google,True,PGD,alexnet,20/80,vgg,bing,30/70,0.05,0.02,0.08
298,google,True,PGD,alexnet,20/80,vgg,bing,40/60,0.05666667,0.013333333333333334,0.1
299,google,True,PGD,alexnet,20/80,vgg,bing,50/50,0.07666667,0.013333333333333334,0.14
300,google,True,PGD,alexnet,20/80,alexnet,google,20/80,0.2338983,0.006896551724137931,0.4533333333333333
301,google,True,PGD,alexnet,20/80,alexnet,google,30/70,0.22711864,0.0,0.4527027027027027
302,google,True,PGD,alexnet,20/80,alexnet,google,40/60,0.27118644,0.006756756756756757,0.5374149659863946
303,google,True,PGD,alexnet,20/80,alexnet,google,50/50,0.23905723,0.006666666666666667,0.47619047619047616
304,google,True,PGD,alexnet,20/80,resnet,google,20/80,0.0945946,0.0,0.18666666666666668
305,google,True,PGD,alexnet,20/80,resnet,google,30/70,0.033557046,0.0,0.06666666666666667
306,google,True,PGD,alexnet,20/80,resnet,google,40/60,0.16498317,0.0,0.3310810810810811
307,google,True,PGD,alexnet,20/80,resnet,google,50/50,0.14527027,0.0,0.2925170068027211
308,google,True,PGD,alexnet,20/80,vgg,google,20/80,0.033670034,0.027210884353741496,0.04
309,google,True,PGD,alexnet,20/80,vgg,google,30/70,0.04682274,0.0,0.09333333333333334
310,google,True,PGD,alexnet,20/80,vgg,google,40/60,0.06375839,0.0,0.12751677852348994
311,google,True,PGD,alexnet,20/80,vgg,google,50/50,0.08053692,0.0,0.1610738255033557
312,google,True,PGD,alexnet,30/70,alexnet,bing,20/80,0.13666667,0.02,0.25333333333333335
313,google,True,PGD,alexnet,30/70,alexnet,bing,30/70,0.13000001,0.03333333333333333,0.22666666666666666
314,google,True,PGD,alexnet,30/70,alexnet,bing,40/60,0.27333334,0.013333333333333334,0.5333333333333333
315,google,True,PGD,alexnet,30/70,alexnet,bing,50/50,0.29333335,0.013333333333333334,0.5733333333333334
316,google,True,PGD,alexnet,30/70,resnet,bing,20/80,0.05,0.04666666666666667,0.05333333333333334
317,google,True,PGD,alexnet,30/70,resnet,bing,30/70,0.060000002,0.03333333333333333,0.08666666666666667
318,google,True,PGD,alexnet,30/70,resnet,bing,40/60,0.17,0.0,0.34
319,google,True,PGD,alexnet,30/70,resnet,bing,50/50,0.18666667,0.0,0.37333333333333335
320,google,True,PGD,alexnet,30/70,vgg,bing,20/80,0.05,0.08666666666666667,0.013333333333333334
321,google,True,PGD,alexnet,30/70,vgg,bing,30/70,0.046666667,0.013333333333333334,0.08
322,google,True,PGD,alexnet,30/70,vgg,bing,40/60,0.06333333,0.006666666666666667,0.12
323,google,True,PGD,alexnet,30/70,vgg,bing,50/50,0.093333334,0.013333333333333334,0.17333333333333334
324,google,True,PGD,alexnet,30/70,alexnet,google,20/80,0.22711864,0.006896551724137931,0.44
325,google,True,PGD,alexnet,30/70,alexnet,google,30/70,0.26101694,0.0,0.5202702702702703
326,google,True,PGD,alexnet,30/70,alexnet,google,40/60,0.28474575,0.006756756756756757,0.564625850340136
327,google,True,PGD,alexnet,30/70,alexnet,google,50/50,0.25589225,0.013333333333333334,0.5034013605442177
328,google,True,PGD,alexnet,30/70,resnet,google,20/80,0.0945946,0.0,0.18666666666666668
329,google,True,PGD,alexnet,30/70,resnet,google,30/70,0.05033557,0.006756756756756757,0.09333333333333334
330,google,True,PGD,alexnet,30/70,resnet,google,40/60,0.16161616,0.0,0.32432432432432434
331,google,True,PGD,alexnet,30/70,resnet,google,50/50,0.13851352,0.0,0.2789115646258503
332,google,True,PGD,alexnet,30/70,vgg,google,20/80,0.043771043,0.027210884353741496,0.06
333,google,True,PGD,alexnet,30/70,vgg,google,30/70,0.056856185,0.006711409395973154,0.10666666666666667
334,google,True,PGD,alexnet,30/70,vgg,google,40/60,0.0704698,0.0,0.14093959731543623
335,google,True,PGD,alexnet,30/70,vgg,google,50/50,0.08053692,0.0,0.1610738255033557
336,google,True,PGD,alexnet,40/60,alexnet,bing,20/80,0.14666668,0.04,0.25333333333333335
337,google,True,PGD,alexnet,40/60,alexnet,bing,30/70,0.12666667,0.03333333333333333,0.22
338,google,True,PGD,alexnet,40/60,alexnet,bing,40/60,0.27,0.013333333333333334,0.5266666666666666
339,google,True,PGD,alexnet,40/60,alexnet,bing,50/50,0.28333333,0.013333333333333334,0.5533333333333333
340,google,True,PGD,alexnet,40/60,resnet,bing,20/80,0.053333335,0.05333333333333334,0.05333333333333334
341,google,True,PGD,alexnet,40/60,resnet,bing,30/70,0.05,0.02666666666666667,0.07333333333333333
342,google,True,PGD,alexnet,40/60,resnet,bing,40/60,0.15,0.0,0.3
343,google,True,PGD,alexnet,40/60,resnet,bing,50/50,0.19,0.0,0.38
344,google,True,PGD,alexnet,40/60,vgg,bing,20/80,0.053333335,0.09333333333333334,0.013333333333333334
345,google,True,PGD,alexnet,40/60,vgg,bing,30/70,0.053333335,0.02666666666666667,0.08
346,google,True,PGD,alexnet,40/60,vgg,bing,40/60,0.06333333,0.013333333333333334,0.11333333333333333
347,google,True,PGD,alexnet,40/60,vgg,bing,50/50,0.083333336,0.013333333333333334,0.15333333333333332
348,google,True,PGD,alexnet,40/60,alexnet,google,20/80,0.20677966,0.006896551724137931,0.4
349,google,True,PGD,alexnet,40/60,alexnet,google,30/70,0.22711864,0.0,0.4527027027027027
350,google,True,PGD,alexnet,40/60,alexnet,google,40/60,0.27457628,0.013513513513513514,0.5374149659863946
351,google,True,PGD,alexnet,40/60,alexnet,google,50/50,0.23905723,0.013333333333333334,0.46938775510204084
352,google,True,PGD,alexnet,40/60,resnet,google,20/80,0.08783784,0.0,0.17333333333333334
353,google,True,PGD,alexnet,40/60,resnet,google,30/70,0.04026846,0.006756756756756757,0.07333333333333333
354,google,True,PGD,alexnet,40/60,resnet,google,40/60,0.15488215,0.0,0.3108108108108108
355,google,True,PGD,alexnet,40/60,resnet,google,50/50,0.13851352,0.0,0.2789115646258503
356,google,True,PGD,alexnet,40/60,vgg,google,20/80,0.037037037,0.02040816326530612,0.05333333333333334
357,google,True,PGD,alexnet,40/60,vgg,google,30/70,0.06354515,0.013422818791946308,0.11333333333333333
358,google,True,PGD,alexnet,40/60,vgg,google,40/60,0.08053692,0.006711409395973154,0.15436241610738255
359,google,True,PGD,alexnet,40/60,vgg,google,50/50,0.08053692,0.006711409395973154,0.15436241610738255
360,google,True,PGD,alexnet,50/50,alexnet,bing,20/80,0.12666667,0.04,0.21333333333333335
361,google,True,PGD,alexnet,50/50,alexnet,bing,30/70,0.11,0.03333333333333333,0.18666666666666668
362,google,True,PGD,alexnet,50/50,alexnet,bing,40/60,0.26333335,0.013333333333333334,0.5133333333333333
363,google,True,PGD,alexnet,50/50,alexnet,bing,50/50,0.28333333,0.013333333333333334,0.5533333333333333
364,google,True,PGD,alexnet,50/50,resnet,bing,20/80,0.046666667,0.04,0.05333333333333334
365,google,True,PGD,alexnet,50/50,resnet,bing,30/70,0.046666667,0.02666666666666667,0.06666666666666667
366,google,True,PGD,alexnet,50/50,resnet,bing,40/60,0.16666667,0.006666666666666667,0.32666666666666666
367,google,True,PGD,alexnet,50/50,resnet,bing,50/50,0.17333333,0.0,0.3466666666666667
368,google,True,PGD,alexnet,50/50,vgg,bing,20/80,0.033333335,0.06666666666666667,0.0
369,google,True,PGD,alexnet,50/50,vgg,bing,30/70,0.05,0.02,0.08
370,google,True,PGD,alexnet,50/50,vgg,bing,40/60,0.06333333,0.02,0.10666666666666667
371,google,True,PGD,alexnet,50/50,vgg,bing,50/50,0.09666667,0.013333333333333334,0.18
372,google,True,PGD,alexnet,50/50,alexnet,google,20/80,0.2,0.006896551724137931,0.38666666666666666
373,google,True,PGD,alexnet,50/50,alexnet,google,30/70,0.22033899,0.0,0.4391891891891892
374,google,True,PGD,alexnet,50/50,alexnet,google,40/60,0.2677966,0.006756756756756757,0.5306122448979592
375,google,True,PGD,alexnet,50/50,alexnet,google,50/50,0.24242423,0.013333333333333334,0.47619047619047616
376,google,True,PGD,alexnet,50/50,resnet,google,20/80,0.08445946,0.0,0.16666666666666666
377,google,True,PGD,alexnet,50/50,resnet,google,30/70,0.053691275,0.013513513513513514,0.09333333333333334
378,google,True,PGD,alexnet,50/50,resnet,google,40/60,0.17171717,0.0,0.34459459459459457
379,google,True,PGD,alexnet,50/50,resnet,google,50/50,0.13851352,0.0,0.2789115646258503
380,google,True,PGD,alexnet,50/50,vgg,google,20/80,0.026936026,0.02040816326530612,0.03333333333333333
381,google,True,PGD,alexnet,50/50,vgg,google,30/70,0.06020067,0.006711409395973154,0.11333333333333333
382,google,True,PGD,alexnet,50/50,vgg,google,40/60,0.08389262,0.006711409395973154,0.1610738255033557
383,google,True,PGD,alexnet,50/50,vgg,google,50/50,0.09060403,0.006711409395973154,0.174496644295302
384,google,True,PGD,resnet,20/80,alexnet,bing,20/80,0.043333333,0.006666666666666667,0.08
385,google,True,PGD,resnet,20/80,alexnet,bing,30/70,0.026666667,0.0,0.05333333333333334
386,google,True,PGD,resnet,20/80,alexnet,bing,40/60,0.13000001,0.006666666666666667,0.25333333333333335
387,google,True,PGD,resnet,20/80,alexnet,bing,50/50,0.15666667,0.0,0.31333333333333335
388,google,True,PGD,resnet,20/80,resnet,bing,20/80,0.12666667,0.1,0.15333333333333332
389,google,True,PGD,resnet,20/80,resnet,bing,30/70,0.093333334,0.04,0.14666666666666667
390,google,True,PGD,resnet,20/80,resnet,bing,40/60,0.24666667,0.006666666666666667,0.4866666666666667
391,google,True,PGD,resnet,20/80,resnet,bing,50/50,0.25666666,0.006666666666666667,0.5066666666666667
392,google,True,PGD,resnet,20/80,vgg,bing,20/80,0.05,0.1,0.0
393,google,True,PGD,resnet,20/80,vgg,bing,30/70,0.06666667,0.02666666666666667,0.10666666666666667
394,google,True,PGD,resnet,20/80,vgg,bing,40/60,0.086666666,0.02666666666666667,0.14666666666666667
395,google,True,PGD,resnet,20/80,vgg,bing,50/50,0.10333334,0.013333333333333334,0.19333333333333333
396,google,True,PGD,resnet,20/80,alexnet,google,20/80,0.094915256,0.0,0.18666666666666668
397,google,True,PGD,resnet,20/80,alexnet,google,30/70,0.13898306,0.0,0.27702702702702703
398,google,True,PGD,resnet,20/80,alexnet,google,40/60,0.13559322,0.0,0.272108843537415
399,google,True,PGD,resnet,20/80,alexnet,google,50/50,0.14141414,0.0,0.2857142857142857
400,google,True,PGD,resnet,20/80,resnet,google,20/80,0.21621622,0.0273972602739726,0.4
401,google,True,PGD,resnet,20/80,resnet,google,30/70,0.10738255,0.02027027027027027,0.19333333333333333
402,google,True,PGD,resnet,20/80,resnet,google,40/60,0.23232323,0.0,0.46621621621621623
403,google,True,PGD,resnet,20/80,resnet,google,50/50,0.19594595,0.0,0.3945578231292517
404,google,True,PGD,resnet,20/80,vgg,google,20/80,0.06397306,0.027210884353741496,0.1
405,google,True,PGD,resnet,20/80,vgg,google,30/70,0.08361204,0.006711409395973154,0.16
406,google,True,PGD,resnet,20/80,vgg,google,40/60,0.10067114,0.006711409395973154,0.19463087248322147
407,google,True,PGD,resnet,20/80,vgg,google,50/50,0.10067114,0.006711409395973154,0.19463087248322147
408,google,True,PGD,resnet,30/70,alexnet,bing,20/80,0.05666667,0.006666666666666667,0.10666666666666667
409,google,True,PGD,resnet,30/70,alexnet,bing,30/70,0.04,0.013333333333333334,0.06666666666666667
410,google,True,PGD,resnet,30/70,alexnet,bing,40/60,0.13000001,0.006666666666666667,0.25333333333333335
411,google,True,PGD,resnet,30/70,alexnet,bing,50/50,0.17666668,0.0,0.35333333333333333
412,google,True,PGD,resnet,30/70,resnet,bing,20/80,0.11,0.08,0.14
413,google,True,PGD,resnet,30/70,resnet,bing,30/70,0.14666668,0.04666666666666667,0.24666666666666667
414,google,True,PGD,resnet,30/70,resnet,bing,40/60,0.27333334,0.006666666666666667,0.54
415,google,True,PGD,resnet,30/70,resnet,bing,50/50,0.28666666,0.006666666666666667,0.5666666666666667
416,google,True,PGD,resnet,30/70,vgg,bing,20/80,0.053333335,0.1,0.006666666666666667
417,google,True,PGD,resnet,30/70,vgg,bing,30/70,0.07333334,0.02,0.12666666666666668
418,google,True,PGD,resnet,30/70,vgg,bing,40/60,0.1,0.02,0.18
419,google,True,PGD,resnet,30/70,vgg,bing,50/50,0.14333333,0.02,0.26666666666666666
420,google,True,PGD,resnet,30/70,alexnet,google,20/80,0.098305084,0.0,0.19333333333333333
421,google,True,PGD,resnet,30/70,alexnet,google,30/70,0.15254237,0.0,0.30405405405405406
422,google,True,PGD,resnet,30/70,alexnet,google,40/60,0.15254237,0.0,0.30612244897959184
423,google,True,PGD,resnet,30/70,alexnet,google,50/50,0.15824915,0.0,0.3197278911564626
424,google,True,PGD,resnet,30/70,resnet,google,20/80,0.16891892,0.0136986301369863,0.32
425,google,True,PGD,resnet,30/70,resnet,google,30/70,0.17114094,0.013513513513513514,0.32666666666666666
426,google,True,PGD,resnet,30/70,resnet,google,40/60,0.26262626,0.0,0.527027027027027
427,google,True,PGD,resnet,30/70,resnet,google,50/50,0.24662162,0.0,0.4965986394557823
428,google,True,PGD,resnet,30/70,vgg,google,20/80,0.06734007,0.027210884353741496,0.10666666666666667
429,google,True,PGD,resnet,30/70,vgg,google,30/70,0.09698997,0.013422818791946308,0.18
430,google,True,PGD,resnet,30/70,vgg,google,40/60,0.110738255,0.013422818791946308,0.2080536912751678
431,google,True,PGD,resnet,30/70,vgg,google,50/50,0.11409396,0.006711409395973154,0.2214765100671141
432,google,True,PGD,resnet,40/60,alexnet,bing,20/80,0.060000002,0.006666666666666667,0.11333333333333333
433,google,True,PGD,resnet,40/60,alexnet,bing,30/70,0.03666667,0.006666666666666667,0.06666666666666667
434,google,True,PGD,resnet,40/60,alexnet,bing,40/60,0.15,0.006666666666666667,0.29333333333333333
435,google,True,PGD,resnet,40/60,alexnet,bing,50/50,0.17666668,0.0,0.35333333333333333
436,google,True,PGD,resnet,40/60,resnet,bing,20/80,0.13000001,0.08666666666666667,0.17333333333333334
437,google,True,PGD,resnet,40/60,resnet,bing,30/70,0.13000001,0.05333333333333334,0.20666666666666667
438,google,True,PGD,resnet,40/60,resnet,bing,40/60,0.31666666,0.02,0.6133333333333333
439,google,True,PGD,resnet,40/60,resnet,bing,50/50,0.28333333,0.0,0.5666666666666667
440,google,True,PGD,resnet,40/60,vgg,bing,20/80,0.05666667,0.1,0.013333333333333334
441,google,True,PGD,resnet,40/60,vgg,bing,30/70,0.083333336,0.03333333333333333,0.13333333333333333
442,google,True,PGD,resnet,40/60,vgg,bing,40/60,0.1,0.02,0.18
