,source_dataset,isMath,attack,source_model,source_balancing,target_model,target_dataset,target_balancing,asr,asr_0,asr_1
0,bing,True,RFGSM,alexnet,20/80,alexnet,bing,20/80,0.19322033,0.27586206896551724,0.11333333333333333
1,bing,True,RFGSM,alexnet,20/80,alexnet,bing,30/70,0.11034483,0.17142857142857143,0.05333333333333334
2,bing,True,RFGSM,alexnet,20/80,alexnet,bing,40/60,0.1292517,0.13793103448275862,0.12080536912751678
3,bing,True,RFGSM,alexnet,20/80,alexnet,bing,50/50,0.11262798,0.06944444444444445,0.15436241610738255
4,bing,True,RFGSM,alexnet,20/80,resnet,bing,20/80,0.04095563,0.08391608391608392,0.0
5,bing,True,RFGSM,alexnet,20/80,resnet,bing,30/70,0.03412969,0.06993006993006994,0.0
6,bing,True,RFGSM,alexnet,20/80,resnet,bing,40/60,0.023728814,0.041379310344827586,0.006666666666666667
7,bing,True,RFGSM,alexnet,20/80,resnet,bing,50/50,0.020338982,0.027586206896551724,0.013333333333333334
8,bing,True,RFGSM,alexnet,20/80,vgg,bing,20/80,0.047619045,0.09722222222222222,0.0
9,bing,True,RFGSM,alexnet,20/80,vgg,bing,30/70,0.020338982,0.041379310344827586,0.0
10,bing,True,RFGSM,alexnet,20/80,vgg,bing,40/60,0.016949153,0.034482758620689655,0.0
11,bing,True,RFGSM,alexnet,20/80,vgg,bing,50/50,0.010135136,0.02054794520547945,0.0
12,bing,True,RFGSM,alexnet,20/80,alexnet,google,20/80,0.17,0.29333333333333333,0.04666666666666667
13,bing,True,RFGSM,alexnet,20/80,alexnet,google,30/70,0.15666667,0.22,0.09333333333333334
14,bing,True,RFGSM,alexnet,20/80,alexnet,google,40/60,0.13333334,0.18,0.08666666666666667
15,bing,True,RFGSM,alexnet,20/80,alexnet,google,50/50,0.123333335,0.17333333333333334,0.07333333333333333
16,bing,True,RFGSM,alexnet,20/80,resnet,google,20/80,0.07333334,0.14666666666666667,0.0
17,bing,True,RFGSM,alexnet,20/80,resnet,google,30/70,0.060000002,0.11333333333333333,0.006666666666666667
18,bing,True,RFGSM,alexnet,20/80,resnet,google,40/60,0.043333333,0.08,0.006666666666666667
19,bing,True,RFGSM,alexnet,20/80,resnet,google,50/50,0.030000001,0.04666666666666667,0.013333333333333334
20,bing,True,RFGSM,alexnet,20/80,vgg,google,20/80,0.06333333,0.12666666666666668,0.0
21,bing,True,RFGSM,alexnet,20/80,vgg,google,30/70,0.04,0.08,0.0
22,bing,True,RFGSM,alexnet,20/80,vgg,google,40/60,0.030000001,0.06,0.0
23,bing,True,RFGSM,alexnet,20/80,vgg,google,50/50,0.030000001,0.06,0.0
24,bing,True,RFGSM,alexnet,30/70,alexnet,bing,20/80,0.13220339,0.1724137931034483,0.09333333333333334
25,bing,True,RFGSM,alexnet,30/70,alexnet,bing,30/70,0.1,0.15714285714285714,0.04666666666666667
26,bing,True,RFGSM,alexnet,30/70,alexnet,bing,40/60,0.108843535,0.08275862068965517,0.1342281879194631
27,bing,True,RFGSM,alexnet,30/70,alexnet,bing,50/50,0.0887372,0.034722222222222224,0.14093959731543623
28,bing,True,RFGSM,alexnet,30/70,resnet,bing,20/80,0.0443686,0.09090909090909091,0.0
29,bing,True,RFGSM,alexnet,30/70,resnet,bing,30/70,0.023890784,0.04895104895104895,0.0
30,bing,True,RFGSM,alexnet,30/70,resnet,bing,40/60,0.020338982,0.034482758620689655,0.006666666666666667
31,bing,True,RFGSM,alexnet,30/70,resnet,bing,50/50,0.006779661,0.0,0.013333333333333334
32,bing,True,RFGSM,alexnet,30/70,vgg,bing,20/80,0.027210884,0.05555555555555555,0.0
33,bing,True,RFGSM,alexnet,30/70,vgg,bing,30/70,0.016949153,0.034482758620689655,0.0
34,bing,True,RFGSM,alexnet,30/70,vgg,bing,40/60,0.010169491,0.020689655172413793,0.0
35,bing,True,RFGSM,alexnet,30/70,vgg,bing,50/50,0.006756757,0.0136986301369863,0.0
36,bing,True,RFGSM,alexnet,30/70,alexnet,google,20/80,0.14333333,0.24,0.04666666666666667
37,bing,True,RFGSM,alexnet,30/70,alexnet,google,30/70,0.14,0.2,0.08
38,bing,True,RFGSM,alexnet,30/70,alexnet,google,40/60,0.11,0.12,0.1
39,bing,True,RFGSM,alexnet,30/70,alexnet,google,50/50,0.09666667,0.12,0.07333333333333333
40,bing,True,RFGSM,alexnet,30/70,resnet,google,20/80,0.06666667,0.13333333333333333,0.0
41,bing,True,RFGSM,alexnet,30/70,resnet,google,30/70,0.04,0.08,0.0
42,bing,True,RFGSM,alexnet,30/70,resnet,google,40/60,0.033333335,0.06,0.006666666666666667
43,bing,True,RFGSM,alexnet,30/70,resnet,google,50/50,0.026666667,0.04666666666666667,0.006666666666666667
44,bing,True,RFGSM,alexnet,30/70,vgg,google,20/80,0.060000002,0.12,0.0
45,bing,True,RFGSM,alexnet,30/70,vgg,google,30/70,0.03666667,0.07333333333333333,0.0
46,bing,True,RFGSM,alexnet,30/70,vgg,google,40/60,0.030000001,0.06,0.0
47,bing,True,RFGSM,alexnet,30/70,vgg,google,50/50,0.023333333,0.04666666666666667,0.0
48,bing,True,RFGSM,alexnet,40/60,alexnet,bing,20/80,0.16949153,0.23448275862068965,0.10666666666666667
49,bing,True,RFGSM,alexnet,40/60,alexnet,bing,30/70,0.11724138,0.19285714285714287,0.04666666666666667
50,bing,True,RFGSM,alexnet,40/60,alexnet,bing,40/60,0.15306123,0.1310344827586207,0.174496644295302
51,bing,True,RFGSM,alexnet,40/60,alexnet,bing,50/50,0.12627986,0.0763888888888889,0.174496644295302
52,bing,True,RFGSM,alexnet,40/60,resnet,bing,20/80,0.054607507,0.11188811188811189,0.0
53,bing,True,RFGSM,alexnet,40/60,resnet,bing,30/70,0.030716723,0.06293706293706294,0.0
54,bing,True,RFGSM,alexnet,40/60,resnet,bing,40/60,0.023728814,0.041379310344827586,0.006666666666666667
55,bing,True,RFGSM,alexnet,40/60,resnet,bing,50/50,0.020338982,0.027586206896551724,0.013333333333333334
56,bing,True,RFGSM,alexnet,40/60,vgg,bing,20/80,0.047619045,0.09722222222222222,0.0
57,bing,True,RFGSM,alexnet,40/60,vgg,bing,30/70,0.020338982,0.041379310344827586,0.0
58,bing,True,RFGSM,alexnet,40/60,vgg,bing,40/60,0.010169491,0.020689655172413793,0.0
59,bing,True,RFGSM,alexnet,40/60,vgg,bing,50/50,0.006756757,0.0136986301369863,0.0
60,bing,True,RFGSM,alexnet,40/60,alexnet,google,20/80,0.16666667,0.28,0.05333333333333334
61,bing,True,RFGSM,alexnet,40/60,alexnet,google,30/70,0.15,0.22666666666666666,0.07333333333333333
62,bing,True,RFGSM,alexnet,40/60,alexnet,google,40/60,0.14666668,0.18,0.11333333333333333
63,bing,True,RFGSM,alexnet,40/60,alexnet,google,50/50,0.123333335,0.16,0.08666666666666667
64,bing,True,RFGSM,alexnet,40/60,resnet,google,20/80,0.07333334,0.14666666666666667,0.0
65,bing,True,RFGSM,alexnet,40/60,resnet,google,30/70,0.05,0.09333333333333334,0.006666666666666667
66,bing,True,RFGSM,alexnet,40/60,resnet,google,40/60,0.04,0.07333333333333333,0.006666666666666667
67,bing,True,RFGSM,alexnet,40/60,resnet,google,50/50,0.033333335,0.05333333333333334,0.013333333333333334
68,bing,True,RFGSM,alexnet,40/60,vgg,google,20/80,0.07666667,0.15333333333333332,0.0
69,bing,True,RFGSM,alexnet,40/60,vgg,google,30/70,0.04,0.08,0.0
70,bing,True,RFGSM,alexnet,40/60,vgg,google,40/60,0.033333335,0.06666666666666667,0.0
71,bing,True,RFGSM,alexnet,40/60,vgg,google,50/50,0.02,0.04,0.0
72,bing,True,RFGSM,alexnet,50/50,alexnet,bing,20/80,0.16271186,0.22758620689655173,0.1
73,bing,True,RFGSM,alexnet,50/50,alexnet,bing,30/70,0.10344827,0.17142857142857143,0.04
74,bing,True,RFGSM,alexnet,50/50,alexnet,bing,40/60,0.1292517,0.12413793103448276,0.1342281879194631
75,bing,True,RFGSM,alexnet,50/50,alexnet,bing,50/50,0.13993174,0.0763888888888889,0.20134228187919462
76,bing,True,RFGSM,alexnet,50/50,resnet,bing,20/80,0.03754266,0.07692307692307693,0.0
77,bing,True,RFGSM,alexnet,50/50,resnet,bing,30/70,0.03754266,0.06993006993006994,0.006666666666666667
78,bing,True,RFGSM,alexnet,50/50,resnet,bing,40/60,0.016949153,0.027586206896551724,0.006666666666666667
79,bing,True,RFGSM,alexnet,50/50,resnet,bing,50/50,0.013559322,0.013793103448275862,0.013333333333333334
80,bing,True,RFGSM,alexnet,50/50,vgg,bing,20/80,0.051020406,0.10416666666666667,0.0
81,bing,True,RFGSM,alexnet,50/50,vgg,bing,30/70,0.027118644,0.05517241379310345,0.0
82,bing,True,RFGSM,alexnet,50/50,vgg,bing,40/60,0.027118644,0.04827586206896552,0.006666666666666667
83,bing,True,RFGSM,alexnet,50/50,vgg,bing,50/50,0.013513514,0.0273972602739726,0.0
84,bing,True,RFGSM,alexnet,50/50,alexnet,google,20/80,0.15333334,0.25333333333333335,0.05333333333333334
85,bing,True,RFGSM,alexnet,50/50,alexnet,google,30/70,0.15666667,0.21333333333333335,0.1
86,bing,True,RFGSM,alexnet,50/50,alexnet,google,40/60,0.14333333,0.16666666666666666,0.12
87,bing,True,RFGSM,alexnet,50/50,alexnet,google,50/50,0.13333334,0.17333333333333334,0.09333333333333334
88,bing,True,RFGSM,alexnet,50/50,resnet,google,20/80,0.086666666,0.16666666666666666,0.006666666666666667
89,bing,True,RFGSM,alexnet,50/50,resnet,google,30/70,0.05666667,0.10666666666666667,0.006666666666666667
90,bing,True,RFGSM,alexnet,50/50,resnet,google,40/60,0.043333333,0.07333333333333333,0.013333333333333334
91,bing,True,RFGSM,alexnet,50/50,resnet,google,50/50,0.030000001,0.04666666666666667,0.013333333333333334
92,bing,True,RFGSM,alexnet,50/50,vgg,google,20/80,0.083333336,0.16666666666666666,0.0
93,bing,True,RFGSM,alexnet,50/50,vgg,google,30/70,0.046666667,0.09333333333333334,0.0
94,bing,True,RFGSM,alexnet,50/50,vgg,google,40/60,0.04,0.07333333333333333,0.006666666666666667
95,bing,True,RFGSM,alexnet,50/50,vgg,google,50/50,0.030000001,0.05333333333333334,0.006666666666666667
96,bing,True,RFGSM,resnet,20/80,alexnet,bing,20/80,0.023728814,0.04827586206896552,0.0
97,bing,True,RFGSM,resnet,20/80,alexnet,bing,30/70,0.01724138,0.02857142857142857,0.006666666666666667
98,bing,True,RFGSM,resnet,20/80,alexnet,bing,40/60,0.006802721,0.006896551724137931,0.006711409395973154
99,bing,True,RFGSM,resnet,20/80,alexnet,bing,50/50,0.0034129692,0.0,0.006711409395973154
100,bing,True,RFGSM,resnet,20/80,resnet,bing,20/80,0.13993174,0.27972027972027974,0.006666666666666667
101,bing,True,RFGSM,resnet,20/80,resnet,bing,30/70,0.098976105,0.18181818181818182,0.02
102,bing,True,RFGSM,resnet,20/80,resnet,bing,40/60,0.050847456,0.07586206896551724,0.02666666666666667
103,bing,True,RFGSM,resnet,20/80,resnet,bing,50/50,0.040677965,0.05517241379310345,0.02666666666666667
104,bing,True,RFGSM,resnet,20/80,vgg,bing,20/80,0.040816326,0.08333333333333333,0.0
105,bing,True,RFGSM,resnet,20/80,vgg,bing,30/70,0.023728814,0.04827586206896552,0.0
106,bing,True,RFGSM,resnet,20/80,vgg,bing,40/60,0.023728814,0.041379310344827586,0.006666666666666667
107,bing,True,RFGSM,resnet,20/80,vgg,bing,50/50,0.013513514,0.02054794520547945,0.006666666666666667
108,bing,True,RFGSM,resnet,20/80,alexnet,google,20/80,0.03666667,0.07333333333333333,0.0
109,bing,True,RFGSM,resnet,20/80,alexnet,google,30/70,0.03666667,0.07333333333333333,0.0
110,bing,True,RFGSM,resnet,20/80,alexnet,google,40/60,0.026666667,0.04666666666666667,0.006666666666666667
111,bing,True,RFGSM,resnet,20/80,alexnet,google,50/50,0.023333333,0.04666666666666667,0.0
112,bing,True,RFGSM,resnet,20/80,resnet,google,20/80,0.15666667,0.29333333333333333,0.02
113,bing,True,RFGSM,resnet,20/80,resnet,google,30/70,0.123333335,0.22666666666666666,0.02
114,bing,True,RFGSM,resnet,20/80,resnet,google,40/60,0.060000002,0.09333333333333334,0.02666666666666667
115,bing,True,RFGSM,resnet,20/80,resnet,google,50/50,0.05666667,0.07333333333333333,0.04
116,bing,True,RFGSM,resnet,20/80,vgg,google,20/80,0.083333336,0.16666666666666666,0.0
117,bing,True,RFGSM,resnet,20/80,vgg,google,30/70,0.046666667,0.09333333333333334,0.0
118,bing,True,RFGSM,resnet,20/80,vgg,google,40/60,0.03666667,0.06666666666666667,0.006666666666666667
119,bing,True,RFGSM,resnet,20/80,vgg,google,50/50,0.026666667,0.04666666666666667,0.006666666666666667
120,bing,True,RFGSM,resnet,30/70,alexnet,bing,20/80,0.030508474,0.05517241379310345,0.006666666666666667
121,bing,True,RFGSM,resnet,30/70,alexnet,bing,30/70,0.013793103,0.02142857142857143,0.006666666666666667
122,bing,True,RFGSM,resnet,30/70,alexnet,bing,40/60,0.006802721,0.006896551724137931,0.006711409395973154
123,bing,True,RFGSM,resnet,30/70,alexnet,bing,50/50,0.0034129692,0.0,0.006711409395973154
124,bing,True,RFGSM,resnet,30/70,resnet,bing,20/80,0.11262798,0.23076923076923078,0.0
125,bing,True,RFGSM,resnet,30/70,resnet,bing,30/70,0.15358362,0.27972027972027974,0.03333333333333333
126,bing,True,RFGSM,resnet,30/70,resnet,bing,40/60,0.061016947,0.08275862068965517,0.04
127,bing,True,RFGSM,resnet,30/70,resnet,bing,50/50,0.05762712,0.05517241379310345,0.06
128,bing,True,RFGSM,resnet,30/70,vgg,bing,20/80,0.06802721,0.1388888888888889,0.0
129,bing,True,RFGSM,resnet,30/70,vgg,bing,30/70,0.020338982,0.041379310344827586,0.0
130,bing,True,RFGSM,resnet,30/70,vgg,bing,40/60,0.030508474,0.04827586206896552,0.013333333333333334
131,bing,True,RFGSM,resnet,30/70,vgg,bing,50/50,0.020270271,0.0273972602739726,0.013333333333333334
132,bing,True,RFGSM,resnet,30/70,alexnet,google,20/80,0.04,0.07333333333333333,0.006666666666666667
133,bing,True,RFGSM,resnet,30/70,alexnet,google,30/70,0.04,0.06666666666666667,0.013333333333333334
134,bing,True,RFGSM,resnet,30/70,alexnet,google,40/60,0.033333335,0.05333333333333334,0.013333333333333334
135,bing,True,RFGSM,resnet,30/70,alexnet,google,50/50,0.030000001,0.05333333333333334,0.006666666666666667
136,bing,True,RFGSM,resnet,30/70,resnet,google,20/80,0.13333334,0.26666666666666666,0.0
137,bing,True,RFGSM,resnet,30/70,resnet,google,30/70,0.16333334,0.29333333333333333,0.03333333333333333
138,bing,True,RFGSM,resnet,30/70,resnet,google,40/60,0.083333336,0.12,0.04666666666666667
139,bing,True,RFGSM,resnet,30/70,resnet,google,50/50,0.06333333,0.07333333333333333,0.05333333333333334
140,bing,True,RFGSM,resnet,30/70,vgg,google,20/80,0.09,0.18,0.0
141,bing,True,RFGSM,resnet,30/70,vgg,google,30/70,0.046666667,0.09333333333333334,0.0
142,bing,True,RFGSM,resnet,30/70,vgg,google,40/60,0.04,0.07333333333333333,0.006666666666666667
143,bing,True,RFGSM,resnet,30/70,vgg,google,50/50,0.033333335,0.05333333333333334,0.013333333333333334
144,bing,True,RFGSM,resnet,40/60,alexnet,bing,20/80,0.023728814,0.041379310344827586,0.006666666666666667
145,bing,True,RFGSM,resnet,40/60,alexnet,bing,30/70,0.020689655,0.03571428571428571,0.006666666666666667
146,bing,True,RFGSM,resnet,40/60,alexnet,bing,40/60,0.0034013605,0.0,0.006711409395973154
147,bing,True,RFGSM,resnet,40/60,alexnet,bing,50/50,0.0034129692,0.0,0.006711409395973154
148,bing,True,RFGSM,resnet,40/60,resnet,bing,20/80,0.12969282,0.26573426573426573,0.0
149,bing,True,RFGSM,resnet,40/60,resnet,bing,30/70,0.12969282,0.23076923076923078,0.03333333333333333
150,bing,True,RFGSM,resnet,40/60,resnet,bing,40/60,0.13898306,0.2206896551724138,0.06
151,bing,True,RFGSM,resnet,40/60,resnet,bing,50/50,0.10508475,0.15172413793103448,0.06
152,bing,True,RFGSM,resnet,40/60,vgg,bing,20/80,0.08163265,0.1597222222222222,0.006666666666666667
153,bing,True,RFGSM,resnet,40/60,vgg,bing,30/70,0.05762712,0.1103448275862069,0.006666666666666667
154,bing,True,RFGSM,resnet,40/60,vgg,bing,40/60,0.037288137,0.06896551724137931,0.006666666666666667
155,bing,True,RFGSM,resnet,40/60,vgg,bing,50/50,0.027027028,0.0410958904109589,0.013333333333333334
156,bing,True,RFGSM,resnet,40/60,alexnet,google,20/80,0.05,0.1,0.0
157,bing,True,RFGSM,resnet,40/60,alexnet,google,30/70,0.05,0.08666666666666667,0.013333333333333334
158,bing,True,RFGSM,resnet,40/60,alexnet,google,40/60,0.033333335,0.05333333333333334,0.013333333333333334
159,bing,True,RFGSM,resnet,40/60,alexnet,google,50/50,0.030000001,0.05333333333333334,0.006666666666666667
160,bing,True,RFGSM,resnet,40/60,resnet,google,20/80,0.13333334,0.25333333333333335,0.013333333333333334
161,bing,True,RFGSM,resnet,40/60,resnet,google,30/70,0.14333333,0.2733333333333333,0.013333333333333334
162,bing,True,RFGSM,resnet,40/60,resnet,google,40/60,0.13333334,0.2,0.06666666666666667
163,bing,True,RFGSM,resnet,40/60,resnet,google,50/50,0.09,0.12,0.06
164,bing,True,RFGSM,resnet,40/60,vgg,google,20/80,0.1,0.2,0.0
165,bing,True,RFGSM,resnet,40/60,vgg,google,30/70,0.060000002,0.12,0.0
166,bing,True,RFGSM,resnet,40/60,vgg,google,40/60,0.05,0.09333333333333334,0.006666666666666667
167,bing,True,RFGSM,resnet,40/60,vgg,google,50/50,0.046666667,0.08,0.013333333333333334
168,bing,True,RFGSM,resnet,50/50,alexnet,bing,20/80,0.020338982,0.041379310344827586,0.0
169,bing,True,RFGSM,resnet,50/50,alexnet,bing,30/70,0.013793103,0.02142857142857143,0.006666666666666667
170,bing,True,RFGSM,resnet,50/50,alexnet,bing,40/60,0.0034013605,0.0,0.006711409395973154
171,bing,True,RFGSM,resnet,50/50,alexnet,bing,50/50,0.0034129692,0.0,0.006711409395973154
172,bing,True,RFGSM,resnet,50/50,resnet,bing,20/80,0.11945392,0.24475524475524477,0.0
173,bing,True,RFGSM,resnet,50/50,resnet,bing,30/70,0.11604095,0.2097902097902098,0.02666666666666667
174,bing,True,RFGSM,resnet,50/50,resnet,bing,40/60,0.08135593,0.1310344827586207,0.03333333333333333
175,bing,True,RFGSM,resnet,50/50,resnet,bing,50/50,0.12542373,0.1724137931034483,0.08
176,bing,True,RFGSM,resnet,50/50,vgg,bing,20/80,0.06122449,0.125,0.0
177,bing,True,RFGSM,resnet,50/50,vgg,bing,30/70,0.033898305,0.06896551724137931,0.0
178,bing,True,RFGSM,resnet,50/50,vgg,bing,40/60,0.033898305,0.06206896551724138,0.006666666666666667
179,bing,True,RFGSM,resnet,50/50,vgg,bing,50/50,0.016891893,0.0273972602739726,0.006666666666666667
180,bing,True,RFGSM,resnet,50/50,alexnet,google,20/80,0.043333333,0.08666666666666667,0.0
181,bing,True,RFGSM,resnet,50/50,alexnet,google,30/70,0.043333333,0.08,0.006666666666666667
182,bing,True,RFGSM,resnet,50/50,alexnet,google,40/60,0.023333333,0.04,0.006666666666666667
183,bing,True,RFGSM,resnet,50/50,alexnet,google,50/50,0.030000001,0.06,0.0
184,bing,True,RFGSM,resnet,50/50,resnet,google,20/80,0.13000001,0.24666666666666667,0.013333333333333334
185,bing,True,RFGSM,resnet,50/50,resnet,google,30/70,0.13333334,0.24666666666666667,0.02
186,bing,True,RFGSM,resnet,50/50,resnet,google,40/60,0.09666667,0.16666666666666666,0.02666666666666667
187,bing,True,RFGSM,resnet,50/50,resnet,google,50/50,0.120000005,0.15333333333333332,0.08666666666666667
188,bing,True,RFGSM,resnet,50/50,vgg,google,20/80,0.083333336,0.16666666666666666,0.0
189,bing,True,RFGSM,resnet,50/50,vgg,google,30/70,0.053333335,0.10666666666666667,0.0
190,bing,True,RFGSM,resnet,50/50,vgg,google,40/60,0.046666667,0.08,0.013333333333333334
191,bing,True,RFGSM,resnet,50/50,vgg,google,50/50,0.033333335,0.06,0.006666666666666667
192,bing,True,RFGSM,vgg,20/80,alexnet,bing,20/80,0.016949153,0.034482758620689655,0.0
193,bing,True,RFGSM,vgg,20/80,alexnet,bing,30/70,0.013793103,0.02142857142857143,0.006666666666666667
194,bing,True,RFGSM,vgg,20/80,alexnet,bing,40/60,0.0034013605,0.0,0.006711409395973154
195,bing,True,RFGSM,vgg,20/80,alexnet,bing,50/50,0.0034129692,0.0,0.006711409395973154
196,bing,True,RFGSM,vgg,20/80,resnet,bing,20/80,0.030716723,0.06293706293706294,0.0
197,bing,True,RFGSM,vgg,20/80,resnet,bing,30/70,0.020477815,0.04195804195804196,0.0
198,bing,True,RFGSM,vgg,20/80,resnet,bing,40/60,0.006779661,0.006896551724137931,0.006666666666666667
199,bing,True,RFGSM,vgg,20/80,resnet,bing,50/50,0.0033898305,0.0,0.006666666666666667
200,bing,True,RFGSM,vgg,20/80,vgg,bing,20/80,0.1802721,0.3125,0.05333333333333334
201,bing,True,RFGSM,vgg,20/80,vgg,bing,30/70,0.14576271,0.2,0.09333333333333334
202,bing,True,RFGSM,vgg,20/80,vgg,bing,40/60,0.14237288,0.1724137931034483,0.11333333333333333
203,bing,True,RFGSM,vgg,20/80,vgg,bing,50/50,0.09121622,0.0958904109589041,0.08666666666666667
204,bing,True,RFGSM,vgg,20/80,alexnet,google,20/80,0.043333333,0.08666666666666667,0.0
205,bing,True,RFGSM,vgg,20/80,alexnet,google,30/70,0.043333333,0.08,0.006666666666666667
206,bing,True,RFGSM,vgg,20/80,alexnet,google,40/60,0.026666667,0.04666666666666667,0.006666666666666667
207,bing,True,RFGSM,vgg,20/80,alexnet,google,50/50,0.023333333,0.04666666666666667,0.0
208,bing,True,RFGSM,vgg,20/80,resnet,google,20/80,0.05,0.1,0.0
209,bing,True,RFGSM,vgg,20/80,resnet,google,30/70,0.03666667,0.07333333333333333,0.0
210,bing,True,RFGSM,vgg,20/80,resnet,google,40/60,0.023333333,0.04,0.006666666666666667
211,bing,True,RFGSM,vgg,20/80,resnet,google,50/50,0.016666668,0.02666666666666667,0.006666666666666667
212,bing,True,RFGSM,vgg,20/80,vgg,google,20/80,0.17333333,0.3,0.04666666666666667
213,bing,True,RFGSM,vgg,20/80,vgg,google,30/70,0.13333334,0.22,0.04666666666666667
214,bing,True,RFGSM,vgg,20/80,vgg,google,40/60,0.12666667,0.16,0.09333333333333334
215,bing,True,RFGSM,vgg,20/80,vgg,google,50/50,0.1,0.12,0.08
216,bing,True,RFGSM,vgg,30/70,alexnet,bing,20/80,0.016949153,0.034482758620689655,0.0
217,bing,True,RFGSM,vgg,30/70,alexnet,bing,30/70,0.013793103,0.02142857142857143,0.006666666666666667
218,bing,True,RFGSM,vgg,30/70,alexnet,bing,40/60,0.0,0.0,0.0
219,bing,True,RFGSM,vgg,30/70,alexnet,bing,50/50,0.0034129692,0.0,0.006711409395973154
220,bing,True,RFGSM,vgg,30/70,resnet,bing,20/80,0.027303753,0.055944055944055944,0.0
221,bing,True,RFGSM,vgg,30/70,resnet,bing,30/70,0.017064845,0.03496503496503497,0.0
222,bing,True,RFGSM,vgg,30/70,resnet,bing,40/60,0.006779661,0.006896551724137931,0.006666666666666667
223,bing,True,RFGSM,vgg,30/70,resnet,bing,50/50,0.006779661,0.006896551724137931,0.006666666666666667
224,bing,True,RFGSM,vgg,30/70,vgg,bing,20/80,0.15646258,0.2777777777777778,0.04
225,bing,True,RFGSM,vgg,30/70,vgg,bing,30/70,0.14576271,0.2,0.09333333333333334
226,bing,True,RFGSM,vgg,30/70,vgg,bing,40/60,0.15254237,0.18620689655172415,0.12
227,bing,True,RFGSM,vgg,30/70,vgg,bing,50/50,0.0945946,0.0958904109589041,0.09333333333333334
228,bing,True,RFGSM,vgg,30/70,alexnet,google,20/80,0.046666667,0.09333333333333334,0.0
229,bing,True,RFGSM,vgg,30/70,alexnet,google,30/70,0.04,0.08,0.0
230,bing,True,RFGSM,vgg,30/70,alexnet,google,40/60,0.023333333,0.04,0.006666666666666667
231,bing,True,RFGSM,vgg,30/70,alexnet,google,50/50,0.023333333,0.04,0.006666666666666667
232,bing,True,RFGSM,vgg,30/70,resnet,google,20/80,0.05,0.1,0.0
233,bing,True,RFGSM,vgg,30/70,resnet,google,30/70,0.03666667,0.07333333333333333,0.0
234,bing,True,RFGSM,vgg,30/70,resnet,google,40/60,0.026666667,0.04666666666666667,0.006666666666666667
235,bing,True,RFGSM,vgg,30/70,resnet,google,50/50,0.02,0.03333333333333333,0.006666666666666667
236,bing,True,RFGSM,vgg,30/70,vgg,google,20/80,0.14666668,0.2733333333333333,0.02
237,bing,True,RFGSM,vgg,30/70,vgg,google,30/70,0.13333334,0.22666666666666666,0.04
238,bing,True,RFGSM,vgg,30/70,vgg,google,40/60,0.12666667,0.16,0.09333333333333334
239,bing,True,RFGSM,vgg,30/70,vgg,google,50/50,0.1,0.12,0.08
240,bing,True,RFGSM,vgg,40/60,alexnet,bing,20/80,0.016949153,0.034482758620689655,0.0
241,bing,True,RFGSM,vgg,40/60,alexnet,bing,30/70,0.013793103,0.02142857142857143,0.006666666666666667
242,bing,True,RFGSM,vgg,40/60,alexnet,bing,40/60,0.0034013605,0.0,0.006711409395973154
243,bing,True,RFGSM,vgg,40/60,alexnet,bing,50/50,0.0034129692,0.0,0.006711409395973154
244,bing,True,RFGSM,vgg,40/60,resnet,bing,20/80,0.027303753,0.055944055944055944,0.0
245,bing,True,RFGSM,vgg,40/60,resnet,bing,30/70,0.010238907,0.02097902097902098,0.0
246,bing,True,RFGSM,vgg,40/60,resnet,bing,40/60,0.006779661,0.006896551724137931,0.006666666666666667
247,bing,True,RFGSM,vgg,40/60,resnet,bing,50/50,0.0,0.0,0.0
248,bing,True,RFGSM,vgg,40/60,vgg,bing,20/80,0.1462585,0.2708333333333333,0.02666666666666667
249,bing,True,RFGSM,vgg,40/60,vgg,bing,30/70,0.108474575,0.16551724137931034,0.05333333333333334
250,bing,True,RFGSM,vgg,40/60,vgg,bing,40/60,0.15932204,0.21379310344827587,0.10666666666666667
251,bing,True,RFGSM,vgg,40/60,vgg,bing,50/50,0.08783784,0.10273972602739725,0.07333333333333333
252,bing,True,RFGSM,vgg,40/60,alexnet,google,20/80,0.046666667,0.09333333333333334,0.0
253,bing,True,RFGSM,vgg,40/60,alexnet,google,30/70,0.046666667,0.08666666666666667,0.006666666666666667
254,bing,True,RFGSM,vgg,40/60,alexnet,google,40/60,0.026666667,0.04666666666666667,0.006666666666666667
255,bing,True,RFGSM,vgg,40/60,alexnet,google,50/50,0.023333333,0.04666666666666667,0.0
256,bing,True,RFGSM,vgg,40/60,resnet,google,20/80,0.05666667,0.11333333333333333,0.0
257,bing,True,RFGSM,vgg,40/60,resnet,google,30/70,0.033333335,0.06666666666666667,0.0
258,bing,True,RFGSM,vgg,40/60,resnet,google,40/60,0.026666667,0.04666666666666667,0.006666666666666667
259,bing,True,RFGSM,vgg,40/60,resnet,google,50/50,0.02,0.03333333333333333,0.006666666666666667
260,bing,True,RFGSM,vgg,40/60,vgg,google,20/80,0.17333333,0.30666666666666664,0.04
261,bing,True,RFGSM,vgg,40/60,vgg,google,30/70,0.13000001,0.23333333333333334,0.02666666666666667
262,bing,True,RFGSM,vgg,40/60,vgg,google,40/60,0.14666668,0.18666666666666668,0.10666666666666667
263,bing,True,RFGSM,vgg,40/60,vgg,google,50/50,0.12666667,0.17333333333333334,0.08
264,bing,True,RFGSM,vgg,50/50,alexnet,bing,20/80,0.016949153,0.034482758620689655,0.0
265,bing,True,RFGSM,vgg,50/50,alexnet,bing,30/70,0.013793103,0.02142857142857143,0.006666666666666667
266,bing,True,RFGSM,vgg,50/50,alexnet,bing,40/60,0.006802721,0.006896551724137931,0.006711409395973154
267,bing,True,RFGSM,vgg,50/50,alexnet,bing,50/50,0.0034129692,0.0,0.006711409395973154
268,bing,True,RFGSM,vgg,50/50,resnet,bing,20/80,0.030716723,0.06293706293706294,0.0
269,bing,True,RFGSM,vgg,50/50,resnet,bing,30/70,0.013651877,0.027972027972027972,0.0
270,bing,True,RFGSM,vgg,50/50,resnet,bing,40/60,0.010169491,0.013793103448275862,0.006666666666666667
271,bing,True,RFGSM,vgg,50/50,resnet,bing,50/50,0.0033898305,0.006896551724137931,0.0
272,bing,True,RFGSM,vgg,50/50,vgg,bing,20/80,0.1462585,0.2708333333333333,0.02666666666666667
273,bing,True,RFGSM,vgg,50/50,vgg,bing,30/70,0.13559322,0.2206896551724138,0.05333333333333334
274,bing,True,RFGSM,vgg,50/50,vgg,bing,40/60,0.14576271,0.19310344827586207,0.1
275,bing,True,RFGSM,vgg,50/50,vgg,bing,50/50,0.13175675,0.14383561643835616,0.12
276,bing,True,RFGSM,vgg,50/50,alexnet,google,20/80,0.05,0.1,0.0
277,bing,True,RFGSM,vgg,50/50,alexnet,google,30/70,0.04,0.07333333333333333,0.006666666666666667
278,bing,True,RFGSM,vgg,50/50,alexnet,google,40/60,0.026666667,0.04666666666666667,0.006666666666666667
279,bing,True,RFGSM,vgg,50/50,alexnet,google,50/50,0.023333333,0.04666666666666667,0.0
280,bing,True,RFGSM,vgg,50/50,resnet,google,20/80,0.05666667,0.11333333333333333,0.0
281,bing,True,RFGSM,vgg,50/50,resnet,google,30/70,0.04,0.08,0.0
282,bing,True,RFGSM,vgg,50/50,resnet,google,40/60,0.026666667,0.04666666666666667,0.006666666666666667
283,bing,True,RFGSM,vgg,50/50,resnet,google,50/50,0.02,0.03333333333333333,0.006666666666666667
284,bing,True,RFGSM,vgg,50/50,vgg,google,20/80,0.16,0.29333333333333333,0.02666666666666667
285,bing,True,RFGSM,vgg,50/50,vgg,google,30/70,0.120000005,0.22,0.02
286,bing,True,RFGSM,vgg,50/50,vgg,google,40/60,0.13000001,0.18,0.08
287,bing,True,RFGSM,vgg,50/50,vgg,google,50/50,0.12666667,0.16,0.09333333333333334
288,google,True,RFGSM,alexnet,20/80,alexnet,bing,20/80,0.083333336,0.09333333333333334,0.07333333333333333
289,google,True,RFGSM,alexnet,20/80,alexnet,bing,30/70,0.07666667,0.08666666666666667,0.06666666666666667
290,google,True,RFGSM,alexnet,20/80,alexnet,bing,40/60,0.10333334,0.04666666666666667,0.16
291,google,True,RFGSM,alexnet,20/80,alexnet,bing,50/50,0.12666667,0.03333333333333333,0.22
292,google,True,RFGSM,alexnet,20/80,resnet,bing,20/80,0.030000001,0.05333333333333334,0.006666666666666667
293,google,True,RFGSM,alexnet,20/80,resnet,bing,30/70,0.030000001,0.04,0.02
294,google,True,RFGSM,alexnet,20/80,resnet,bing,40/60,0.03666667,0.02,0.05333333333333334
295,google,True,RFGSM,alexnet,20/80,resnet,bing,50/50,0.03666667,0.013333333333333334,0.06
296,google,True,RFGSM,alexnet,20/80,vgg,bing,20/80,0.026666667,0.04666666666666667,0.006666666666666667
297,google,True,RFGSM,alexnet,20/80,vgg,bing,30/70,0.016666668,0.006666666666666667,0.02666666666666667
298,google,True,RFGSM,alexnet,20/80,vgg,bing,40/60,0.02,0.006666666666666667,0.03333333333333333
299,google,True,RFGSM,alexnet,20/80,vgg,bing,50/50,0.016666668,0.006666666666666667,0.02666666666666667
300,google,True,RFGSM,alexnet,20/80,alexnet,google,20/80,0.08135593,0.06206896551724138,0.1
301,google,True,RFGSM,alexnet,20/80,alexnet,google,30/70,0.06779661,0.034013605442176874,0.10135135135135136
302,google,True,RFGSM,alexnet,20/80,alexnet,google,40/60,0.098305084,0.0472972972972973,0.14965986394557823
303,google,True,RFGSM,alexnet,20/80,alexnet,google,50/50,0.1010101,0.04,0.16326530612244897
304,google,True,RFGSM,alexnet,20/80,resnet,google,20/80,0.037162162,0.0410958904109589,0.03333333333333333
305,google,True,RFGSM,alexnet,20/80,resnet,google,30/70,0.016778523,0.013513513513513514,0.02
306,google,True,RFGSM,alexnet,20/80,resnet,google,40/60,0.026936026,0.013422818791946308,0.04054054054054054
307,google,True,RFGSM,alexnet,20/80,resnet,google,50/50,0.02364865,0.0,0.047619047619047616
308,google,True,RFGSM,alexnet,20/80,vgg,google,20/80,0.01010101,0.013605442176870748,0.006666666666666667
309,google,True,RFGSM,alexnet,20/80,vgg,google,30/70,0.0100334445,0.006711409395973154,0.013333333333333334
310,google,True,RFGSM,alexnet,20/80,vgg,google,40/60,0.016778523,0.006711409395973154,0.026845637583892617
311,google,True,RFGSM,alexnet,20/80,vgg,google,50/50,0.023489933,0.0,0.04697986577181208
312,google,True,RFGSM,alexnet,30/70,alexnet,bing,20/80,0.07666667,0.08666666666666667,0.06666666666666667
313,google,True,RFGSM,alexnet,30/70,alexnet,bing,30/70,0.08,0.1,0.06
314,google,True,RFGSM,alexnet,30/70,alexnet,bing,40/60,0.10333334,0.05333333333333334,0.15333333333333332
315,google,True,RFGSM,alexnet,30/70,alexnet,bing,50/50,0.12666667,0.04,0.21333333333333335
316,google,True,RFGSM,alexnet,30/70,resnet,bing,20/80,0.030000001,0.04666666666666667,0.013333333333333334
317,google,True,RFGSM,alexnet,30/70,resnet,bing,30/70,0.030000001,0.04,0.02
318,google,True,RFGSM,alexnet,30/70,resnet,bing,40/60,0.033333335,0.02,0.04666666666666667
319,google,True,RFGSM,alexnet,30/70,resnet,bing,50/50,0.030000001,0.006666666666666667,0.05333333333333334
320,google,True,RFGSM,alexnet,30/70,vgg,bing,20/80,0.02,0.04,0.0
321,google,True,RFGSM,alexnet,30/70,vgg,bing,30/70,0.01,0.013333333333333334,0.006666666666666667
322,google,True,RFGSM,alexnet,30/70,vgg,bing,40/60,0.016666668,0.013333333333333334,0.02
323,google,True,RFGSM,alexnet,30/70,vgg,bing,50/50,0.02,0.006666666666666667,0.03333333333333333
324,google,True,RFGSM,alexnet,30/70,alexnet,google,20/80,0.06779661,0.06206896551724138,0.07333333333333333
325,google,True,RFGSM,alexnet,30/70,alexnet,google,30/70,0.08135593,0.05442176870748299,0.10810810810810811
326,google,True,RFGSM,alexnet,30/70,alexnet,google,40/60,0.09152542,0.05405405405405406,0.1292517006802721
327,google,True,RFGSM,alexnet,30/70,alexnet,google,50/50,0.11784512,0.06,0.17687074829931973
328,google,True,RFGSM,alexnet,30/70,resnet,google,20/80,0.037162162,0.03424657534246575,0.04
329,google,True,RFGSM,alexnet,30/70,resnet,google,30/70,0.02013423,0.013513513513513514,0.02666666666666667
330,google,True,RFGSM,alexnet,30/70,resnet,google,40/60,0.023569023,0.006711409395973154,0.04054054054054054
331,google,True,RFGSM,alexnet,30/70,resnet,google,50/50,0.016891893,0.0,0.034013605442176874
332,google,True,RFGSM,alexnet,30/70,vgg,google,20/80,0.0067340066,0.013605442176870748,0.0
333,google,True,RFGSM,alexnet,30/70,vgg,google,30/70,0.013377926,0.006711409395973154,0.02
334,google,True,RFGSM,alexnet,30/70,vgg,google,40/60,0.016778523,0.006711409395973154,0.026845637583892617
335,google,True,RFGSM,alexnet,30/70,vgg,google,50/50,0.023489933,0.0,0.04697986577181208
336,google,True,RFGSM,alexnet,40/60,alexnet,bing,20/80,0.08,0.09333333333333334,0.06666666666666667
337,google,True,RFGSM,alexnet,40/60,alexnet,bing,30/70,0.083333336,0.11333333333333333,0.05333333333333334
338,google,True,RFGSM,alexnet,40/60,alexnet,bing,40/60,0.120000005,0.05333333333333334,0.18666666666666668
339,google,True,RFGSM,alexnet,40/60,alexnet,bing,50/50,0.14,0.05333333333333334,0.22666666666666666
340,google,True,RFGSM,alexnet,40/60,resnet,bing,20/80,0.03666667,0.05333333333333334,0.02
341,google,True,RFGSM,alexnet,40/60,resnet,bing,30/70,0.033333335,0.05333333333333334,0.013333333333333334
342,google,True,RFGSM,alexnet,40/60,resnet,bing,40/60,0.03666667,0.02666666666666667,0.04666666666666667
343,google,True,RFGSM,alexnet,40/60,resnet,bing,50/50,0.043333333,0.02,0.06666666666666667
344,google,True,RFGSM,alexnet,40/60,vgg,bing,20/80,0.026666667,0.05333333333333334,0.0
345,google,True,RFGSM,alexnet,40/60,vgg,bing,30/70,0.013333334,0.013333333333333334,0.013333333333333334
346,google,True,RFGSM,alexnet,40/60,vgg,bing,40/60,0.013333334,0.013333333333333334,0.013333333333333334
347,google,True,RFGSM,alexnet,40/60,vgg,bing,50/50,0.016666668,0.006666666666666667,0.02666666666666667
348,google,True,RFGSM,alexnet,40/60,alexnet,google,20/80,0.06440678,0.05517241379310345,0.07333333333333333
349,google,True,RFGSM,alexnet,40/60,alexnet,google,30/70,0.08135593,0.061224489795918366,0.10135135135135136
350,google,True,RFGSM,alexnet,40/60,alexnet,google,40/60,0.10508475,0.060810810810810814,0.14965986394557823
351,google,True,RFGSM,alexnet,40/60,alexnet,google,50/50,0.11447811,0.06,0.17006802721088435
352,google,True,RFGSM,alexnet,40/60,resnet,google,20/80,0.037162162,0.0410958904109589,0.03333333333333333
353,google,True,RFGSM,alexnet,40/60,resnet,google,30/70,0.023489933,0.02702702702702703,0.02
354,google,True,RFGSM,alexnet,40/60,resnet,google,40/60,0.03030303,0.013422818791946308,0.0472972972972973
355,google,True,RFGSM,alexnet,40/60,resnet,google,50/50,0.030405406,0.0,0.061224489795918366
356,google,True,RFGSM,alexnet,40/60,vgg,google,20/80,0.0067340066,0.013605442176870748,0.0
357,google,True,RFGSM,alexnet,40/60,vgg,google,30/70,0.013377926,0.013422818791946308,0.013333333333333334
358,google,True,RFGSM,alexnet,40/60,vgg,google,40/60,0.010067115,0.006711409395973154,0.013422818791946308
359,google,True,RFGSM,alexnet,40/60,vgg,google,50/50,0.023489933,0.0,0.04697986577181208
360,google,True,RFGSM,alexnet,50/50,alexnet,bing,20/80,0.07333334,0.08,0.06666666666666667
361,google,True,RFGSM,alexnet,50/50,alexnet,bing,30/70,0.083333336,0.1,0.06666666666666667
362,google,True,RFGSM,alexnet,50/50,alexnet,bing,40/60,0.11333334,0.04666666666666667,0.18
363,google,True,RFGSM,alexnet,50/50,alexnet,bing,50/50,0.15,0.06,0.24
364,google,True,RFGSM,alexnet,50/50,resnet,bing,20/80,0.03666667,0.04666666666666667,0.02666666666666667
365,google,True,RFGSM,alexnet,50/50,resnet,bing,30/70,0.033333335,0.04666666666666667,0.02
366,google,True,RFGSM,alexnet,50/50,resnet,bing,40/60,0.04,0.03333333333333333,0.04666666666666667
367,google,True,RFGSM,alexnet,50/50,resnet,bing,50/50,0.033333335,0.02,0.04666666666666667
368,google,True,RFGSM,alexnet,50/50,vgg,bing,20/80,0.030000001,0.05333333333333334,0.006666666666666667
369,google,True,RFGSM,alexnet,50/50,vgg,bing,30/70,0.01,0.013333333333333334,0.006666666666666667
370,google,True,RFGSM,alexnet,50/50,vgg,bing,40/60,0.02,0.02,0.02
371,google,True,RFGSM,alexnet,50/50,vgg,bing,50/50,0.023333333,0.006666666666666667,0.04
372,google,True,RFGSM,alexnet,50/50,alexnet,google,20/80,0.054237287,0.04827586206896552,0.06
373,google,True,RFGSM,alexnet,50/50,alexnet,google,30/70,0.07457627,0.061224489795918366,0.08783783783783784
374,google,True,RFGSM,alexnet,50/50,alexnet,google,40/60,0.094915256,0.05405405405405406,0.1360544217687075
375,google,True,RFGSM,alexnet,50/50,alexnet,google,50/50,0.11784512,0.06,0.17687074829931973
376,google,True,RFGSM,alexnet,50/50,resnet,google,20/80,0.037162162,0.0410958904109589,0.03333333333333333
377,google,True,RFGSM,alexnet,50/50,resnet,google,30/70,0.023489933,0.02702702702702703,0.02
378,google,True,RFGSM,alexnet,50/50,resnet,google,40/60,0.033670034,0.020134228187919462,0.0472972972972973
379,google,True,RFGSM,alexnet,50/50,resnet,google,50/50,0.027027028,0.0,0.05442176870748299
380,google,True,RFGSM,alexnet,50/50,vgg,google,20/80,0.0067340066,0.013605442176870748,0.0
381,google,True,RFGSM,alexnet,50/50,vgg,google,30/70,0.0100334445,0.013422818791946308,0.006666666666666667
382,google,True,RFGSM,alexnet,50/50,vgg,google,40/60,0.013422819,0.006711409395973154,0.020134228187919462
383,google,True,RFGSM,alexnet,50/50,vgg,google,50/50,0.02013423,0.0,0.040268456375838924
384,google,True,RFGSM,resnet,20/80,alexnet,bing,20/80,0.013333334,0.02666666666666667,0.0
385,google,True,RFGSM,resnet,20/80,alexnet,bing,30/70,0.01,0.02,0.0
386,google,True,RFGSM,resnet,20/80,alexnet,bing,40/60,0.016666668,0.006666666666666667,0.02666666666666667
387,google,True,RFGSM,resnet,20/80,alexnet,bing,50/50,0.026666667,0.0,0.05333333333333334
388,google,True,RFGSM,resnet,20/80,resnet,bing,20/80,0.086666666,0.13333333333333333,0.04
389,google,True,RFGSM,resnet,20/80,resnet,bing,30/70,0.046666667,0.06666666666666667,0.02666666666666667
390,google,True,RFGSM,resnet,20/80,resnet,bing,40/60,0.06333333,0.04,0.08666666666666667
391,google,True,RFGSM,resnet,20/80,resnet,bing,50/50,0.07666667,0.04,0.11333333333333333
392,google,True,RFGSM,resnet,20/80,vgg,bing,20/80,0.04,0.07333333333333333,0.006666666666666667
393,google,True,RFGSM,resnet,20/80,vgg,bing,30/70,0.033333335,0.04,0.02666666666666667
394,google,True,RFGSM,resnet,20/80,vgg,bing,40/60,0.033333335,0.02,0.04666666666666667
395,google,True,RFGSM,resnet,20/80,vgg,bing,50/50,0.030000001,0.013333333333333334,0.04666666666666667
396,google,True,RFGSM,resnet,20/80,alexnet,google,20/80,0.0033898305,0.006896551724137931,0.0
397,google,True,RFGSM,resnet,20/80,alexnet,google,30/70,0.016949153,0.006802721088435374,0.02702702702702703
398,google,True,RFGSM,resnet,20/80,alexnet,google,40/60,0.016949153,0.006756756756756757,0.027210884353741496
399,google,True,RFGSM,resnet,20/80,alexnet,google,50/50,0.016835017,0.006666666666666667,0.027210884353741496
400,google,True,RFGSM,resnet,20/80,resnet,google,20/80,0.081081085,0.08904109589041095,0.07333333333333333
401,google,True,RFGSM,resnet,20/80,resnet,google,30/70,0.03691275,0.04054054054054054,0.03333333333333333
402,google,True,RFGSM,resnet,20/80,resnet,google,40/60,0.05050505,0.03355704697986577,0.06756756756756757
403,google,True,RFGSM,resnet,20/80,resnet,google,50/50,0.06081081,0.026845637583892617,0.09523809523809523
404,google,True,RFGSM,resnet,20/80,vgg,google,20/80,0.023569023,0.034013605442176874,0.013333333333333334
405,google,True,RFGSM,resnet,20/80,vgg,google,30/70,0.02341137,0.020134228187919462,0.02666666666666667
406,google,True,RFGSM,resnet,20/80,vgg,google,40/60,0.043624163,0.013422818791946308,0.0738255033557047
407,google,True,RFGSM,resnet,20/80,vgg,google,50/50,0.046979867,0.006711409395973154,0.087248322147651
408,google,True,RFGSM,resnet,30/70,alexnet,bing,20/80,0.016666668,0.03333333333333333,0.0
409,google,True,RFGSM,resnet,30/70,alexnet,bing,30/70,0.016666668,0.03333333333333333,0.0
410,google,True,RFGSM,resnet,30/70,alexnet,bing,40/60,0.006666667,0.006666666666666667,0.006666666666666667
411,google,True,RFGSM,resnet,30/70,alexnet,bing,50/50,0.026666667,0.0,0.05333333333333334
412,google,True,RFGSM,resnet,30/70,resnet,bing,20/80,0.07,0.11333333333333333,0.02666666666666667
413,google,True,RFGSM,resnet,30/70,resnet,bing,30/70,0.07,0.08,0.06
414,google,True,RFGSM,resnet,30/70,resnet,bing,40/60,0.07,0.04,0.1
415,google,True,RFGSM,resnet,30/70,resnet,bing,50/50,0.083333336,0.03333333333333333,0.13333333333333333
416,google,True,RFGSM,resnet,30/70,vgg,bing,20/80,0.046666667,0.08,0.013333333333333334
417,google,True,RFGSM,resnet,30/70,vgg,bing,30/70,0.043333333,0.04666666666666667,0.04
418,google,True,RFGSM,resnet,30/70,vgg,bing,40/60,0.043333333,0.04,0.04666666666666667
419,google,True,RFGSM,resnet,30/70,vgg,bing,50/50,0.043333333,0.02666666666666667,0.06
420,google,True,RFGSM,resnet,30/70,alexnet,google,20/80,0.0033898305,0.006896551724137931,0.0
421,google,True,RFGSM,resnet,30/70,alexnet,google,30/70,0.016949153,0.013605442176870748,0.02027027027027027
422,google,True,RFGSM,resnet,30/70,alexnet,google,40/60,0.016949153,0.013513513513513514,0.02040816326530612
423,google,True,RFGSM,resnet,30/70,alexnet,google,50/50,0.013468013,0.006666666666666667,0.02040816326530612
424,google,True,RFGSM,resnet,30/70,resnet,google,20/80,0.06081081,0.07534246575342465,0.04666666666666667
425,google,True,RFGSM,resnet,30/70,resnet,google,30/70,0.060402684,0.06756756756756757,0.05333333333333334
426,google,True,RFGSM,resnet,30/70,resnet,google,40/60,0.08080808,0.03355704697986577,0.12837837837837837
427,google,True,RFGSM,resnet,30/70,resnet,google,50/50,0.06756757,0.020134228187919462,0.11564625850340136
