,source_dataset,isMath,attack,source_model,source_balancing,target_model,target_dataset,target_balancing,asr,asr_0,asr_1
0,bing,True,TIFGSM,alexnet,20/80,alexnet,bing,20/80,0.6033898,0.5172413793103449,0.6866666666666666
1,bing,True,TIFGSM,alexnet,20/80,alexnet,bing,30/70,0.537931,0.45,0.62
2,bing,True,TIFGSM,alexnet,20/80,alexnet,bing,40/60,0.5510204,0.296551724137931,0.7986577181208053
3,bing,True,TIFGSM,alexnet,20/80,alexnet,bing,50/50,0.5085324,0.2222222222222222,0.785234899328859
4,bing,True,TIFGSM,alexnet,20/80,resnet,bing,20/80,0.102389075,0.20279720279720279,0.006666666666666667
5,bing,True,TIFGSM,alexnet,20/80,resnet,bing,30/70,0.08191126,0.13986013986013987,0.02666666666666667
6,bing,True,TIFGSM,alexnet,20/80,resnet,bing,40/60,0.054237287,0.041379310344827586,0.06666666666666667
7,bing,True,TIFGSM,alexnet,20/80,resnet,bing,50/50,0.050847456,0.041379310344827586,0.06
8,bing,True,TIFGSM,alexnet,20/80,vgg,bing,20/80,0.07142857,0.13194444444444445,0.013333333333333334
9,bing,True,TIFGSM,alexnet,20/80,vgg,bing,30/70,0.044067796,0.05517241379310345,0.03333333333333333
10,bing,True,TIFGSM,alexnet,20/80,vgg,bing,40/60,0.040677965,0.041379310344827586,0.04
11,bing,True,TIFGSM,alexnet,20/80,vgg,bing,50/50,0.030405406,0.02054794520547945,0.04
12,bing,True,TIFGSM,alexnet,20/80,alexnet,google,20/80,0.51666665,0.44666666666666666,0.5866666666666667
13,bing,True,TIFGSM,alexnet,20/80,alexnet,google,30/70,0.56333333,0.3933333333333333,0.7333333333333333
14,bing,True,TIFGSM,alexnet,20/80,alexnet,google,40/60,0.5233334,0.36,0.6866666666666666
15,bing,True,TIFGSM,alexnet,20/80,alexnet,google,50/50,0.51,0.30666666666666664,0.7133333333333334
16,bing,True,TIFGSM,alexnet,20/80,resnet,google,20/80,0.093333334,0.16666666666666666,0.02
17,bing,True,TIFGSM,alexnet,20/80,resnet,google,30/70,0.07,0.12666666666666668,0.013333333333333334
18,bing,True,TIFGSM,alexnet,20/80,resnet,google,40/60,0.07333334,0.08666666666666667,0.06
19,bing,True,TIFGSM,alexnet,20/80,resnet,google,50/50,0.05,0.05333333333333334,0.04666666666666667
20,bing,True,TIFGSM,alexnet,20/80,vgg,google,20/80,0.060000002,0.11333333333333333,0.006666666666666667
21,bing,True,TIFGSM,alexnet,20/80,vgg,google,30/70,0.05,0.07333333333333333,0.02666666666666667
22,bing,True,TIFGSM,alexnet,20/80,vgg,google,40/60,0.05666667,0.06666666666666667,0.04666666666666667
23,bing,True,TIFGSM,alexnet,20/80,vgg,google,50/50,0.05666667,0.06666666666666667,0.04666666666666667
24,bing,True,TIFGSM,alexnet,30/70,alexnet,bing,20/80,0.46101695,0.3586206896551724,0.56
25,bing,True,TIFGSM,alexnet,30/70,alexnet,bing,30/70,0.51724136,0.4142857142857143,0.6133333333333333
26,bing,True,TIFGSM,alexnet,30/70,alexnet,bing,40/60,0.5102041,0.2206896551724138,0.7919463087248322
27,bing,True,TIFGSM,alexnet,30/70,alexnet,bing,50/50,0.47440273,0.1527777777777778,0.785234899328859
28,bing,True,TIFGSM,alexnet,30/70,resnet,bing,20/80,0.054607507,0.11188811188811189,0.0
29,bing,True,TIFGSM,alexnet,30/70,resnet,bing,30/70,0.0443686,0.06993006993006994,0.02
30,bing,True,TIFGSM,alexnet,30/70,resnet,bing,40/60,0.033898305,0.020689655172413793,0.04666666666666667
31,bing,True,TIFGSM,alexnet,30/70,resnet,bing,50/50,0.027118644,0.006896551724137931,0.04666666666666667
32,bing,True,TIFGSM,alexnet,30/70,vgg,bing,20/80,0.040816326,0.06944444444444445,0.013333333333333334
33,bing,True,TIFGSM,alexnet,30/70,vgg,bing,30/70,0.020338982,0.013793103448275862,0.02666666666666667
34,bing,True,TIFGSM,alexnet,30/70,vgg,bing,40/60,0.020338982,0.013793103448275862,0.02666666666666667
35,bing,True,TIFGSM,alexnet,30/70,vgg,bing,50/50,0.016891893,0.0136986301369863,0.02
36,bing,True,TIFGSM,alexnet,30/70,alexnet,google,20/80,0.44333336,0.36,0.5266666666666666
37,bing,True,TIFGSM,alexnet,30/70,alexnet,google,30/70,0.53000003,0.32666666666666666,0.7333333333333333
38,bing,True,TIFGSM,alexnet,30/70,alexnet,google,40/60,0.44,0.25333333333333335,0.6266666666666667
39,bing,True,TIFGSM,alexnet,30/70,alexnet,google,50/50,0.44333336,0.2,0.6866666666666666
40,bing,True,TIFGSM,alexnet,30/70,resnet,google,20/80,0.07333334,0.13333333333333333,0.013333333333333334
41,bing,True,TIFGSM,alexnet,30/70,resnet,google,30/70,0.053333335,0.09333333333333334,0.013333333333333334
42,bing,True,TIFGSM,alexnet,30/70,resnet,google,40/60,0.05666667,0.05333333333333334,0.06
43,bing,True,TIFGSM,alexnet,30/70,resnet,google,50/50,0.04,0.04,0.04
44,bing,True,TIFGSM,alexnet,30/70,vgg,google,20/80,0.05666667,0.1,0.013333333333333334
45,bing,True,TIFGSM,alexnet,30/70,vgg,google,30/70,0.043333333,0.06666666666666667,0.02
46,bing,True,TIFGSM,alexnet,30/70,vgg,google,40/60,0.046666667,0.06,0.03333333333333333
47,bing,True,TIFGSM,alexnet,30/70,vgg,google,50/50,0.033333335,0.04,0.02666666666666667
48,bing,True,TIFGSM,alexnet,40/60,alexnet,bing,20/80,0.5694915,0.4413793103448276,0.6933333333333334
49,bing,True,TIFGSM,alexnet,40/60,alexnet,bing,30/70,0.56551725,0.44285714285714284,0.68
50,bing,True,TIFGSM,alexnet,40/60,alexnet,bing,40/60,0.58843535,0.31724137931034485,0.8523489932885906
51,bing,True,TIFGSM,alexnet,40/60,alexnet,bing,50/50,0.54607505,0.22916666666666666,0.8523489932885906
52,bing,True,TIFGSM,alexnet,40/60,resnet,bing,20/80,0.09215017,0.18181818181818182,0.006666666666666667
53,bing,True,TIFGSM,alexnet,40/60,resnet,bing,30/70,0.06825938,0.11888111888111888,0.02
54,bing,True,TIFGSM,alexnet,40/60,resnet,bing,40/60,0.047457628,0.034482758620689655,0.06
55,bing,True,TIFGSM,alexnet,40/60,resnet,bing,50/50,0.047457628,0.020689655172413793,0.07333333333333333
56,bing,True,TIFGSM,alexnet,40/60,vgg,bing,20/80,0.06802721,0.11805555555555555,0.02
57,bing,True,TIFGSM,alexnet,40/60,vgg,bing,30/70,0.061016947,0.07586206896551724,0.04666666666666667
58,bing,True,TIFGSM,alexnet,40/60,vgg,bing,40/60,0.047457628,0.05517241379310345,0.04
59,bing,True,TIFGSM,alexnet,40/60,vgg,bing,50/50,0.033783786,0.03424657534246575,0.03333333333333333
60,bing,True,TIFGSM,alexnet,40/60,alexnet,google,20/80,0.5133333,0.41333333333333333,0.6133333333333333
61,bing,True,TIFGSM,alexnet,40/60,alexnet,google,30/70,0.58000004,0.36666666666666664,0.7933333333333333
62,bing,True,TIFGSM,alexnet,40/60,alexnet,google,40/60,0.5466667,0.34,0.7533333333333333
63,bing,True,TIFGSM,alexnet,40/60,alexnet,google,50/50,0.5466667,0.30666666666666664,0.7866666666666666
64,bing,True,TIFGSM,alexnet,40/60,resnet,google,20/80,0.09,0.16,0.02
65,bing,True,TIFGSM,alexnet,40/60,resnet,google,30/70,0.07,0.12666666666666668,0.013333333333333334
66,bing,True,TIFGSM,alexnet,40/60,resnet,google,40/60,0.060000002,0.06,0.06
67,bing,True,TIFGSM,alexnet,40/60,resnet,google,50/50,0.05666667,0.05333333333333334,0.06
68,bing,True,TIFGSM,alexnet,40/60,vgg,google,20/80,0.06333333,0.11333333333333333,0.013333333333333334
69,bing,True,TIFGSM,alexnet,40/60,vgg,google,30/70,0.053333335,0.08,0.02666666666666667
70,bing,True,TIFGSM,alexnet,40/60,vgg,google,40/60,0.053333335,0.07333333333333333,0.03333333333333333
71,bing,True,TIFGSM,alexnet,40/60,vgg,google,50/50,0.043333333,0.06,0.02666666666666667
72,bing,True,TIFGSM,alexnet,50/50,alexnet,bing,20/80,0.49830508,0.41379310344827586,0.58
73,bing,True,TIFGSM,alexnet,50/50,alexnet,bing,30/70,0.50344825,0.42857142857142855,0.5733333333333334
74,bing,True,TIFGSM,alexnet,50/50,alexnet,bing,40/60,0.5442177,0.2827586206896552,0.7986577181208053
75,bing,True,TIFGSM,alexnet,50/50,alexnet,bing,50/50,0.5426621,0.24305555555555555,0.8322147651006712
76,bing,True,TIFGSM,alexnet,50/50,resnet,bing,20/80,0.0887372,0.16783216783216784,0.013333333333333334
77,bing,True,TIFGSM,alexnet,50/50,resnet,bing,30/70,0.08191126,0.13986013986013987,0.02666666666666667
78,bing,True,TIFGSM,alexnet,50/50,resnet,bing,40/60,0.054237287,0.04827586206896552,0.06
79,bing,True,TIFGSM,alexnet,50/50,resnet,bing,50/50,0.054237287,0.04827586206896552,0.06
80,bing,True,TIFGSM,alexnet,50/50,vgg,bing,20/80,0.08503401,0.1597222222222222,0.013333333333333334
81,bing,True,TIFGSM,alexnet,50/50,vgg,bing,30/70,0.047457628,0.04827586206896552,0.04666666666666667
82,bing,True,TIFGSM,alexnet,50/50,vgg,bing,40/60,0.054237287,0.07586206896551724,0.03333333333333333
83,bing,True,TIFGSM,alexnet,50/50,vgg,bing,50/50,0.027027028,0.02054794520547945,0.03333333333333333
84,bing,True,TIFGSM,alexnet,50/50,alexnet,google,20/80,0.42666668,0.38666666666666666,0.4666666666666667
85,bing,True,TIFGSM,alexnet,50/50,alexnet,google,30/70,0.55333334,0.36666666666666664,0.74
86,bing,True,TIFGSM,alexnet,50/50,alexnet,google,40/60,0.50333333,0.32666666666666666,0.68
87,bing,True,TIFGSM,alexnet,50/50,alexnet,google,50/50,0.5133333,0.31333333333333335,0.7133333333333334
88,bing,True,TIFGSM,alexnet,50/50,resnet,google,20/80,0.09,0.15333333333333332,0.02666666666666667
89,bing,True,TIFGSM,alexnet,50/50,resnet,google,30/70,0.07666667,0.14,0.013333333333333334
90,bing,True,TIFGSM,alexnet,50/50,resnet,google,40/60,0.08,0.08666666666666667,0.07333333333333333
91,bing,True,TIFGSM,alexnet,50/50,resnet,google,50/50,0.06666667,0.07333333333333333,0.06
92,bing,True,TIFGSM,alexnet,50/50,vgg,google,20/80,0.093333334,0.15333333333333332,0.03333333333333333
93,bing,True,TIFGSM,alexnet,50/50,vgg,google,30/70,0.06333333,0.09333333333333334,0.03333333333333333
94,bing,True,TIFGSM,alexnet,50/50,vgg,google,40/60,0.060000002,0.08,0.04
95,bing,True,TIFGSM,alexnet,50/50,vgg,google,50/50,0.046666667,0.06,0.03333333333333333
96,bing,True,TIFGSM,resnet,20/80,alexnet,bing,20/80,0.06440678,0.08275862068965517,0.04666666666666667
97,bing,True,TIFGSM,resnet,20/80,alexnet,bing,30/70,0.037931032,0.05714285714285714,0.02
98,bing,True,TIFGSM,resnet,20/80,alexnet,bing,40/60,0.040816326,0.0,0.08053691275167785
99,bing,True,TIFGSM,resnet,20/80,alexnet,bing,50/50,0.0443686,0.0,0.087248322147651
100,bing,True,TIFGSM,resnet,20/80,resnet,bing,20/80,0.50511944,0.5314685314685315,0.48
101,bing,True,TIFGSM,resnet,20/80,resnet,bing,30/70,0.35836175,0.38461538461538464,0.3333333333333333
102,bing,True,TIFGSM,resnet,20/80,resnet,bing,40/60,0.36610168,0.2206896551724138,0.5066666666666667
103,bing,True,TIFGSM,resnet,20/80,resnet,bing,50/50,0.36610168,0.2,0.5266666666666666
104,bing,True,TIFGSM,resnet,20/80,vgg,bing,20/80,0.13265306,0.2013888888888889,0.06666666666666667
105,bing,True,TIFGSM,resnet,20/80,vgg,bing,30/70,0.098305084,0.07586206896551724,0.12
106,bing,True,TIFGSM,resnet,20/80,vgg,bing,40/60,0.12881356,0.12413793103448276,0.13333333333333333
107,bing,True,TIFGSM,resnet,20/80,vgg,bing,50/50,0.0945946,0.04794520547945205,0.14
108,bing,True,TIFGSM,resnet,20/80,alexnet,google,20/80,0.05,0.08,0.02
109,bing,True,TIFGSM,resnet,20/80,alexnet,google,30/70,0.06333333,0.06666666666666667,0.06
110,bing,True,TIFGSM,resnet,20/80,alexnet,google,40/60,0.06333333,0.05333333333333334,0.07333333333333333
111,bing,True,TIFGSM,resnet,20/80,alexnet,google,50/50,0.046666667,0.04666666666666667,0.04666666666666667
112,bing,True,TIFGSM,resnet,20/80,resnet,google,20/80,0.4466667,0.46,0.43333333333333335
113,bing,True,TIFGSM,resnet,20/80,resnet,google,30/70,0.31,0.36666666666666664,0.25333333333333335
114,bing,True,TIFGSM,resnet,20/80,resnet,google,40/60,0.36,0.24,0.48
115,bing,True,TIFGSM,resnet,20/80,resnet,google,50/50,0.34666666,0.24,0.4533333333333333
116,bing,True,TIFGSM,resnet,20/80,vgg,google,20/80,0.123333335,0.18666666666666668,0.06
117,bing,True,TIFGSM,resnet,20/80,vgg,google,30/70,0.09666667,0.09333333333333334,0.1
118,bing,True,TIFGSM,resnet,20/80,vgg,google,40/60,0.10333334,0.08666666666666667,0.12
119,bing,True,TIFGSM,resnet,20/80,vgg,google,50/50,0.11666667,0.08,0.15333333333333332
120,bing,True,TIFGSM,resnet,30/70,alexnet,bing,20/80,0.047457628,0.05517241379310345,0.04
121,bing,True,TIFGSM,resnet,30/70,alexnet,bing,30/70,0.037931032,0.05,0.02666666666666667
122,bing,True,TIFGSM,resnet,30/70,alexnet,bing,40/60,0.044217687,0.006896551724137931,0.08053691275167785
123,bing,True,TIFGSM,resnet,30/70,alexnet,bing,50/50,0.06825938,0.006944444444444444,0.12751677852348994
124,bing,True,TIFGSM,resnet,30/70,resnet,bing,20/80,0.34812286,0.4755244755244755,0.22666666666666666
125,bing,True,TIFGSM,resnet,30/70,resnet,bing,30/70,0.5221843,0.4755244755244755,0.5666666666666667
126,bing,True,TIFGSM,resnet,30/70,resnet,bing,40/60,0.37288135,0.2689655172413793,0.47333333333333333
127,bing,True,TIFGSM,resnet,30/70,resnet,bing,50/50,0.40677965,0.25517241379310346,0.5533333333333333
128,bing,True,TIFGSM,resnet,30/70,vgg,bing,20/80,0.14285713,0.2152777777777778,0.07333333333333333
129,bing,True,TIFGSM,resnet,30/70,vgg,bing,30/70,0.13898306,0.08275862068965517,0.19333333333333333
130,bing,True,TIFGSM,resnet,30/70,vgg,bing,40/60,0.13898306,0.1103448275862069,0.16666666666666666
131,bing,True,TIFGSM,resnet,30/70,vgg,bing,50/50,0.11824325,0.04794520547945205,0.18666666666666668
132,bing,True,TIFGSM,resnet,30/70,alexnet,google,20/80,0.060000002,0.1,0.02
133,bing,True,TIFGSM,resnet,30/70,alexnet,google,30/70,0.053333335,0.06,0.04666666666666667
134,bing,True,TIFGSM,resnet,30/70,alexnet,google,40/60,0.05,0.05333333333333334,0.04666666666666667
135,bing,True,TIFGSM,resnet,30/70,alexnet,google,50/50,0.05666667,0.04666666666666667,0.06666666666666667
136,bing,True,TIFGSM,resnet,30/70,resnet,google,20/80,0.31333333,0.38666666666666666,0.24
137,bing,True,TIFGSM,resnet,30/70,resnet,google,30/70,0.43,0.4533333333333333,0.4066666666666667
138,bing,True,TIFGSM,resnet,30/70,resnet,google,40/60,0.37,0.2733333333333333,0.4666666666666667
139,bing,True,TIFGSM,resnet,30/70,resnet,google,50/50,0.34,0.22,0.46
140,bing,True,TIFGSM,resnet,30/70,vgg,google,20/80,0.120000005,0.18666666666666668,0.05333333333333334
141,bing,True,TIFGSM,resnet,30/70,vgg,google,30/70,0.10666667,0.09333333333333334,0.12
142,bing,True,TIFGSM,resnet,30/70,vgg,google,40/60,0.120000005,0.07333333333333333,0.16666666666666666
143,bing,True,TIFGSM,resnet,30/70,vgg,google,50/50,0.11333334,0.05333333333333334,0.17333333333333334
144,bing,True,TIFGSM,resnet,40/60,alexnet,bing,20/80,0.061016947,0.06896551724137931,0.05333333333333334
145,bing,True,TIFGSM,resnet,40/60,alexnet,bing,30/70,0.037931032,0.05,0.02666666666666667
146,bing,True,TIFGSM,resnet,40/60,alexnet,bing,40/60,0.05782313,0.006896551724137931,0.10738255033557047
147,bing,True,TIFGSM,resnet,40/60,alexnet,bing,50/50,0.061433446,0.006944444444444444,0.11409395973154363
148,bing,True,TIFGSM,resnet,40/60,resnet,bing,20/80,0.38225254,0.46153846153846156,0.30666666666666664
149,bing,True,TIFGSM,resnet,40/60,resnet,bing,30/70,0.43686005,0.4125874125874126,0.46
150,bing,True,TIFGSM,resnet,40/60,resnet,bing,40/60,0.59322035,0.42758620689655175,0.7533333333333333
151,bing,True,TIFGSM,resnet,40/60,resnet,bing,50/50,0.5084746,0.35172413793103446,0.66
152,bing,True,TIFGSM,resnet,40/60,vgg,bing,20/80,0.14965986,0.2152777777777778,0.08666666666666667
153,bing,True,TIFGSM,resnet,40/60,vgg,bing,30/70,0.1559322,0.12413793103448276,0.18666666666666668
154,bing,True,TIFGSM,resnet,40/60,vgg,bing,40/60,0.19661017,0.15862068965517243,0.23333333333333334
155,bing,True,TIFGSM,resnet,40/60,vgg,bing,50/50,0.15202703,0.07534246575342465,0.22666666666666666
156,bing,True,TIFGSM,resnet,40/60,alexnet,google,20/80,0.06666667,0.11333333333333333,0.02
157,bing,True,TIFGSM,resnet,40/60,alexnet,google,30/70,0.06666667,0.06666666666666667,0.06666666666666667
158,bing,True,TIFGSM,resnet,40/60,alexnet,google,40/60,0.06666667,0.06,0.07333333333333333
159,bing,True,TIFGSM,resnet,40/60,alexnet,google,50/50,0.06666667,0.05333333333333334,0.08
160,bing,True,TIFGSM,resnet,40/60,resnet,google,20/80,0.32,0.37333333333333335,0.26666666666666666
161,bing,True,TIFGSM,resnet,40/60,resnet,google,30/70,0.37,0.4,0.34
162,bing,True,TIFGSM,resnet,40/60,resnet,google,40/60,0.55333334,0.38666666666666666,0.72
163,bing,True,TIFGSM,resnet,40/60,resnet,google,50/50,0.40666667,0.28,0.5333333333333333
164,bing,True,TIFGSM,resnet,40/60,vgg,google,20/80,0.13333334,0.2,0.06666666666666667
165,bing,True,TIFGSM,resnet,40/60,vgg,google,30/70,0.11666667,0.1,0.13333333333333333
166,bing,True,TIFGSM,resnet,40/60,vgg,google,40/60,0.13333334,0.1,0.16666666666666666
167,bing,True,TIFGSM,resnet,40/60,vgg,google,50/50,0.14333333,0.1,0.18666666666666668
168,bing,True,TIFGSM,resnet,50/50,alexnet,bing,20/80,0.040677965,0.05517241379310345,0.02666666666666667
169,bing,True,TIFGSM,resnet,50/50,alexnet,bing,30/70,0.031034483,0.04285714285714286,0.02
170,bing,True,TIFGSM,resnet,50/50,alexnet,bing,40/60,0.034013607,0.0,0.06711409395973154
171,bing,True,TIFGSM,resnet,50/50,alexnet,bing,50/50,0.04095563,0.0,0.08053691275167785
172,bing,True,TIFGSM,resnet,50/50,resnet,bing,20/80,0.34812286,0.44755244755244755,0.25333333333333335
173,bing,True,TIFGSM,resnet,50/50,resnet,bing,30/70,0.3856655,0.3986013986013986,0.37333333333333335
174,bing,True,TIFGSM,resnet,50/50,resnet,bing,40/60,0.46101695,0.35172413793103446,0.5666666666666667
175,bing,True,TIFGSM,resnet,50/50,resnet,bing,50/50,0.5457627,0.3931034482758621,0.6933333333333334
176,bing,True,TIFGSM,resnet,50/50,vgg,bing,20/80,0.12244898,0.19444444444444445,0.05333333333333334
177,bing,True,TIFGSM,resnet,50/50,vgg,bing,30/70,0.118644066,0.09655172413793103,0.14
178,bing,True,TIFGSM,resnet,50/50,vgg,bing,40/60,0.13898306,0.10344827586206896,0.17333333333333334
179,bing,True,TIFGSM,resnet,50/50,vgg,bing,50/50,0.13851352,0.07534246575342465,0.2
180,bing,True,TIFGSM,resnet,50/50,alexnet,google,20/80,0.06333333,0.1,0.02666666666666667
181,bing,True,TIFGSM,resnet,50/50,alexnet,google,30/70,0.06666667,0.07333333333333333,0.06
182,bing,True,TIFGSM,resnet,50/50,alexnet,google,40/60,0.043333333,0.04666666666666667,0.04
183,bing,True,TIFGSM,resnet,50/50,alexnet,google,50/50,0.053333335,0.04666666666666667,0.06
184,bing,True,TIFGSM,resnet,50/50,resnet,google,20/80,0.32,0.38,0.26
185,bing,True,TIFGSM,resnet,50/50,resnet,google,30/70,0.34333333,0.38666666666666666,0.3
186,bing,True,TIFGSM,resnet,50/50,resnet,google,40/60,0.44333336,0.34,0.5466666666666666
187,bing,True,TIFGSM,resnet,50/50,resnet,google,50/50,0.46333334,0.34,0.5866666666666667
188,bing,True,TIFGSM,resnet,50/50,vgg,google,20/80,0.120000005,0.18666666666666668,0.05333333333333334
189,bing,True,TIFGSM,resnet,50/50,vgg,google,30/70,0.09,0.08666666666666667,0.09333333333333334
190,bing,True,TIFGSM,resnet,50/50,vgg,google,40/60,0.11333334,0.08666666666666667,0.14
191,bing,True,TIFGSM,resnet,50/50,vgg,google,50/50,0.13333334,0.08666666666666667,0.18
192,bing,True,TIFGSM,vgg,20/80,alexnet,bing,20/80,0.037288137,0.034482758620689655,0.04
193,bing,True,TIFGSM,vgg,20/80,alexnet,bing,30/70,0.027586207,0.02857142857142857,0.02666666666666667
194,bing,True,TIFGSM,vgg,20/80,alexnet,bing,40/60,0.047619045,0.0,0.09395973154362416
195,bing,True,TIFGSM,vgg,20/80,alexnet,bing,50/50,0.06484641,0.0,0.12751677852348994
196,bing,True,TIFGSM,vgg,20/80,resnet,bing,20/80,0.098976105,0.1888111888111888,0.013333333333333334
197,bing,True,TIFGSM,vgg,20/80,resnet,bing,30/70,0.08191126,0.11888111888111888,0.04666666666666667
198,bing,True,TIFGSM,vgg,20/80,resnet,bing,40/60,0.050847456,0.020689655172413793,0.08
199,bing,True,TIFGSM,vgg,20/80,resnet,bing,50/50,0.06779661,0.020689655172413793,0.11333333333333333
200,bing,True,TIFGSM,vgg,20/80,vgg,bing,20/80,0.6802721,0.5694444444444444,0.7866666666666666
201,bing,True,TIFGSM,vgg,20/80,vgg,bing,30/70,0.64406776,0.45517241379310347,0.8266666666666667
202,bing,True,TIFGSM,vgg,20/80,vgg,bing,40/60,0.6779661,0.47586206896551725,0.8733333333333333
203,bing,True,TIFGSM,vgg,20/80,vgg,bing,50/50,0.5945946,0.3972602739726027,0.7866666666666666
204,bing,True,TIFGSM,vgg,20/80,alexnet,google,20/80,0.05,0.06666666666666667,0.03333333333333333
205,bing,True,TIFGSM,vgg,20/80,alexnet,google,30/70,0.06333333,0.06,0.06666666666666667
206,bing,True,TIFGSM,vgg,20/80,alexnet,google,40/60,0.060000002,0.04666666666666667,0.07333333333333333
207,bing,True,TIFGSM,vgg,20/80,alexnet,google,50/50,0.05666667,0.04,0.07333333333333333
208,bing,True,TIFGSM,vgg,20/80,resnet,google,20/80,0.1,0.16666666666666666,0.03333333333333333
209,bing,True,TIFGSM,vgg,20/80,resnet,google,30/70,0.08,0.12666666666666668,0.03333333333333333
210,bing,True,TIFGSM,vgg,20/80,resnet,google,40/60,0.07,0.05333333333333334,0.08666666666666667
211,bing,True,TIFGSM,vgg,20/80,resnet,google,50/50,0.07333334,0.04666666666666667,0.1
212,bing,True,TIFGSM,vgg,20/80,vgg,google,20/80,0.61,0.52,0.7
213,bing,True,TIFGSM,vgg,20/80,vgg,google,30/70,0.60333335,0.46,0.7466666666666667
214,bing,True,TIFGSM,vgg,20/80,vgg,google,40/60,0.6466667,0.46,0.8333333333333334
215,bing,True,TIFGSM,vgg,20/80,vgg,google,50/50,0.61333334,0.43333333333333335,0.7933333333333333
216,bing,True,TIFGSM,vgg,30/70,alexnet,bing,20/80,0.033898305,0.041379310344827586,0.02666666666666667
217,bing,True,TIFGSM,vgg,30/70,alexnet,bing,30/70,0.024137931,0.014285714285714285,0.03333333333333333
218,bing,True,TIFGSM,vgg,30/70,alexnet,bing,40/60,0.051020406,0.0,0.10067114093959731
219,bing,True,TIFGSM,vgg,30/70,alexnet,bing,50/50,0.047781568,0.0,0.09395973154362416
220,bing,True,TIFGSM,vgg,30/70,resnet,bing,20/80,0.095563136,0.18181818181818182,0.013333333333333334
221,bing,True,TIFGSM,vgg,30/70,resnet,bing,30/70,0.07508532,0.11188811188811189,0.04
222,bing,True,TIFGSM,vgg,30/70,resnet,bing,40/60,0.050847456,0.013793103448275862,0.08666666666666667
223,bing,True,TIFGSM,vgg,30/70,resnet,bing,50/50,0.061016947,0.027586206896551724,0.09333333333333334
224,bing,True,TIFGSM,vgg,30/70,vgg,bing,20/80,0.5952381,0.5138888888888888,0.6733333333333333
225,bing,True,TIFGSM,vgg,30/70,vgg,bing,30/70,0.6474576,0.45517241379310347,0.8333333333333334
226,bing,True,TIFGSM,vgg,30/70,vgg,bing,40/60,0.67118645,0.503448275862069,0.8333333333333334
227,bing,True,TIFGSM,vgg,30/70,vgg,bing,50/50,0.6081081,0.4246575342465753,0.7866666666666666
228,bing,True,TIFGSM,vgg,30/70,alexnet,google,20/80,0.046666667,0.06666666666666667,0.02666666666666667
229,bing,True,TIFGSM,vgg,30/70,alexnet,google,30/70,0.07333334,0.06666666666666667,0.08
230,bing,True,TIFGSM,vgg,30/70,alexnet,google,40/60,0.05666667,0.04666666666666667,0.06666666666666667
231,bing,True,TIFGSM,vgg,30/70,alexnet,google,50/50,0.06333333,0.04666666666666667,0.08
232,bing,True,TIFGSM,vgg,30/70,resnet,google,20/80,0.09,0.16666666666666666,0.013333333333333334
233,bing,True,TIFGSM,vgg,30/70,resnet,google,30/70,0.07666667,0.12666666666666668,0.02666666666666667
234,bing,True,TIFGSM,vgg,30/70,resnet,google,40/60,0.06333333,0.05333333333333334,0.07333333333333333
235,bing,True,TIFGSM,vgg,30/70,resnet,google,50/50,0.06666667,0.04666666666666667,0.08666666666666667
236,bing,True,TIFGSM,vgg,30/70,vgg,google,20/80,0.55333334,0.48,0.6266666666666667
237,bing,True,TIFGSM,vgg,30/70,vgg,google,30/70,0.61,0.44666666666666666,0.7733333333333333
238,bing,True,TIFGSM,vgg,30/70,vgg,google,40/60,0.62333333,0.43333333333333335,0.8133333333333334
239,bing,True,TIFGSM,vgg,30/70,vgg,google,50/50,0.61,0.44666666666666666,0.7733333333333333
240,bing,True,TIFGSM,vgg,40/60,alexnet,bing,20/80,0.040677965,0.05517241379310345,0.02666666666666667
241,bing,True,TIFGSM,vgg,40/60,alexnet,bing,30/70,0.020689655,0.02142857142857143,0.02
242,bing,True,TIFGSM,vgg,40/60,alexnet,bing,40/60,0.047619045,0.0,0.09395973154362416
243,bing,True,TIFGSM,vgg,40/60,alexnet,bing,50/50,0.061433446,0.0,0.12080536912751678
244,bing,True,TIFGSM,vgg,40/60,resnet,bing,20/80,0.095563136,0.1888111888111888,0.006666666666666667
245,bing,True,TIFGSM,vgg,40/60,resnet,bing,30/70,0.07167235,0.11188811188811189,0.03333333333333333
246,bing,True,TIFGSM,vgg,40/60,resnet,bing,40/60,0.040677965,0.013793103448275862,0.06666666666666667
247,bing,True,TIFGSM,vgg,40/60,resnet,bing,50/50,0.061016947,0.027586206896551724,0.09333333333333334
248,bing,True,TIFGSM,vgg,40/60,vgg,bing,20/80,0.53401357,0.4791666666666667,0.5866666666666667
249,bing,True,TIFGSM,vgg,40/60,vgg,bing,30/70,0.59999996,0.4413793103448276,0.7533333333333333
250,bing,True,TIFGSM,vgg,40/60,vgg,bing,40/60,0.66101694,0.496551724137931,0.82
251,bing,True,TIFGSM,vgg,40/60,vgg,bing,50/50,0.5844595,0.4041095890410959,0.76
252,bing,True,TIFGSM,vgg,40/60,alexnet,google,20/80,0.053333335,0.08,0.02666666666666667
253,bing,True,TIFGSM,vgg,40/60,alexnet,google,30/70,0.060000002,0.06666666666666667,0.05333333333333334
254,bing,True,TIFGSM,vgg,40/60,alexnet,google,40/60,0.053333335,0.05333333333333334,0.05333333333333334
255,bing,True,TIFGSM,vgg,40/60,alexnet,google,50/50,0.05,0.04666666666666667,0.05333333333333334
256,bing,True,TIFGSM,vgg,40/60,resnet,google,20/80,0.1,0.18666666666666668,0.013333333333333334
257,bing,True,TIFGSM,vgg,40/60,resnet,google,30/70,0.07666667,0.14,0.013333333333333334
258,bing,True,TIFGSM,vgg,40/60,resnet,google,40/60,0.060000002,0.05333333333333334,0.06666666666666667
259,bing,True,TIFGSM,vgg,40/60,resnet,google,50/50,0.07,0.06,0.08
260,bing,True,TIFGSM,vgg,40/60,vgg,google,20/80,0.53000003,0.47333333333333333,0.5866666666666667
261,bing,True,TIFGSM,vgg,40/60,vgg,google,30/70,0.5466667,0.43333333333333335,0.66
262,bing,True,TIFGSM,vgg,40/60,vgg,google,40/60,0.62666667,0.4533333333333333,0.8
263,bing,True,TIFGSM,vgg,40/60,vgg,google,50/50,0.5833334,0.44,0.7266666666666667
264,bing,True,TIFGSM,vgg,50/50,alexnet,bing,20/80,0.033898305,0.041379310344827586,0.02666666666666667
265,bing,True,TIFGSM,vgg,50/50,alexnet,bing,30/70,0.020689655,0.014285714285714285,0.02666666666666667
266,bing,True,TIFGSM,vgg,50/50,alexnet,bing,40/60,0.034013607,0.0,0.06711409395973154
267,bing,True,TIFGSM,vgg,50/50,alexnet,bing,50/50,0.058020476,0.0,0.11409395973154363
268,bing,True,TIFGSM,vgg,50/50,resnet,bing,20/80,0.095563136,0.1958041958041958,0.0
269,bing,True,TIFGSM,vgg,50/50,resnet,bing,30/70,0.06484641,0.11188811188811189,0.02
270,bing,True,TIFGSM,vgg,50/50,resnet,bing,40/60,0.037288137,0.027586206896551724,0.04666666666666667
271,bing,True,TIFGSM,vgg,50/50,resnet,bing,50/50,0.061016947,0.041379310344827586,0.08
272,bing,True,TIFGSM,vgg,50/50,vgg,bing,20/80,0.53401357,0.4861111111111111,0.58
273,bing,True,TIFGSM,vgg,50/50,vgg,bing,30/70,0.59999996,0.4482758620689655,0.7466666666666667
274,bing,True,TIFGSM,vgg,50/50,vgg,bing,40/60,0.6677966,0.4896551724137931,0.84
275,bing,True,TIFGSM,vgg,50/50,vgg,bing,50/50,0.6283784,0.4383561643835616,0.8133333333333334
276,bing,True,TIFGSM,vgg,50/50,alexnet,google,20/80,0.043333333,0.07333333333333333,0.013333333333333334
277,bing,True,TIFGSM,vgg,50/50,alexnet,google,30/70,0.053333335,0.06666666666666667,0.04
278,bing,True,TIFGSM,vgg,50/50,alexnet,google,40/60,0.046666667,0.04666666666666667,0.04666666666666667
279,bing,True,TIFGSM,vgg,50/50,alexnet,google,50/50,0.04,0.03333333333333333,0.04666666666666667
280,bing,True,TIFGSM,vgg,50/50,resnet,google,20/80,0.09,0.17333333333333334,0.006666666666666667
281,bing,True,TIFGSM,vgg,50/50,resnet,google,30/70,0.086666666,0.15333333333333332,0.02
282,bing,True,TIFGSM,vgg,50/50,resnet,google,40/60,0.05,0.05333333333333334,0.04666666666666667
283,bing,True,TIFGSM,vgg,50/50,resnet,google,50/50,0.07,0.06666666666666667,0.07333333333333333
284,bing,True,TIFGSM,vgg,50/50,vgg,google,20/80,0.51666665,0.4666666666666667,0.5666666666666667
285,bing,True,TIFGSM,vgg,50/50,vgg,google,30/70,0.5466667,0.4266666666666667,0.6666666666666666
286,bing,True,TIFGSM,vgg,50/50,vgg,google,40/60,0.60333335,0.44,0.7666666666666667
287,bing,True,TIFGSM,vgg,50/50,vgg,google,50/50,0.62333333,0.46,0.7866666666666666
288,google,True,TIFGSM,alexnet,20/80,alexnet,bing,20/80,0.3,0.16666666666666666,0.43333333333333335
289,google,True,TIFGSM,alexnet,20/80,alexnet,bing,30/70,0.29666668,0.18,0.41333333333333333
290,google,True,TIFGSM,alexnet,20/80,alexnet,bing,40/60,0.35,0.06666666666666667,0.6333333333333333
291,google,True,TIFGSM,alexnet,20/80,alexnet,bing,50/50,0.37,0.04,0.7
292,google,True,TIFGSM,alexnet,20/80,resnet,bing,20/80,0.04,0.04666666666666667,0.03333333333333333
293,google,True,TIFGSM,alexnet,20/80,resnet,bing,30/70,0.033333335,0.03333333333333333,0.03333333333333333
294,google,True,TIFGSM,alexnet,20/80,resnet,bing,40/60,0.05666667,0.02,0.09333333333333334
295,google,True,TIFGSM,alexnet,20/80,resnet,bing,50/50,0.060000002,0.013333333333333334,0.10666666666666667
296,google,True,TIFGSM,alexnet,20/80,vgg,bing,20/80,0.030000001,0.04,0.02
297,google,True,TIFGSM,alexnet,20/80,vgg,bing,30/70,0.04,0.013333333333333334,0.06666666666666667
298,google,True,TIFGSM,alexnet,20/80,vgg,bing,40/60,0.03666667,0.006666666666666667,0.06666666666666667
299,google,True,TIFGSM,alexnet,20/80,vgg,bing,50/50,0.043333333,0.006666666666666667,0.08
300,google,True,TIFGSM,alexnet,20/80,alexnet,google,20/80,0.35932204,0.18620689655172415,0.5266666666666666
301,google,True,TIFGSM,alexnet,20/80,alexnet,google,30/70,0.3898305,0.12244897959183673,0.6554054054054054
302,google,True,TIFGSM,alexnet,20/80,alexnet,google,40/60,0.35254237,0.08783783783783784,0.6190476190476191
303,google,True,TIFGSM,alexnet,20/80,alexnet,google,50/50,0.33670032,0.08,0.5986394557823129
304,google,True,TIFGSM,alexnet,20/80,resnet,google,20/80,0.030405406,0.00684931506849315,0.05333333333333334
305,google,True,TIFGSM,alexnet,20/80,resnet,google,30/70,0.030201342,0.013513513513513514,0.04666666666666667
306,google,True,TIFGSM,alexnet,20/80,resnet,google,40/60,0.043771043,0.006711409395973154,0.08108108108108109
307,google,True,TIFGSM,alexnet,20/80,resnet,google,50/50,0.033783786,0.0,0.06802721088435375
308,google,True,TIFGSM,alexnet,20/80,vgg,google,20/80,0.023569023,0.013605442176870748,0.03333333333333333
309,google,True,TIFGSM,alexnet,20/80,vgg,google,30/70,0.036789298,0.0,0.07333333333333333
310,google,True,TIFGSM,alexnet,20/80,vgg,google,40/60,0.04026846,0.0,0.08053691275167785
311,google,True,TIFGSM,alexnet,20/80,vgg,google,50/50,0.04026846,0.0,0.08053691275167785
312,google,True,TIFGSM,alexnet,30/70,alexnet,bing,20/80,0.29333335,0.14,0.44666666666666666
313,google,True,TIFGSM,alexnet,30/70,alexnet,bing,30/70,0.30333334,0.18,0.4266666666666667
314,google,True,TIFGSM,alexnet,30/70,alexnet,bing,40/60,0.37333333,0.08,0.6666666666666666
315,google,True,TIFGSM,alexnet,30/70,alexnet,bing,50/50,0.38333336,0.04666666666666667,0.72
316,google,True,TIFGSM,alexnet,30/70,resnet,bing,20/80,0.043333333,0.05333333333333334,0.03333333333333333
317,google,True,TIFGSM,alexnet,30/70,resnet,bing,30/70,0.04,0.04666666666666667,0.03333333333333333
318,google,True,TIFGSM,alexnet,30/70,resnet,bing,40/60,0.053333335,0.02666666666666667,0.08
319,google,True,TIFGSM,alexnet,30/70,resnet,bing,50/50,0.053333335,0.013333333333333334,0.09333333333333334
320,google,True,TIFGSM,alexnet,30/70,vgg,bing,20/80,0.04,0.05333333333333334,0.02666666666666667
321,google,True,TIFGSM,alexnet,30/70,vgg,bing,30/70,0.043333333,0.02,0.06666666666666667
322,google,True,TIFGSM,alexnet,30/70,vgg,bing,40/60,0.05,0.013333333333333334,0.08666666666666667
323,google,True,TIFGSM,alexnet,30/70,vgg,bing,50/50,0.060000002,0.006666666666666667,0.11333333333333333
324,google,True,TIFGSM,alexnet,30/70,alexnet,google,20/80,0.32203388,0.1310344827586207,0.5066666666666667
325,google,True,TIFGSM,alexnet,30/70,alexnet,google,30/70,0.420339,0.14285714285714285,0.6959459459459459
326,google,True,TIFGSM,alexnet,30/70,alexnet,google,40/60,0.36949152,0.07432432432432433,0.6666666666666666
327,google,True,TIFGSM,alexnet,30/70,alexnet,google,50/50,0.35690236,0.08,0.6394557823129252
328,google,True,TIFGSM,alexnet,30/70,resnet,google,20/80,0.030405406,0.0136986301369863,0.04666666666666667
329,google,True,TIFGSM,alexnet,30/70,resnet,google,30/70,0.026845638,0.013513513513513514,0.04
330,google,True,TIFGSM,alexnet,30/70,resnet,google,40/60,0.053872053,0.006711409395973154,0.10135135135135136
331,google,True,TIFGSM,alexnet,30/70,resnet,google,50/50,0.04391892,0.006711409395973154,0.08163265306122448
332,google,True,TIFGSM,alexnet,30/70,vgg,google,20/80,0.026936026,0.02040816326530612,0.03333333333333333
333,google,True,TIFGSM,alexnet,30/70,vgg,google,30/70,0.04347826,0.006711409395973154,0.08
334,google,True,TIFGSM,alexnet,30/70,vgg,google,40/60,0.053691275,0.006711409395973154,0.10067114093959731
335,google,True,TIFGSM,alexnet,30/70,vgg,google,50/50,0.060402684,0.006711409395973154,0.11409395973154363
336,google,True,TIFGSM,alexnet,40/60,alexnet,bing,20/80,0.37,0.22,0.52
337,google,True,TIFGSM,alexnet,40/60,alexnet,bing,30/70,0.33333334,0.20666666666666667,0.46
338,google,True,TIFGSM,alexnet,40/60,alexnet,bing,40/60,0.42000002,0.12,0.72
339,google,True,TIFGSM,alexnet,40/60,alexnet,bing,50/50,0.42000002,0.06666666666666667,0.7733333333333333
340,google,True,TIFGSM,alexnet,40/60,resnet,bing,20/80,0.053333335,0.06666666666666667,0.04
341,google,True,TIFGSM,alexnet,40/60,resnet,bing,30/70,0.053333335,0.06,0.04666666666666667
342,google,True,TIFGSM,alexnet,40/60,resnet,bing,40/60,0.06333333,0.02666666666666667,0.1
343,google,True,TIFGSM,alexnet,40/60,resnet,bing,50/50,0.060000002,0.02,0.1
344,google,True,TIFGSM,alexnet,40/60,vgg,bing,20/80,0.03666667,0.06,0.013333333333333334
345,google,True,TIFGSM,alexnet,40/60,vgg,bing,30/70,0.05,0.03333333333333333,0.06666666666666667
346,google,True,TIFGSM,alexnet,40/60,vgg,bing,40/60,0.053333335,0.03333333333333333,0.07333333333333333
347,google,True,TIFGSM,alexnet,40/60,vgg,bing,50/50,0.07,0.02666666666666667,0.11333333333333333
348,google,True,TIFGSM,alexnet,40/60,alexnet,google,20/80,0.36949152,0.16551724137931034,0.5666666666666667
349,google,True,TIFGSM,alexnet,40/60,alexnet,google,30/70,0.41016948,0.12244897959183673,0.6959459459459459
350,google,True,TIFGSM,alexnet,40/60,alexnet,google,40/60,0.41694915,0.12837837837837837,0.7074829931972789
351,google,True,TIFGSM,alexnet,40/60,alexnet,google,50/50,0.4006734,0.12,0.6870748299319728
352,google,True,TIFGSM,alexnet,40/60,resnet,google,20/80,0.033783786,0.00684931506849315,0.06
353,google,True,TIFGSM,alexnet,40/60,resnet,google,30/70,0.04026846,0.02702702702702703,0.05333333333333334
354,google,True,TIFGSM,alexnet,40/60,resnet,google,40/60,0.06397306,0.006711409395973154,0.12162162162162163
355,google,True,TIFGSM,alexnet,40/60,resnet,google,50/50,0.0472973,0.0,0.09523809523809523
356,google,True,TIFGSM,alexnet,40/60,vgg,google,20/80,0.03030303,0.02040816326530612,0.04
357,google,True,TIFGSM,alexnet,40/60,vgg,google,30/70,0.040133778,0.013422818791946308,0.06666666666666667
358,google,True,TIFGSM,alexnet,40/60,vgg,google,40/60,0.053691275,0.013422818791946308,0.09395973154362416
359,google,True,TIFGSM,alexnet,40/60,vgg,google,50/50,0.05704698,0.006711409395973154,0.10738255033557047
360,google,True,TIFGSM,alexnet,50/50,alexnet,bing,20/80,0.32,0.18,0.46
361,google,True,TIFGSM,alexnet,50/50,alexnet,bing,30/70,0.31,0.21333333333333335,0.4066666666666667
362,google,True,TIFGSM,alexnet,50/50,alexnet,bing,40/60,0.3866667,0.08666666666666667,0.6866666666666666
363,google,True,TIFGSM,alexnet,50/50,alexnet,bing,50/50,0.41333336,0.08666666666666667,0.74
364,google,True,TIFGSM,alexnet,50/50,resnet,bing,20/80,0.060000002,0.06666666666666667,0.05333333333333334
365,google,True,TIFGSM,alexnet,50/50,resnet,bing,30/70,0.046666667,0.05333333333333334,0.04
366,google,True,TIFGSM,alexnet,50/50,resnet,bing,40/60,0.07333334,0.02666666666666667,0.12
367,google,True,TIFGSM,alexnet,50/50,resnet,bing,50/50,0.07666667,0.02666666666666667,0.12666666666666668
368,google,True,TIFGSM,alexnet,50/50,vgg,bing,20/80,0.04,0.05333333333333334,0.02666666666666667
369,google,True,TIFGSM,alexnet,50/50,vgg,bing,30/70,0.046666667,0.03333333333333333,0.06
370,google,True,TIFGSM,alexnet,50/50,vgg,bing,40/60,0.05666667,0.02666666666666667,0.08666666666666667
371,google,True,TIFGSM,alexnet,50/50,vgg,bing,50/50,0.053333335,0.02,0.08666666666666667
372,google,True,TIFGSM,alexnet,50/50,alexnet,google,20/80,0.32203388,0.13793103448275862,0.5
373,google,True,TIFGSM,alexnet,50/50,alexnet,google,30/70,0.39661017,0.1360544217687075,0.6554054054054054
374,google,True,TIFGSM,alexnet,50/50,alexnet,google,40/60,0.3762712,0.0945945945945946,0.6598639455782312
375,google,True,TIFGSM,alexnet,50/50,alexnet,google,50/50,0.4107744,0.14,0.6870748299319728
376,google,True,TIFGSM,alexnet,50/50,resnet,google,20/80,0.037162162,0.02054794520547945,0.05333333333333334
377,google,True,TIFGSM,alexnet,50/50,resnet,google,30/70,0.04026846,0.033783783783783786,0.04666666666666667
378,google,True,TIFGSM,alexnet,50/50,resnet,google,40/60,0.053872053,0.013422818791946308,0.0945945945945946
379,google,True,TIFGSM,alexnet,50/50,resnet,google,50/50,0.050675675,0.006711409395973154,0.09523809523809523
380,google,True,TIFGSM,alexnet,50/50,vgg,google,20/80,0.03030303,0.02040816326530612,0.04
381,google,True,TIFGSM,alexnet,50/50,vgg,google,30/70,0.033444814,0.013422818791946308,0.05333333333333334
382,google,True,TIFGSM,alexnet,50/50,vgg,google,40/60,0.05033557,0.013422818791946308,0.087248322147651
383,google,True,TIFGSM,alexnet,50/50,vgg,google,50/50,0.060402684,0.013422818791946308,0.10738255033557047
384,google,True,TIFGSM,resnet,20/80,alexnet,bing,20/80,0.04,0.03333333333333333,0.04666666666666667
385,google,True,TIFGSM,resnet,20/80,alexnet,bing,30/70,0.026666667,0.02,0.03333333333333333
386,google,True,TIFGSM,resnet,20/80,alexnet,bing,40/60,0.07,0.0,0.14
387,google,True,TIFGSM,resnet,20/80,alexnet,bing,50/50,0.1,0.0,0.2
388,google,True,TIFGSM,resnet,20/80,resnet,bing,20/80,0.34333333,0.3,0.38666666666666666
389,google,True,TIFGSM,resnet,20/80,resnet,bing,30/70,0.24666667,0.14666666666666667,0.3466666666666667
390,google,True,TIFGSM,resnet,20/80,resnet,bing,40/60,0.29333335,0.08666666666666667,0.5
391,google,True,TIFGSM,resnet,20/80,resnet,bing,50/50,0.30666667,0.07333333333333333,0.54
392,google,True,TIFGSM,resnet,20/80,vgg,bing,20/80,0.08,0.08666666666666667,0.07333333333333333
393,google,True,TIFGSM,resnet,20/80,vgg,bing,30/70,0.086666666,0.03333333333333333,0.14
394,google,True,TIFGSM,resnet,20/80,vgg,bing,40/60,0.11666667,0.03333333333333333,0.2
395,google,True,TIFGSM,resnet,20/80,vgg,bing,50/50,0.12666667,0.02,0.23333333333333334
396,google,True,TIFGSM,resnet,20/80,alexnet,google,20/80,0.030508474,0.0,0.06
397,google,True,TIFGSM,resnet,20/80,alexnet,google,30/70,0.06440678,0.0,0.12837837837837837
398,google,True,TIFGSM,resnet,20/80,alexnet,google,40/60,0.061016947,0.006756756756756757,0.11564625850340136
399,google,True,TIFGSM,resnet,20/80,alexnet,google,50/50,0.07070707,0.006666666666666667,0.1360544217687075
400,google,True,TIFGSM,resnet,20/80,resnet,google,20/80,0.43581083,0.2465753424657534,0.62
401,google,True,TIFGSM,resnet,20/80,resnet,google,30/70,0.25503355,0.12837837837837837,0.38
402,google,True,TIFGSM,resnet,20/80,resnet,google,40/60,0.3063973,0.053691275167785234,0.5608108108108109
403,google,True,TIFGSM,resnet,20/80,resnet,google,50/50,0.29391894,0.053691275167785234,0.5374149659863946
404,google,True,TIFGSM,resnet,20/80,vgg,google,20/80,0.07070707,0.04081632653061224,0.1
405,google,True,TIFGSM,resnet,20/80,vgg,google,30/70,0.08695652,0.013422818791946308,0.16
406,google,True,TIFGSM,resnet,20/80,vgg,google,40/60,0.15100671,0.013422818791946308,0.28859060402684567
407,google,True,TIFGSM,resnet,20/80,vgg,google,50/50,0.1409396,0.020134228187919462,0.26174496644295303
408,google,True,TIFGSM,resnet,30/70,alexnet,bing,20/80,0.03666667,0.03333333333333333,0.04
409,google,True,TIFGSM,resnet,30/70,alexnet,bing,30/70,0.026666667,0.02666666666666667,0.02666666666666667
410,google,True,TIFGSM,resnet,30/70,alexnet,bing,40/60,0.08,0.0,0.16
411,google,True,TIFGSM,resnet,30/70,alexnet,bing,50/50,0.11,0.0,0.22
412,google,True,TIFGSM,resnet,30/70,resnet,bing,20/80,0.27,0.24,0.3
413,google,True,TIFGSM,resnet,30/70,resnet,bing,30/70,0.40666667,0.24,0.5733333333333334
414,google,True,TIFGSM,resnet,30/70,resnet,bing,40/60,0.37666667,0.12,0.6333333333333333
415,google,True,TIFGSM,resnet,30/70,resnet,bing,50/50,0.40333334,0.10666666666666667,0.7
416,google,True,TIFGSM,resnet,30/70,vgg,bing,20/80,0.11,0.1,0.12
417,google,True,TIFGSM,resnet,30/70,vgg,bing,30/70,0.17,0.06666666666666667,0.2733333333333333
418,google,True,TIFGSM,resnet,30/70,vgg,bing,40/60,0.15666667,0.06666666666666667,0.24666666666666667
419,google,True,TIFGSM,resnet,30/70,vgg,bing,50/50,0.18333334,0.04666666666666667,0.32
420,google,True,TIFGSM,resnet,30/70,alexnet,google,20/80,0.033898305,0.0,0.06666666666666667
