,source_dataset,isMath,attack,source_model,source_balancing,target_model,target_dataset,target_balancing,asr,asr_0,asr_1
0,bing,True,DeepFool,alexnet,20/80,alexnet,bing,20/80,0.41016948,0.6344827586206897,0.19333333333333333
1,bing,True,DeepFool,alexnet,20/80,alexnet,bing,30/70,0.46896553,0.7785714285714286,0.18
2,bing,True,DeepFool,alexnet,20/80,alexnet,bing,40/60,0.26190475,0.2620689655172414,0.26174496644295303
3,bing,True,DeepFool,alexnet,20/80,alexnet,bing,50/50,0.17406143,0.034722222222222224,0.3087248322147651
4,bing,True,DeepFool,alexnet,20/80,resnet,bing,20/80,0.43686005,0.8881118881118881,0.006666666666666667
5,bing,True,DeepFool,alexnet,20/80,resnet,bing,30/70,0.11262798,0.18181818181818182,0.04666666666666667
6,bing,True,DeepFool,alexnet,20/80,resnet,bing,40/60,0.1118644,0.06896551724137931,0.15333333333333332
7,bing,True,DeepFool,alexnet,20/80,resnet,bing,50/50,0.10169491,0.020689655172413793,0.18
8,bing,True,DeepFool,alexnet,20/80,vgg,bing,20/80,0.43537414,0.8888888888888888,0.0
9,bing,True,DeepFool,alexnet,20/80,vgg,bing,30/70,0.08813559,0.14482758620689656,0.03333333333333333
10,bing,True,DeepFool,alexnet,20/80,vgg,bing,40/60,0.09152542,0.15172413793103448,0.03333333333333333
11,bing,True,DeepFool,alexnet,20/80,vgg,bing,50/50,0.0777027,0.10273972602739725,0.05333333333333334
12,bing,True,DeepFool,alexnet,20/80,alexnet,google,20/80,0.24666667,0.34,0.15333333333333332
13,bing,True,DeepFool,alexnet,20/80,alexnet,google,30/70,0.17333333,0.07333333333333333,0.2733333333333333
14,bing,True,DeepFool,alexnet,20/80,alexnet,google,40/60,0.17333333,0.07333333333333333,0.2733333333333333
15,bing,True,DeepFool,alexnet,20/80,alexnet,google,50/50,0.18,0.07333333333333333,0.2866666666666667
16,bing,True,DeepFool,alexnet,20/80,resnet,google,20/80,0.25666666,0.47333333333333333,0.04
17,bing,True,DeepFool,alexnet,20/80,resnet,google,30/70,0.10666667,0.16666666666666666,0.04666666666666667
18,bing,True,DeepFool,alexnet,20/80,resnet,google,40/60,0.11666667,0.06666666666666667,0.16666666666666666
19,bing,True,DeepFool,alexnet,20/80,resnet,google,50/50,0.08,0.03333333333333333,0.12666666666666668
20,bing,True,DeepFool,alexnet,20/80,vgg,google,20/80,0.27,0.5266666666666666,0.013333333333333334
21,bing,True,DeepFool,alexnet,20/80,vgg,google,30/70,0.10333334,0.18666666666666668,0.02
22,bing,True,DeepFool,alexnet,20/80,vgg,google,40/60,0.1,0.14666666666666667,0.05333333333333334
23,bing,True,DeepFool,alexnet,20/80,vgg,google,50/50,0.086666666,0.12666666666666668,0.04666666666666667
24,bing,True,DeepFool,alexnet,30/70,alexnet,bing,20/80,0.20338982,0.3448275862068966,0.06666666666666667
25,bing,True,DeepFool,alexnet,30/70,alexnet,bing,30/70,0.44827586,0.8071428571428572,0.11333333333333333
26,bing,True,DeepFool,alexnet,30/70,alexnet,bing,40/60,0.1972789,0.2482758620689655,0.1476510067114094
27,bing,True,DeepFool,alexnet,30/70,alexnet,bing,50/50,0.11262798,0.0,0.2214765100671141
28,bing,True,DeepFool,alexnet,30/70,resnet,bing,20/80,0.43686005,0.8951048951048951,0.0
29,bing,True,DeepFool,alexnet,30/70,resnet,bing,30/70,0.047781568,0.06293706293706294,0.03333333333333333
30,bing,True,DeepFool,alexnet,30/70,resnet,bing,40/60,0.061016947,0.020689655172413793,0.1
31,bing,True,DeepFool,alexnet,30/70,resnet,bing,50/50,0.06779661,0.006896551724137931,0.12666666666666668
32,bing,True,DeepFool,alexnet,30/70,vgg,bing,20/80,0.44217685,0.9027777777777778,0.0
33,bing,True,DeepFool,alexnet,30/70,vgg,bing,30/70,0.027118644,0.027586206896551724,0.02666666666666667
34,bing,True,DeepFool,alexnet,30/70,vgg,bing,40/60,0.027118644,0.020689655172413793,0.03333333333333333
35,bing,True,DeepFool,alexnet,30/70,vgg,bing,50/50,0.040540542,0.02054794520547945,0.06
36,bing,True,DeepFool,alexnet,30/70,alexnet,google,20/80,0.16,0.23333333333333334,0.08666666666666667
37,bing,True,DeepFool,alexnet,30/70,alexnet,google,30/70,0.10333334,0.02666666666666667,0.18
38,bing,True,DeepFool,alexnet,30/70,alexnet,google,40/60,0.11,0.02666666666666667,0.19333333333333333
39,bing,True,DeepFool,alexnet,30/70,alexnet,google,50/50,0.1,0.02666666666666667,0.17333333333333334
40,bing,True,DeepFool,alexnet,30/70,resnet,google,20/80,0.26666668,0.52,0.013333333333333334
41,bing,True,DeepFool,alexnet,30/70,resnet,google,30/70,0.05666667,0.08,0.03333333333333333
42,bing,True,DeepFool,alexnet,30/70,resnet,google,40/60,0.07333334,0.03333333333333333,0.11333333333333333
43,bing,True,DeepFool,alexnet,30/70,resnet,google,50/50,0.05666667,0.02666666666666667,0.08666666666666667
44,bing,True,DeepFool,alexnet,30/70,vgg,google,20/80,0.18333334,0.36666666666666664,0.0
45,bing,True,DeepFool,alexnet,30/70,vgg,google,30/70,0.03666667,0.05333333333333334,0.02
46,bing,True,DeepFool,alexnet,30/70,vgg,google,40/60,0.05,0.04666666666666667,0.05333333333333334
47,bing,True,DeepFool,alexnet,30/70,vgg,google,50/50,0.046666667,0.04666666666666667,0.04666666666666667
48,bing,True,DeepFool,alexnet,40/60,alexnet,bing,20/80,0.24406779,0.4896551724137931,0.006666666666666667
49,bing,True,DeepFool,alexnet,40/60,alexnet,bing,30/70,0.46206897,0.9571428571428572,0.0
50,bing,True,DeepFool,alexnet,40/60,alexnet,bing,40/60,0.26870748,0.5172413793103449,0.026845637583892617
51,bing,True,DeepFool,alexnet,40/60,alexnet,bing,50/50,0.013651877,0.0,0.026845637583892617
52,bing,True,DeepFool,alexnet,40/60,resnet,bing,20/80,0.4846416,0.993006993006993,0.0
53,bing,True,DeepFool,alexnet,40/60,resnet,bing,30/70,0.0068259384,0.013986013986013986,0.0
54,bing,True,DeepFool,alexnet,40/60,resnet,bing,40/60,0.0033898305,0.0,0.006666666666666667
55,bing,True,DeepFool,alexnet,40/60,resnet,bing,50/50,0.0033898305,0.0,0.006666666666666667
56,bing,True,DeepFool,alexnet,40/60,vgg,bing,20/80,0.31632653,0.6458333333333334,0.0
57,bing,True,DeepFool,alexnet,40/60,vgg,bing,30/70,0.0,0.0,0.0
58,bing,True,DeepFool,alexnet,40/60,vgg,bing,40/60,0.0033898305,0.006896551724137931,0.0
59,bing,True,DeepFool,alexnet,40/60,vgg,bing,50/50,0.0,0.0,0.0
60,bing,True,DeepFool,alexnet,40/60,alexnet,google,20/80,0.25333333,0.5066666666666667,0.0
61,bing,True,DeepFool,alexnet,40/60,alexnet,google,30/70,0.016666668,0.02,0.013333333333333334
62,bing,True,DeepFool,alexnet,40/60,alexnet,google,40/60,0.016666668,0.02,0.013333333333333334
63,bing,True,DeepFool,alexnet,40/60,alexnet,google,50/50,0.023333333,0.02,0.02666666666666667
64,bing,True,DeepFool,alexnet,40/60,resnet,google,20/80,0.42000002,0.84,0.0
65,bing,True,DeepFool,alexnet,40/60,resnet,google,30/70,0.013333334,0.02666666666666667,0.0
66,bing,True,DeepFool,alexnet,40/60,resnet,google,40/60,0.013333334,0.02,0.006666666666666667
67,bing,True,DeepFool,alexnet,40/60,resnet,google,50/50,0.013333334,0.02,0.006666666666666667
68,bing,True,DeepFool,alexnet,40/60,vgg,google,20/80,0.03666667,0.07333333333333333,0.0
69,bing,True,DeepFool,alexnet,40/60,vgg,google,30/70,0.013333334,0.02666666666666667,0.0
70,bing,True,DeepFool,alexnet,40/60,vgg,google,40/60,0.01,0.02,0.0
71,bing,True,DeepFool,alexnet,40/60,vgg,google,50/50,0.01,0.02,0.0
72,bing,True,DeepFool,alexnet,50/50,alexnet,bing,20/80,0.23728813,0.4827586206896552,0.0
73,bing,True,DeepFool,alexnet,50/50,alexnet,bing,30/70,0.2,0.4142857142857143,0.0
74,bing,True,DeepFool,alexnet,50/50,alexnet,bing,40/60,0.088435374,0.1793103448275862,0.0
75,bing,True,DeepFool,alexnet,50/50,alexnet,bing,50/50,0.058020476,0.11805555555555555,0.0
76,bing,True,DeepFool,alexnet,50/50,resnet,bing,20/80,0.24573378,0.5034965034965035,0.0
77,bing,True,DeepFool,alexnet,50/50,resnet,bing,30/70,0.13651876,0.27972027972027974,0.0
78,bing,True,DeepFool,alexnet,50/50,resnet,bing,40/60,0.047457628,0.09655172413793103,0.0
79,bing,True,DeepFool,alexnet,50/50,resnet,bing,50/50,0.020338982,0.041379310344827586,0.0
80,bing,True,DeepFool,alexnet,50/50,vgg,bing,20/80,0.36394557,0.7430555555555556,0.0
81,bing,True,DeepFool,alexnet,50/50,vgg,bing,30/70,0.18644068,0.3793103448275862,0.0
82,bing,True,DeepFool,alexnet,50/50,vgg,bing,40/60,0.15254237,0.3103448275862069,0.0
83,bing,True,DeepFool,alexnet,50/50,vgg,bing,50/50,0.097972974,0.19863013698630136,0.0
84,bing,True,DeepFool,alexnet,50/50,alexnet,google,20/80,0.17666668,0.35333333333333333,0.0
85,bing,True,DeepFool,alexnet,50/50,alexnet,google,30/70,0.10333334,0.20666666666666667,0.0
86,bing,True,DeepFool,alexnet,50/50,alexnet,google,40/60,0.086666666,0.17333333333333334,0.0
87,bing,True,DeepFool,alexnet,50/50,alexnet,google,50/50,0.10333334,0.20666666666666667,0.0
88,bing,True,DeepFool,alexnet,50/50,resnet,google,20/80,0.17,0.34,0.0
89,bing,True,DeepFool,alexnet,50/50,resnet,google,30/70,0.13666667,0.2733333333333333,0.0
90,bing,True,DeepFool,alexnet,50/50,resnet,google,40/60,0.06333333,0.12666666666666668,0.0
91,bing,True,DeepFool,alexnet,50/50,resnet,google,50/50,0.04,0.07333333333333333,0.006666666666666667
92,bing,True,DeepFool,alexnet,50/50,vgg,google,20/80,0.32666668,0.6533333333333333,0.0
93,bing,True,DeepFool,alexnet,50/50,vgg,google,30/70,0.2,0.4,0.0
94,bing,True,DeepFool,alexnet,50/50,vgg,google,40/60,0.12666667,0.25333333333333335,0.0
95,bing,True,DeepFool,alexnet,50/50,vgg,google,50/50,0.16666667,0.3333333333333333,0.0
96,bing,True,DeepFool,resnet,20/80,alexnet,bing,20/80,0.18983051,0.05517241379310345,0.32
97,bing,True,DeepFool,resnet,20/80,alexnet,bing,30/70,0.18275861,0.02142857142857143,0.3333333333333333
98,bing,True,DeepFool,resnet,20/80,alexnet,bing,40/60,0.28571427,0.0,0.5637583892617449
99,bing,True,DeepFool,resnet,20/80,alexnet,bing,50/50,0.2901024,0.0,0.5704697986577181
100,bing,True,DeepFool,resnet,20/80,resnet,bing,20/80,0.42320818,0.5034965034965035,0.3466666666666667
101,bing,True,DeepFool,resnet,20/80,resnet,bing,30/70,0.3412969,0.21678321678321677,0.46
102,bing,True,DeepFool,resnet,20/80,resnet,bing,40/60,0.4,0.034482758620689655,0.7533333333333333
103,bing,True,DeepFool,resnet,20/80,resnet,bing,50/50,0.41694915,0.020689655172413793,0.8
104,bing,True,DeepFool,resnet,20/80,vgg,bing,20/80,0.2993197,0.6041666666666666,0.006666666666666667
105,bing,True,DeepFool,resnet,20/80,vgg,bing,30/70,0.2338983,0.16551724137931034,0.3
106,bing,True,DeepFool,resnet,20/80,vgg,bing,40/60,0.22033899,0.16551724137931034,0.2733333333333333
107,bing,True,DeepFool,resnet,20/80,vgg,bing,50/50,0.25,0.0684931506849315,0.4266666666666667
108,bing,True,DeepFool,resnet,20/80,alexnet,google,20/80,0.21333334,0.04666666666666667,0.38
109,bing,True,DeepFool,resnet,20/80,alexnet,google,30/70,0.29333335,0.04,0.5466666666666666
110,bing,True,DeepFool,resnet,20/80,alexnet,google,40/60,0.29666668,0.04,0.5533333333333333
111,bing,True,DeepFool,resnet,20/80,alexnet,google,50/50,0.27333334,0.03333333333333333,0.5133333333333333
112,bing,True,DeepFool,resnet,20/80,resnet,google,20/80,0.40666667,0.21333333333333335,0.6
113,bing,True,DeepFool,resnet,20/80,resnet,google,30/70,0.33,0.14666666666666667,0.5133333333333333
114,bing,True,DeepFool,resnet,20/80,resnet,google,40/60,0.43,0.06666666666666667,0.7933333333333333
115,bing,True,DeepFool,resnet,20/80,resnet,google,50/50,0.39666668,0.02666666666666667,0.7666666666666667
116,bing,True,DeepFool,resnet,20/80,vgg,google,20/80,0.23333333,0.32666666666666666,0.14
117,bing,True,DeepFool,resnet,20/80,vgg,google,30/70,0.26000002,0.12,0.4
118,bing,True,DeepFool,resnet,20/80,vgg,google,40/60,0.25666666,0.08666666666666667,0.4266666666666667
119,bing,True,DeepFool,resnet,20/80,vgg,google,50/50,0.24666667,0.08666666666666667,0.4066666666666667
120,bing,True,DeepFool,resnet,30/70,alexnet,bing,20/80,0.16949153,0.04827586206896552,0.2866666666666667
121,bing,True,DeepFool,resnet,30/70,alexnet,bing,30/70,0.18965517,0.02857142857142857,0.34
122,bing,True,DeepFool,resnet,30/70,alexnet,bing,40/60,0.28911564,0.0,0.5704697986577181
123,bing,True,DeepFool,resnet,30/70,alexnet,bing,50/50,0.31399316,0.0,0.6174496644295302
124,bing,True,DeepFool,resnet,30/70,resnet,bing,20/80,0.41296926,0.6643356643356644,0.17333333333333334
125,bing,True,DeepFool,resnet,30/70,resnet,bing,30/70,0.5153583,0.5174825174825175,0.5133333333333333
126,bing,True,DeepFool,resnet,30/70,resnet,bing,40/60,0.4237288,0.06896551724137931,0.7666666666666667
127,bing,True,DeepFool,resnet,30/70,resnet,bing,50/50,0.43728814,0.027586206896551724,0.8333333333333334
128,bing,True,DeepFool,resnet,30/70,vgg,bing,20/80,0.37074828,0.7569444444444444,0.0
129,bing,True,DeepFool,resnet,30/70,vgg,bing,30/70,0.22033899,0.1724137931034483,0.26666666666666666
130,bing,True,DeepFool,resnet,30/70,vgg,bing,40/60,0.2,0.20689655172413793,0.19333333333333333
131,bing,True,DeepFool,resnet,30/70,vgg,bing,50/50,0.22297297,0.07534246575342465,0.36666666666666664
132,bing,True,DeepFool,resnet,30/70,alexnet,google,20/80,0.23,0.05333333333333334,0.4066666666666667
133,bing,True,DeepFool,resnet,30/70,alexnet,google,30/70,0.30666667,0.04666666666666667,0.5666666666666667
134,bing,True,DeepFool,resnet,30/70,alexnet,google,40/60,0.29000002,0.04,0.54
135,bing,True,DeepFool,resnet,30/70,alexnet,google,50/50,0.29333335,0.03333333333333333,0.5533333333333333
136,bing,True,DeepFool,resnet,30/70,resnet,google,20/80,0.37,0.25333333333333335,0.4866666666666667
137,bing,True,DeepFool,resnet,30/70,resnet,google,30/70,0.46666667,0.37333333333333335,0.56
138,bing,True,DeepFool,resnet,30/70,resnet,google,40/60,0.43,0.06,0.8
139,bing,True,DeepFool,resnet,30/70,resnet,google,50/50,0.43,0.06,0.8
140,bing,True,DeepFool,resnet,30/70,vgg,google,20/80,0.22666667,0.3466666666666667,0.10666666666666667
141,bing,True,DeepFool,resnet,30/70,vgg,google,30/70,0.22666667,0.12,0.3333333333333333
142,bing,True,DeepFool,resnet,30/70,vgg,google,40/60,0.24333334,0.1,0.38666666666666666
143,bing,True,DeepFool,resnet,30/70,vgg,google,50/50,0.23333333,0.1,0.36666666666666664
144,bing,True,DeepFool,resnet,40/60,alexnet,bing,20/80,0.07118644,0.041379310344827586,0.1
145,bing,True,DeepFool,resnet,40/60,alexnet,bing,30/70,0.05862069,0.02142857142857143,0.09333333333333334
146,bing,True,DeepFool,resnet,40/60,alexnet,bing,40/60,0.14965986,0.0,0.2953020134228188
147,bing,True,DeepFool,resnet,40/60,alexnet,bing,50/50,0.16382252,0.0,0.3221476510067114
148,bing,True,DeepFool,resnet,40/60,resnet,bing,20/80,0.5187713,0.958041958041958,0.1
149,bing,True,DeepFool,resnet,40/60,resnet,bing,30/70,0.4641638,0.6643356643356644,0.2733333333333333
150,bing,True,DeepFool,resnet,40/60,resnet,bing,40/60,0.38305083,0.21379310344827587,0.5466666666666666
151,bing,True,DeepFool,resnet,40/60,resnet,bing,50/50,0.2983051,0.013793103448275862,0.5733333333333334
152,bing,True,DeepFool,resnet,40/60,vgg,bing,20/80,0.39115646,0.7986111111111112,0.0
153,bing,True,DeepFool,resnet,40/60,vgg,bing,30/70,0.122033894,0.15862068965517243,0.08666666666666667
154,bing,True,DeepFool,resnet,40/60,vgg,bing,40/60,0.14915255,0.21379310344827587,0.08666666666666667
155,bing,True,DeepFool,resnet,40/60,vgg,bing,50/50,0.11824325,0.07534246575342465,0.16
156,bing,True,DeepFool,resnet,40/60,alexnet,google,20/80,0.09666667,0.05333333333333334,0.14
157,bing,True,DeepFool,resnet,40/60,alexnet,google,30/70,0.14666668,0.03333333333333333,0.26
158,bing,True,DeepFool,resnet,40/60,alexnet,google,40/60,0.14333333,0.03333333333333333,0.25333333333333335
159,bing,True,DeepFool,resnet,40/60,alexnet,google,50/50,0.13666667,0.03333333333333333,0.24
160,bing,True,DeepFool,resnet,40/60,resnet,google,20/80,0.35,0.42,0.28
161,bing,True,DeepFool,resnet,40/60,resnet,google,30/70,0.36333334,0.44666666666666666,0.28
162,bing,True,DeepFool,resnet,40/60,resnet,google,40/60,0.33,0.09333333333333334,0.5666666666666667
163,bing,True,DeepFool,resnet,40/60,resnet,google,50/50,0.26666668,0.04666666666666667,0.4866666666666667
164,bing,True,DeepFool,resnet,40/60,vgg,google,20/80,0.22333334,0.42,0.02666666666666667
165,bing,True,DeepFool,resnet,40/60,vgg,google,30/70,0.11,0.1,0.12
166,bing,True,DeepFool,resnet,40/60,vgg,google,40/60,0.10666667,0.09333333333333334,0.12
167,bing,True,DeepFool,resnet,40/60,vgg,google,50/50,0.10666667,0.08666666666666667,0.12666666666666668
168,bing,True,DeepFool,resnet,50/50,alexnet,bing,20/80,0.027118644,0.013793103448275862,0.04
169,bing,True,DeepFool,resnet,50/50,alexnet,bing,30/70,0.22413793,0.42142857142857143,0.04
170,bing,True,DeepFool,resnet,50/50,alexnet,bing,40/60,0.07142857,0.0,0.14093959731543623
171,bing,True,DeepFool,resnet,50/50,alexnet,bing,50/50,0.06825938,0.0,0.1342281879194631
172,bing,True,DeepFool,resnet,50/50,resnet,bing,20/80,0.49146757,0.972027972027972,0.03333333333333333
173,bing,True,DeepFool,resnet,50/50,resnet,bing,30/70,0.22525597,0.32167832167832167,0.13333333333333333
174,bing,True,DeepFool,resnet,50/50,resnet,bing,40/60,0.18305084,0.04827586206896552,0.31333333333333335
175,bing,True,DeepFool,resnet,50/50,resnet,bing,50/50,0.24406779,0.027586206896551724,0.4533333333333333
176,bing,True,DeepFool,resnet,50/50,vgg,bing,20/80,0.36734694,0.75,0.0
177,bing,True,DeepFool,resnet,50/50,vgg,bing,30/70,0.047457628,0.06206896551724138,0.03333333333333333
178,bing,True,DeepFool,resnet,50/50,vgg,bing,40/60,0.05762712,0.08275862068965517,0.03333333333333333
179,bing,True,DeepFool,resnet,50/50,vgg,bing,50/50,0.0777027,0.0547945205479452,0.1
180,bing,True,DeepFool,resnet,50/50,alexnet,google,20/80,0.06666667,0.07333333333333333,0.06
181,bing,True,DeepFool,resnet,50/50,alexnet,google,30/70,0.08,0.03333333333333333,0.12666666666666668
182,bing,True,DeepFool,resnet,50/50,alexnet,google,40/60,0.07333334,0.03333333333333333,0.11333333333333333
183,bing,True,DeepFool,resnet,50/50,alexnet,google,50/50,0.06666667,0.02666666666666667,0.10666666666666667
184,bing,True,DeepFool,resnet,50/50,resnet,google,20/80,0.31666666,0.5,0.13333333333333333
185,bing,True,DeepFool,resnet,50/50,resnet,google,30/70,0.21000001,0.24666666666666667,0.17333333333333334
186,bing,True,DeepFool,resnet,50/50,resnet,google,40/60,0.18666667,0.05333333333333334,0.32
187,bing,True,DeepFool,resnet,50/50,resnet,google,50/50,0.22333334,0.04666666666666667,0.4
188,bing,True,DeepFool,resnet,50/50,vgg,google,20/80,0.13666667,0.26,0.013333333333333334
189,bing,True,DeepFool,resnet,50/50,vgg,google,30/70,0.06333333,0.07333333333333333,0.05333333333333334
190,bing,True,DeepFool,resnet,50/50,vgg,google,40/60,0.07,0.06,0.08
191,bing,True,DeepFool,resnet,50/50,vgg,google,50/50,0.083333336,0.06666666666666667,0.1
192,bing,True,DeepFool,vgg,20/80,alexnet,bing,20/80,0.06440678,0.06896551724137931,0.06
193,bing,True,DeepFool,vgg,20/80,alexnet,bing,30/70,0.051724136,0.02857142857142857,0.07333333333333333
194,bing,True,DeepFool,vgg,20/80,alexnet,bing,40/60,0.12585033,0.0,0.2483221476510067
195,bing,True,DeepFool,vgg,20/80,alexnet,bing,50/50,0.15017064,0.0,0.2953020134228188
196,bing,True,DeepFool,vgg,20/80,resnet,bing,20/80,0.12969282,0.25874125874125875,0.006666666666666667
197,bing,True,DeepFool,vgg,20/80,resnet,bing,30/70,0.098976105,0.11188811188811189,0.08666666666666667
198,bing,True,DeepFool,vgg,20/80,resnet,bing,40/60,0.16949153,0.020689655172413793,0.31333333333333335
199,bing,True,DeepFool,vgg,20/80,resnet,bing,50/50,0.22033899,0.006896551724137931,0.4266666666666667
200,bing,True,DeepFool,vgg,20/80,vgg,bing,20/80,0.46598637,0.9027777777777778,0.04666666666666667
201,bing,True,DeepFool,vgg,20/80,vgg,bing,30/70,0.28474575,0.3586206896551724,0.21333333333333335
202,bing,True,DeepFool,vgg,20/80,vgg,bing,40/60,0.29152542,0.3103448275862069,0.2733333333333333
203,bing,True,DeepFool,vgg,20/80,vgg,bing,50/50,0.2972973,0.2054794520547945,0.38666666666666666
204,bing,True,DeepFool,vgg,20/80,alexnet,google,20/80,0.086666666,0.08,0.09333333333333334
205,bing,True,DeepFool,vgg,20/80,alexnet,google,30/70,0.15666667,0.06,0.25333333333333335
206,bing,True,DeepFool,vgg,20/80,alexnet,google,40/60,0.11666667,0.04666666666666667,0.18666666666666668
207,bing,True,DeepFool,vgg,20/80,alexnet,google,50/50,0.123333335,0.04,0.20666666666666667
208,bing,True,DeepFool,vgg,20/80,resnet,google,20/80,0.09666667,0.12666666666666668,0.06666666666666667
209,bing,True,DeepFool,vgg,20/80,resnet,google,30/70,0.09666667,0.08,0.11333333333333333
210,bing,True,DeepFool,vgg,20/80,resnet,google,40/60,0.22,0.06,0.38
211,bing,True,DeepFool,vgg,20/80,resnet,google,50/50,0.17666668,0.02666666666666667,0.32666666666666666
212,bing,True,DeepFool,vgg,20/80,vgg,google,20/80,0.31333333,0.5066666666666667,0.12
213,bing,True,DeepFool,vgg,20/80,vgg,google,30/70,0.29333335,0.36,0.22666666666666666
214,bing,True,DeepFool,vgg,20/80,vgg,google,40/60,0.29333335,0.24666666666666667,0.34
215,bing,True,DeepFool,vgg,20/80,vgg,google,50/50,0.28666666,0.26666666666666666,0.30666666666666664
216,bing,True,DeepFool,vgg,30/70,alexnet,bing,20/80,0.030508474,0.06206896551724138,0.0
217,bing,True,DeepFool,vgg,30/70,alexnet,bing,30/70,0.013793103,0.02142857142857143,0.006666666666666667
218,bing,True,DeepFool,vgg,30/70,alexnet,bing,40/60,0.0034013605,0.0,0.006711409395973154
219,bing,True,DeepFool,vgg,30/70,alexnet,bing,50/50,0.0034129692,0.0,0.006711409395973154
220,bing,True,DeepFool,vgg,30/70,resnet,bing,20/80,0.10921501,0.22377622377622378,0.0
221,bing,True,DeepFool,vgg,30/70,resnet,bing,30/70,0.054607507,0.11188811188811189,0.0
222,bing,True,DeepFool,vgg,30/70,resnet,bing,40/60,0.020338982,0.020689655172413793,0.02
223,bing,True,DeepFool,vgg,30/70,resnet,bing,50/50,0.030508474,0.006896551724137931,0.05333333333333334
224,bing,True,DeepFool,vgg,30/70,vgg,bing,20/80,0.46598637,0.9513888888888888,0.0
225,bing,True,DeepFool,vgg,30/70,vgg,bing,30/70,0.37288135,0.7310344827586207,0.02666666666666667
226,bing,True,DeepFool,vgg,30/70,vgg,bing,40/60,0.30508474,0.5724137931034483,0.04666666666666667
227,bing,True,DeepFool,vgg,30/70,vgg,bing,50/50,0.23310812,0.4041095890410959,0.06666666666666667
228,bing,True,DeepFool,vgg,30/70,alexnet,google,20/80,0.04,0.08,0.0
229,bing,True,DeepFool,vgg,30/70,alexnet,google,30/70,0.033333335,0.05333333333333334,0.013333333333333334
230,bing,True,DeepFool,vgg,30/70,alexnet,google,40/60,0.033333335,0.05333333333333334,0.013333333333333334
231,bing,True,DeepFool,vgg,30/70,alexnet,google,50/50,0.023333333,0.03333333333333333,0.013333333333333334
232,bing,True,DeepFool,vgg,30/70,resnet,google,20/80,0.08,0.16,0.0
233,bing,True,DeepFool,vgg,30/70,resnet,google,30/70,0.060000002,0.11333333333333333,0.006666666666666667
234,bing,True,DeepFool,vgg,30/70,resnet,google,40/60,0.046666667,0.05333333333333334,0.04
235,bing,True,DeepFool,vgg,30/70,resnet,google,50/50,0.03666667,0.02666666666666667,0.04666666666666667
236,bing,True,DeepFool,vgg,30/70,vgg,google,20/80,0.41,0.8066666666666666,0.013333333333333334
237,bing,True,DeepFool,vgg,30/70,vgg,google,30/70,0.33666667,0.64,0.03333333333333333
238,bing,True,DeepFool,vgg,30/70,vgg,google,40/60,0.27,0.48,0.06
239,bing,True,DeepFool,vgg,30/70,vgg,google,50/50,0.27666667,0.5066666666666667,0.04666666666666667
240,bing,True,DeepFool,vgg,40/60,alexnet,bing,20/80,0.030508474,0.06206896551724138,0.0
241,bing,True,DeepFool,vgg,40/60,alexnet,bing,30/70,0.013793103,0.02857142857142857,0.0
242,bing,True,DeepFool,vgg,40/60,alexnet,bing,40/60,0.0,0.0,0.0
243,bing,True,DeepFool,vgg,40/60,alexnet,bing,50/50,0.0,0.0,0.0
244,bing,True,DeepFool,vgg,40/60,resnet,bing,20/80,0.12286689,0.2517482517482518,0.0
245,bing,True,DeepFool,vgg,40/60,resnet,bing,30/70,0.03754266,0.07692307692307693,0.0
246,bing,True,DeepFool,vgg,40/60,resnet,bing,40/60,0.020338982,0.013793103448275862,0.02666666666666667
247,bing,True,DeepFool,vgg,40/60,resnet,bing,50/50,0.033898305,0.006896551724137931,0.06
248,bing,True,DeepFool,vgg,40/60,vgg,bing,20/80,0.46598637,0.9513888888888888,0.0
249,bing,True,DeepFool,vgg,40/60,vgg,bing,30/70,0.3457627,0.6689655172413793,0.03333333333333333
250,bing,True,DeepFool,vgg,40/60,vgg,bing,40/60,0.3322034,0.6275862068965518,0.04666666666666667
251,bing,True,DeepFool,vgg,40/60,vgg,bing,50/50,0.24324325,0.4178082191780822,0.07333333333333333
252,bing,True,DeepFool,vgg,40/60,alexnet,google,20/80,0.03666667,0.07333333333333333,0.0
253,bing,True,DeepFool,vgg,40/60,alexnet,google,30/70,0.023333333,0.04666666666666667,0.0
254,bing,True,DeepFool,vgg,40/60,alexnet,google,40/60,0.026666667,0.04666666666666667,0.006666666666666667
255,bing,True,DeepFool,vgg,40/60,alexnet,google,50/50,0.026666667,0.04,0.013333333333333334
256,bing,True,DeepFool,vgg,40/60,resnet,google,20/80,0.07666667,0.15333333333333332,0.0
257,bing,True,DeepFool,vgg,40/60,resnet,google,30/70,0.060000002,0.11333333333333333,0.006666666666666667
258,bing,True,DeepFool,vgg,40/60,resnet,google,40/60,0.05,0.05333333333333334,0.04666666666666667
259,bing,True,DeepFool,vgg,40/60,resnet,google,50/50,0.033333335,0.02666666666666667,0.04
260,bing,True,DeepFool,vgg,40/60,vgg,google,20/80,0.4,0.7933333333333333,0.006666666666666667
261,bing,True,DeepFool,vgg,40/60,vgg,google,30/70,0.31333333,0.5866666666666667,0.04
262,bing,True,DeepFool,vgg,40/60,vgg,google,40/60,0.26000002,0.4666666666666667,0.05333333333333334
263,bing,True,DeepFool,vgg,40/60,vgg,google,50/50,0.32333335,0.5666666666666667,0.08
264,bing,True,DeepFool,vgg,50/50,alexnet,bing,20/80,0.027118644,0.05517241379310345,0.0
265,bing,True,DeepFool,vgg,50/50,alexnet,bing,30/70,0.0068965517,0.014285714285714285,0.0
266,bing,True,DeepFool,vgg,50/50,alexnet,bing,40/60,0.0034013605,0.0,0.006711409395973154
267,bing,True,DeepFool,vgg,50/50,alexnet,bing,50/50,0.0034129692,0.0,0.006711409395973154
268,bing,True,DeepFool,vgg,50/50,resnet,bing,20/80,0.11945392,0.24475524475524477,0.0
269,bing,True,DeepFool,vgg,50/50,resnet,bing,30/70,0.061433446,0.1258741258741259,0.0
270,bing,True,DeepFool,vgg,50/50,resnet,bing,40/60,0.020338982,0.027586206896551724,0.013333333333333334
271,bing,True,DeepFool,vgg,50/50,resnet,bing,50/50,0.016949153,0.013793103448275862,0.02
272,bing,True,DeepFool,vgg,50/50,vgg,bing,20/80,0.47959182,0.9791666666666666,0.0
273,bing,True,DeepFool,vgg,50/50,vgg,bing,30/70,0.4,0.8068965517241379,0.006666666666666667
274,bing,True,DeepFool,vgg,50/50,vgg,bing,40/60,0.34915254,0.696551724137931,0.013333333333333334
275,bing,True,DeepFool,vgg,50/50,vgg,bing,50/50,0.35472974,0.636986301369863,0.08
276,bing,True,DeepFool,vgg,50/50,alexnet,google,20/80,0.03666667,0.07333333333333333,0.0
277,bing,True,DeepFool,vgg,50/50,alexnet,google,30/70,0.026666667,0.05333333333333334,0.0
278,bing,True,DeepFool,vgg,50/50,alexnet,google,40/60,0.023333333,0.04,0.006666666666666667
279,bing,True,DeepFool,vgg,50/50,alexnet,google,50/50,0.02,0.03333333333333333,0.006666666666666667
280,bing,True,DeepFool,vgg,50/50,resnet,google,20/80,0.09,0.18,0.0
281,bing,True,DeepFool,vgg,50/50,resnet,google,30/70,0.06333333,0.12666666666666668,0.0
282,bing,True,DeepFool,vgg,50/50,resnet,google,40/60,0.04,0.06,0.02
283,bing,True,DeepFool,vgg,50/50,resnet,google,50/50,0.033333335,0.04,0.02666666666666667
284,bing,True,DeepFool,vgg,50/50,vgg,google,20/80,0.44333336,0.88,0.006666666666666667
285,bing,True,DeepFool,vgg,50/50,vgg,google,30/70,0.36,0.7,0.02
286,bing,True,DeepFool,vgg,50/50,vgg,google,40/60,0.29333335,0.5533333333333333,0.03333333333333333
287,bing,True,DeepFool,vgg,50/50,vgg,google,50/50,0.36333334,0.66,0.06666666666666667
288,google,True,DeepFool,alexnet,20/80,alexnet,bing,20/80,0.04,0.08,0.0
289,google,True,DeepFool,alexnet,20/80,alexnet,bing,30/70,0.46666667,0.9333333333333333,0.0
290,google,True,DeepFool,alexnet,20/80,alexnet,bing,40/60,0.15333334,0.30666666666666664,0.0
291,google,True,DeepFool,alexnet,20/80,alexnet,bing,50/50,0.013333334,0.0,0.02666666666666667
292,google,True,DeepFool,alexnet,20/80,resnet,bing,20/80,0.49666667,0.9933333333333333,0.0
293,google,True,DeepFool,alexnet,20/80,resnet,bing,30/70,0.0033333334,0.006666666666666667,0.0
294,google,True,DeepFool,alexnet,20/80,resnet,bing,40/60,0.0033333334,0.0,0.006666666666666667
295,google,True,DeepFool,alexnet,20/80,resnet,bing,50/50,0.013333334,0.0,0.02666666666666667
296,google,True,DeepFool,alexnet,20/80,vgg,bing,20/80,0.45666668,0.9133333333333333,0.0
297,google,True,DeepFool,alexnet,20/80,vgg,bing,30/70,0.0,0.0,0.0
298,google,True,DeepFool,alexnet,20/80,vgg,bing,40/60,0.0033333334,0.006666666666666667,0.0
299,google,True,DeepFool,alexnet,20/80,vgg,bing,50/50,0.006666667,0.0,0.013333333333333334
300,google,True,DeepFool,alexnet,20/80,alexnet,google,20/80,0.3118644,0.6275862068965518,0.006666666666666667
301,google,True,DeepFool,alexnet,20/80,alexnet,google,30/70,0.006779661,0.0,0.013513513513513514
302,google,True,DeepFool,alexnet,20/80,alexnet,google,40/60,0.006779661,0.0,0.013605442176870748
303,google,True,DeepFool,alexnet,20/80,alexnet,google,50/50,0.0067340066,0.0,0.013605442176870748
304,google,True,DeepFool,alexnet,20/80,resnet,google,20/80,0.36824325,0.7397260273972602,0.006666666666666667
305,google,True,DeepFool,alexnet,20/80,resnet,google,30/70,0.0067114094,0.006756756756756757,0.006666666666666667
306,google,True,DeepFool,alexnet,20/80,resnet,google,40/60,0.0033670033,0.0,0.006756756756756757
307,google,True,DeepFool,alexnet,20/80,resnet,google,50/50,0.006756757,0.0,0.013605442176870748
308,google,True,DeepFool,alexnet,20/80,vgg,google,20/80,0.074074075,0.14965986394557823,0.0
309,google,True,DeepFool,alexnet,20/80,vgg,google,30/70,0.0,0.0,0.0
310,google,True,DeepFool,alexnet,20/80,vgg,google,40/60,0.0,0.0,0.0
311,google,True,DeepFool,alexnet,20/80,vgg,google,50/50,0.0,0.0,0.0
312,google,True,DeepFool,alexnet,30/70,alexnet,bing,20/80,0.15,0.3,0.0
313,google,True,DeepFool,alexnet,30/70,alexnet,bing,30/70,0.14,0.28,0.0
314,google,True,DeepFool,alexnet,30/70,alexnet,bing,40/60,0.04,0.08,0.0
315,google,True,DeepFool,alexnet,30/70,alexnet,bing,50/50,0.033333335,0.05333333333333334,0.013333333333333334
316,google,True,DeepFool,alexnet,30/70,resnet,bing,20/80,0.13666667,0.2733333333333333,0.0
317,google,True,DeepFool,alexnet,30/70,resnet,bing,30/70,0.023333333,0.04666666666666667,0.0
318,google,True,DeepFool,alexnet,30/70,resnet,bing,40/60,0.006666667,0.013333333333333334,0.0
319,google,True,DeepFool,alexnet,30/70,resnet,bing,50/50,0.01,0.006666666666666667,0.013333333333333334
320,google,True,DeepFool,alexnet,30/70,vgg,bing,20/80,0.37333333,0.7466666666666667,0.0
321,google,True,DeepFool,alexnet,30/70,vgg,bing,30/70,0.11666667,0.23333333333333334,0.0
322,google,True,DeepFool,alexnet,30/70,vgg,bing,40/60,0.08,0.16,0.0
323,google,True,DeepFool,alexnet,30/70,vgg,bing,50/50,0.07666667,0.14,0.013333333333333334
324,google,True,DeepFool,alexnet,30/70,alexnet,google,20/80,0.06440678,0.1310344827586207,0.0
325,google,True,DeepFool,alexnet,30/70,alexnet,google,30/70,0.0779661,0.14965986394557823,0.006756756756756757
326,google,True,DeepFool,alexnet,30/70,alexnet,google,40/60,0.050847456,0.0945945945945946,0.006802721088435374
327,google,True,DeepFool,alexnet,30/70,alexnet,google,50/50,0.04040404,0.08,0.0
328,google,True,DeepFool,alexnet,30/70,resnet,google,20/80,0.04391892,0.08904109589041095,0.0
329,google,True,DeepFool,alexnet,30/70,resnet,google,30/70,0.010067115,0.02027027027027027,0.0
330,google,True,DeepFool,alexnet,30/70,resnet,google,40/60,0.0033670033,0.006711409395973154,0.0
331,google,True,DeepFool,alexnet,30/70,resnet,google,50/50,0.0033783785,0.006711409395973154,0.0
332,google,True,DeepFool,alexnet,30/70,vgg,google,20/80,0.22558922,0.4557823129251701,0.0
333,google,True,DeepFool,alexnet,30/70,vgg,google,30/70,0.11371237,0.22818791946308725,0.0
334,google,True,DeepFool,alexnet,30/70,vgg,google,40/60,0.060402684,0.12080536912751678,0.0
335,google,True,DeepFool,alexnet,30/70,vgg,google,50/50,0.10402685,0.2080536912751678,0.0
336,google,True,DeepFool,alexnet,40/60,alexnet,bing,20/80,0.19333334,0.38666666666666666,0.0
337,google,True,DeepFool,alexnet,40/60,alexnet,bing,30/70,0.15,0.3,0.0
338,google,True,DeepFool,alexnet,40/60,alexnet,bing,40/60,0.06333333,0.12666666666666668,0.0
339,google,True,DeepFool,alexnet,40/60,alexnet,bing,50/50,0.033333335,0.05333333333333334,0.013333333333333334
340,google,True,DeepFool,alexnet,40/60,resnet,bing,20/80,0.123333335,0.24666666666666667,0.0
341,google,True,DeepFool,alexnet,40/60,resnet,bing,30/70,0.043333333,0.08666666666666667,0.0
342,google,True,DeepFool,alexnet,40/60,resnet,bing,40/60,0.01,0.02,0.0
343,google,True,DeepFool,alexnet,40/60,resnet,bing,50/50,0.016666668,0.02,0.013333333333333334
344,google,True,DeepFool,alexnet,40/60,vgg,bing,20/80,0.34333333,0.6866666666666666,0.0
345,google,True,DeepFool,alexnet,40/60,vgg,bing,30/70,0.14666668,0.29333333333333333,0.0
346,google,True,DeepFool,alexnet,40/60,vgg,bing,40/60,0.11666667,0.23333333333333334,0.0
347,google,True,DeepFool,alexnet,40/60,vgg,bing,50/50,0.083333336,0.15333333333333332,0.013333333333333334
348,google,True,DeepFool,alexnet,40/60,alexnet,google,20/80,0.098305084,0.2,0.0
349,google,True,DeepFool,alexnet,40/60,alexnet,google,30/70,0.07457627,0.14965986394557823,0.0
350,google,True,DeepFool,alexnet,40/60,alexnet,google,40/60,0.07457627,0.14864864864864866,0.0
351,google,True,DeepFool,alexnet,40/60,alexnet,google,50/50,0.057239056,0.11333333333333333,0.0
352,google,True,DeepFool,alexnet,40/60,resnet,google,20/80,0.0472973,0.0958904109589041,0.0
353,google,True,DeepFool,alexnet,40/60,resnet,google,30/70,0.030201342,0.060810810810810814,0.0
354,google,True,DeepFool,alexnet,40/60,resnet,google,40/60,0.0067340066,0.013422818791946308,0.0
355,google,True,DeepFool,alexnet,40/60,resnet,google,50/50,0.010135136,0.020134228187919462,0.0
356,google,True,DeepFool,alexnet,40/60,vgg,google,20/80,0.2121212,0.42857142857142855,0.0
357,google,True,DeepFool,alexnet,40/60,vgg,google,30/70,0.117056854,0.2348993288590604,0.0
358,google,True,DeepFool,alexnet,40/60,vgg,google,40/60,0.08389262,0.16778523489932887,0.0
359,google,True,DeepFool,alexnet,40/60,vgg,google,50/50,0.15100671,0.30201342281879195,0.0
360,google,True,DeepFool,alexnet,50/50,alexnet,bing,20/80,0.15,0.3,0.0
361,google,True,DeepFool,alexnet,50/50,alexnet,bing,30/70,0.11666667,0.23333333333333334,0.0
362,google,True,DeepFool,alexnet,50/50,alexnet,bing,40/60,0.04,0.08,0.0
363,google,True,DeepFool,alexnet,50/50,alexnet,bing,50/50,0.030000001,0.04666666666666667,0.013333333333333334
364,google,True,DeepFool,alexnet,50/50,resnet,bing,20/80,0.123333335,0.24666666666666667,0.0
365,google,True,DeepFool,alexnet,50/50,resnet,bing,30/70,0.05,0.1,0.0
366,google,True,DeepFool,alexnet,50/50,resnet,bing,40/60,0.013333334,0.02666666666666667,0.0
367,google,True,DeepFool,alexnet,50/50,resnet,bing,50/50,0.013333334,0.013333333333333334,0.013333333333333334
368,google,True,DeepFool,alexnet,50/50,vgg,bing,20/80,0.29666668,0.5933333333333334,0.0
369,google,True,DeepFool,alexnet,50/50,vgg,bing,30/70,0.120000005,0.24,0.0
370,google,True,DeepFool,alexnet,50/50,vgg,bing,40/60,0.09666667,0.19333333333333333,0.0
371,google,True,DeepFool,alexnet,50/50,vgg,bing,50/50,0.07333334,0.13333333333333333,0.013333333333333334
372,google,True,DeepFool,alexnet,50/50,alexnet,google,20/80,0.07118644,0.14482758620689656,0.0
373,google,True,DeepFool,alexnet,50/50,alexnet,google,30/70,0.06440678,0.1292517006802721,0.0
374,google,True,DeepFool,alexnet,50/50,alexnet,google,40/60,0.05762712,0.11486486486486487,0.0
375,google,True,DeepFool,alexnet,50/50,alexnet,google,50/50,0.06060606,0.12,0.0
376,google,True,DeepFool,alexnet,50/50,resnet,google,20/80,0.06418919,0.13013698630136986,0.0
377,google,True,DeepFool,alexnet,50/50,resnet,google,30/70,0.023489933,0.0472972972972973,0.0
378,google,True,DeepFool,alexnet,50/50,resnet,google,40/60,0.013468013,0.026845637583892617,0.0
379,google,True,DeepFool,alexnet,50/50,resnet,google,50/50,0.0033783785,0.006711409395973154,0.0
380,google,True,DeepFool,alexnet,50/50,vgg,google,20/80,0.1919192,0.3877551020408163,0.0
381,google,True,DeepFool,alexnet,50/50,vgg,google,30/70,0.10702341,0.21476510067114093,0.0
382,google,True,DeepFool,alexnet,50/50,vgg,google,40/60,0.06375839,0.12751677852348994,0.0
383,google,True,DeepFool,alexnet,50/50,vgg,google,50/50,0.11409396,0.22818791946308725,0.0
384,google,True,DeepFool,resnet,20/80,alexnet,bing,20/80,0.05666667,0.10666666666666667,0.006666666666666667
385,google,True,DeepFool,resnet,20/80,alexnet,bing,30/70,0.023333333,0.02666666666666667,0.02
386,google,True,DeepFool,resnet,20/80,alexnet,bing,40/60,0.07333334,0.006666666666666667,0.14
387,google,True,DeepFool,resnet,20/80,alexnet,bing,50/50,0.10333334,0.006666666666666667,0.2
388,google,True,DeepFool,resnet,20/80,resnet,bing,20/80,0.4766667,0.8733333333333333,0.08
389,google,True,DeepFool,resnet,20/80,resnet,bing,30/70,0.14,0.16666666666666666,0.11333333333333333
390,google,True,DeepFool,resnet,20/80,resnet,bing,40/60,0.15333334,0.02666666666666667,0.28
391,google,True,DeepFool,resnet,20/80,resnet,bing,50/50,0.19333334,0.006666666666666667,0.38
392,google,True,DeepFool,resnet,20/80,vgg,bing,20/80,0.29333335,0.5866666666666667,0.0
393,google,True,DeepFool,resnet,20/80,vgg,bing,30/70,0.023333333,0.02,0.02666666666666667
394,google,True,DeepFool,resnet,20/80,vgg,bing,40/60,0.026666667,0.02666666666666667,0.02666666666666667
395,google,True,DeepFool,resnet,20/80,vgg,bing,50/50,0.05666667,0.006666666666666667,0.10666666666666667
396,google,True,DeepFool,resnet,20/80,alexnet,google,20/80,0.033898305,0.0,0.06666666666666667
397,google,True,DeepFool,resnet,20/80,alexnet,google,30/70,0.06779661,0.0,0.13513513513513514
398,google,True,DeepFool,resnet,20/80,alexnet,google,40/60,0.061016947,0.006756756756756757,0.11564625850340136
399,google,True,DeepFool,resnet,20/80,alexnet,google,50/50,0.077441074,0.006666666666666667,0.14965986394557823
400,google,True,DeepFool,resnet,20/80,resnet,google,20/80,0.2533784,0.2945205479452055,0.21333333333333335
401,google,True,DeepFool,resnet,20/80,resnet,google,30/70,0.10738255,0.02027027027027027,0.19333333333333333
402,google,True,DeepFool,resnet,20/80,resnet,google,40/60,0.17171717,0.006711409395973154,0.33783783783783783
403,google,True,DeepFool,resnet,20/80,resnet,google,50/50,0.16554055,0.0,0.3333333333333333
404,google,True,DeepFool,resnet,20/80,vgg,google,20/80,0.04040404,0.06802721088435375,0.013333333333333334
405,google,True,DeepFool,resnet,20/80,vgg,google,30/70,0.050167225,0.006711409395973154,0.09333333333333334
406,google,True,DeepFool,resnet,20/80,vgg,google,40/60,0.06375839,0.0,0.12751677852348994
407,google,True,DeepFool,resnet,20/80,vgg,google,50/50,0.06375839,0.0,0.12751677852348994
408,google,True,DeepFool,resnet,30/70,alexnet,bing,20/80,0.08,0.03333333333333333,0.12666666666666668
409,google,True,DeepFool,resnet,30/70,alexnet,bing,30/70,0.07,0.03333333333333333,0.10666666666666667
410,google,True,DeepFool,resnet,30/70,alexnet,bing,40/60,0.20333333,0.006666666666666667,0.4
411,google,True,DeepFool,resnet,30/70,alexnet,bing,50/50,0.26000002,0.0,0.52
412,google,True,DeepFool,resnet,30/70,resnet,bing,20/80,0.48000002,0.84,0.12
413,google,True,DeepFool,resnet,30/70,resnet,bing,30/70,0.49,0.58,0.4
414,google,True,DeepFool,resnet,30/70,resnet,bing,40/60,0.36333334,0.06,0.6666666666666666
415,google,True,DeepFool,resnet,30/70,resnet,bing,50/50,0.39000002,0.02,0.76
416,google,True,DeepFool,resnet,30/70,vgg,bing,20/80,0.37,0.72,0.02
417,google,True,DeepFool,resnet,30/70,vgg,bing,30/70,0.123333335,0.05333333333333334,0.19333333333333333
418,google,True,DeepFool,resnet,30/70,vgg,bing,40/60,0.10333334,0.07333333333333333,0.13333333333333333
419,google,True,DeepFool,resnet,30/70,vgg,bing,50/50,0.23666668,0.03333333333333333,0.44
420,google,True,DeepFool,resnet,30/70,alexnet,google,20/80,0.12881356,0.0,0.25333333333333335
421,google,True,DeepFool,resnet,30/70,alexnet,google,30/70,0.20338982,0.006802721088435374,0.39864864864864863
422,google,True,DeepFool,resnet,30/70,alexnet,google,40/60,0.22711864,0.0,0.4557823129251701
423,google,True,DeepFool,resnet,30/70,alexnet,google,50/50,0.22558922,0.0,0.4557823129251701
424,google,True,DeepFool,resnet,30/70,resnet,google,20/80,0.38851354,0.2671232876712329,0.5066666666666667
425,google,True,DeepFool,resnet,30/70,resnet,google,30/70,0.45973155,0.3310810810810811,0.5866666666666667
426,google,True,DeepFool,resnet,30/70,resnet,google,40/60,0.39057237,0.053691275167785234,0.7297297297297297
427,google,True,DeepFool,resnet,30/70,resnet,google,50/50,0.35135135,0.006711409395973154,0.7006802721088435
