,source_dataset,isMath,attack,source_model,source_balancing,target_model,target_dataset,target_balancing,asr,asr_0,asr_1
0,bing,True,PGD,alexnet,20/80,alexnet,bing,20/80,0.22033899,0.15172413793103448,0.2866666666666667
1,bing,True,PGD,alexnet,20/80,alexnet,bing,30/70,0.13103448,0.07142857142857142,0.18666666666666668
2,bing,True,PGD,alexnet,20/80,alexnet,bing,40/60,0.24489796,0.041379310344827586,0.4429530201342282
3,bing,True,PGD,alexnet,20/80,alexnet,bing,50/50,0.24573378,0.006944444444444444,0.47651006711409394
4,bing,True,PGD,alexnet,20/80,resnet,bing,20/80,0.08191126,0.13986013986013987,0.02666666666666667
5,bing,True,PGD,alexnet,20/80,resnet,bing,30/70,0.047781568,0.06293706293706294,0.03333333333333333
6,bing,True,PGD,alexnet,20/80,resnet,bing,40/60,0.09152542,0.006896551724137931,0.17333333333333334
7,bing,True,PGD,alexnet,20/80,resnet,bing,50/50,0.13220339,0.0,0.26
8,bing,True,PGD,alexnet,20/80,vgg,bing,20/80,0.1802721,0.3541666666666667,0.013333333333333334
9,bing,True,PGD,alexnet,20/80,vgg,bing,30/70,0.10169491,0.15172413793103448,0.05333333333333334
10,bing,True,PGD,alexnet,20/80,vgg,bing,40/60,0.08813559,0.11724137931034483,0.06
11,bing,True,PGD,alexnet,20/80,vgg,bing,50/50,0.081081085,0.0684931506849315,0.09333333333333334
12,bing,True,PGD,alexnet,20/80,alexnet,google,20/80,0.21333334,0.11333333333333333,0.31333333333333335
13,bing,True,PGD,alexnet,20/80,alexnet,google,30/70,0.24666667,0.1,0.3933333333333333
14,bing,True,PGD,alexnet,20/80,alexnet,google,40/60,0.26000002,0.08666666666666667,0.43333333333333335
15,bing,True,PGD,alexnet,20/80,alexnet,google,50/50,0.23,0.07333333333333333,0.38666666666666666
16,bing,True,PGD,alexnet,20/80,resnet,google,20/80,0.07666667,0.08666666666666667,0.06666666666666667
17,bing,True,PGD,alexnet,20/80,resnet,google,30/70,0.06333333,0.09333333333333334,0.03333333333333333
18,bing,True,PGD,alexnet,20/80,resnet,google,40/60,0.13333334,0.04,0.22666666666666666
19,bing,True,PGD,alexnet,20/80,resnet,google,50/50,0.120000005,0.02,0.22
20,bing,True,PGD,alexnet,20/80,vgg,google,20/80,0.13000001,0.23333333333333334,0.02666666666666667
21,bing,True,PGD,alexnet,20/80,vgg,google,30/70,0.1,0.16666666666666666,0.03333333333333333
22,bing,True,PGD,alexnet,20/80,vgg,google,40/60,0.086666666,0.10666666666666667,0.06666666666666667
23,bing,True,PGD,alexnet,20/80,vgg,google,50/50,0.10333334,0.12666666666666668,0.08
24,bing,True,PGD,alexnet,30/70,alexnet,bing,20/80,0.16949153,0.06896551724137931,0.26666666666666666
25,bing,True,PGD,alexnet,30/70,alexnet,bing,30/70,0.14137931,0.07857142857142857,0.2
26,bing,True,PGD,alexnet,30/70,alexnet,bing,40/60,0.21428572,0.020689655172413793,0.40268456375838924
27,bing,True,PGD,alexnet,30/70,alexnet,bing,50/50,0.21843003,0.0,0.42953020134228187
28,bing,True,PGD,alexnet,30/70,resnet,bing,20/80,0.058020476,0.0979020979020979,0.02
29,bing,True,PGD,alexnet,30/70,resnet,bing,30/70,0.030716723,0.03496503496503497,0.02666666666666667
30,bing,True,PGD,alexnet,30/70,resnet,bing,40/60,0.07118644,0.0,0.14
31,bing,True,PGD,alexnet,30/70,resnet,bing,50/50,0.10508475,0.0,0.20666666666666667
32,bing,True,PGD,alexnet,30/70,vgg,bing,20/80,0.14285713,0.2847222222222222,0.006666666666666667
33,bing,True,PGD,alexnet,30/70,vgg,bing,30/70,0.061016947,0.08275862068965517,0.04
34,bing,True,PGD,alexnet,30/70,vgg,bing,40/60,0.047457628,0.05517241379310345,0.04
35,bing,True,PGD,alexnet,30/70,vgg,bing,50/50,0.054054055,0.0410958904109589,0.06666666666666667
36,bing,True,PGD,alexnet,30/70,alexnet,google,20/80,0.17666668,0.08666666666666667,0.26666666666666666
37,bing,True,PGD,alexnet,30/70,alexnet,google,30/70,0.21000001,0.08,0.34
38,bing,True,PGD,alexnet,30/70,alexnet,google,40/60,0.20666668,0.04666666666666667,0.36666666666666664
39,bing,True,PGD,alexnet,30/70,alexnet,google,50/50,0.18333334,0.05333333333333334,0.31333333333333335
40,bing,True,PGD,alexnet,30/70,resnet,google,20/80,0.060000002,0.08666666666666667,0.03333333333333333
41,bing,True,PGD,alexnet,30/70,resnet,google,30/70,0.046666667,0.06666666666666667,0.02666666666666667
42,bing,True,PGD,alexnet,30/70,resnet,google,40/60,0.1,0.02666666666666667,0.17333333333333334
43,bing,True,PGD,alexnet,30/70,resnet,google,50/50,0.09666667,0.02,0.17333333333333334
44,bing,True,PGD,alexnet,30/70,vgg,google,20/80,0.11,0.20666666666666667,0.013333333333333334
45,bing,True,PGD,alexnet,30/70,vgg,google,30/70,0.06666667,0.10666666666666667,0.02666666666666667
46,bing,True,PGD,alexnet,30/70,vgg,google,40/60,0.060000002,0.06666666666666667,0.05333333333333334
47,bing,True,PGD,alexnet,30/70,vgg,google,50/50,0.05666667,0.06666666666666667,0.04666666666666667
48,bing,True,PGD,alexnet,40/60,alexnet,bing,20/80,0.2,0.12413793103448276,0.2733333333333333
49,bing,True,PGD,alexnet,40/60,alexnet,bing,30/70,0.13448276,0.08571428571428572,0.18
50,bing,True,PGD,alexnet,40/60,alexnet,bing,40/60,0.26530612,0.041379310344827586,0.48322147651006714
51,bing,True,PGD,alexnet,40/60,alexnet,bing,50/50,0.2662116,0.0,0.5234899328859061
52,bing,True,PGD,alexnet,40/60,resnet,bing,20/80,0.07508532,0.1258741258741259,0.02666666666666667
53,bing,True,PGD,alexnet,40/60,resnet,bing,30/70,0.03754266,0.04895104895104895,0.02666666666666667
54,bing,True,PGD,alexnet,40/60,resnet,bing,40/60,0.10169491,0.006896551724137931,0.19333333333333333
55,bing,True,PGD,alexnet,40/60,resnet,bing,50/50,0.13220339,0.0,0.26
56,bing,True,PGD,alexnet,40/60,vgg,bing,20/80,0.1632653,0.3263888888888889,0.006666666666666667
57,bing,True,PGD,alexnet,40/60,vgg,bing,30/70,0.10508475,0.1724137931034483,0.04
58,bing,True,PGD,alexnet,40/60,vgg,bing,40/60,0.08813559,0.12413793103448276,0.05333333333333334
59,bing,True,PGD,alexnet,40/60,vgg,bing,50/50,0.08445946,0.0821917808219178,0.08666666666666667
60,bing,True,PGD,alexnet,40/60,alexnet,google,20/80,0.21666667,0.1,0.3333333333333333
61,bing,True,PGD,alexnet,40/60,alexnet,google,30/70,0.24333334,0.09333333333333334,0.3933333333333333
62,bing,True,PGD,alexnet,40/60,alexnet,google,40/60,0.26000002,0.08,0.44
63,bing,True,PGD,alexnet,40/60,alexnet,google,50/50,0.22666667,0.06666666666666667,0.38666666666666666
64,bing,True,PGD,alexnet,40/60,resnet,google,20/80,0.09666667,0.10666666666666667,0.08666666666666667
65,bing,True,PGD,alexnet,40/60,resnet,google,30/70,0.05,0.07333333333333333,0.02666666666666667
66,bing,True,PGD,alexnet,40/60,resnet,google,40/60,0.13333334,0.03333333333333333,0.23333333333333334
67,bing,True,PGD,alexnet,40/60,resnet,google,50/50,0.11666667,0.013333333333333334,0.22
68,bing,True,PGD,alexnet,40/60,vgg,google,20/80,0.120000005,0.22,0.02
69,bing,True,PGD,alexnet,40/60,vgg,google,30/70,0.10333334,0.17333333333333334,0.03333333333333333
70,bing,True,PGD,alexnet,40/60,vgg,google,40/60,0.083333336,0.1,0.06666666666666667
71,bing,True,PGD,alexnet,40/60,vgg,google,50/50,0.086666666,0.09333333333333334,0.08
72,bing,True,PGD,alexnet,50/50,alexnet,bing,20/80,0.18644068,0.10344827586206896,0.26666666666666666
73,bing,True,PGD,alexnet,50/50,alexnet,bing,30/70,0.13103448,0.07142857142857142,0.18666666666666668
74,bing,True,PGD,alexnet,50/50,alexnet,bing,40/60,0.2585034,0.04827586206896552,0.46308724832214765
75,bing,True,PGD,alexnet,50/50,alexnet,bing,50/50,0.28327644,0.020833333333333332,0.5369127516778524
76,bing,True,PGD,alexnet,50/50,resnet,bing,20/80,0.07167235,0.11888111888111888,0.02666666666666667
77,bing,True,PGD,alexnet,50/50,resnet,bing,30/70,0.051194537,0.06293706293706294,0.04
78,bing,True,PGD,alexnet,50/50,resnet,bing,40/60,0.094915256,0.0,0.18666666666666668
79,bing,True,PGD,alexnet,50/50,resnet,bing,50/50,0.118644066,0.0,0.23333333333333334
80,bing,True,PGD,alexnet,50/50,vgg,bing,20/80,0.17687075,0.3611111111111111,0.0
81,bing,True,PGD,alexnet,50/50,vgg,bing,30/70,0.098305084,0.1724137931034483,0.02666666666666667
82,bing,True,PGD,alexnet,50/50,vgg,bing,40/60,0.094915256,0.14482758620689656,0.04666666666666667
83,bing,True,PGD,alexnet,50/50,vgg,bing,50/50,0.081081085,0.07534246575342465,0.08666666666666667
84,bing,True,PGD,alexnet,50/50,alexnet,google,20/80,0.19,0.10666666666666667,0.2733333333333333
85,bing,True,PGD,alexnet,50/50,alexnet,google,30/70,0.26000002,0.10666666666666667,0.41333333333333333
86,bing,True,PGD,alexnet,50/50,alexnet,google,40/60,0.26000002,0.08,0.44
87,bing,True,PGD,alexnet,50/50,alexnet,google,50/50,0.24000001,0.06666666666666667,0.41333333333333333
88,bing,True,PGD,alexnet,50/50,resnet,google,20/80,0.07333334,0.08,0.06666666666666667
89,bing,True,PGD,alexnet,50/50,resnet,google,30/70,0.053333335,0.08,0.02666666666666667
90,bing,True,PGD,alexnet,50/50,resnet,google,40/60,0.14333333,0.03333333333333333,0.25333333333333335
91,bing,True,PGD,alexnet,50/50,resnet,google,50/50,0.10333334,0.013333333333333334,0.19333333333333333
92,bing,True,PGD,alexnet,50/50,vgg,google,20/80,0.13666667,0.24666666666666667,0.02666666666666667
93,bing,True,PGD,alexnet,50/50,vgg,google,30/70,0.10333334,0.18,0.02666666666666667
94,bing,True,PGD,alexnet,50/50,vgg,google,40/60,0.09,0.10666666666666667,0.07333333333333333
95,bing,True,PGD,alexnet,50/50,vgg,google,50/50,0.093333334,0.10666666666666667,0.08
96,bing,True,PGD,resnet,20/80,alexnet,bing,20/80,0.047457628,0.013793103448275862,0.08
97,bing,True,PGD,resnet,20/80,alexnet,bing,30/70,0.031034483,0.0,0.06
98,bing,True,PGD,resnet,20/80,alexnet,bing,40/60,0.08503401,0.0,0.16778523489932887
99,bing,True,PGD,resnet,20/80,alexnet,bing,50/50,0.09215017,0.0,0.18120805369127516
100,bing,True,PGD,resnet,20/80,resnet,bing,20/80,0.17406143,0.23076923076923078,0.12
101,bing,True,PGD,resnet,20/80,resnet,bing,30/70,0.13651876,0.1258741258741259,0.14666666666666667
102,bing,True,PGD,resnet,20/80,resnet,bing,40/60,0.25084746,0.0,0.49333333333333335
103,bing,True,PGD,resnet,20/80,resnet,bing,50/50,0.2338983,0.0,0.46
104,bing,True,PGD,resnet,20/80,vgg,bing,20/80,0.17006803,0.3333333333333333,0.013333333333333334
105,bing,True,PGD,resnet,20/80,vgg,bing,30/70,0.094915256,0.11724137931034483,0.07333333333333333
106,bing,True,PGD,resnet,20/80,vgg,bing,40/60,0.098305084,0.10344827586206896,0.09333333333333334
107,bing,True,PGD,resnet,20/80,vgg,bing,50/50,0.104729734,0.0684931506849315,0.14
108,bing,True,PGD,resnet,20/80,alexnet,google,20/80,0.05666667,0.02,0.09333333333333334
109,bing,True,PGD,resnet,20/80,alexnet,google,30/70,0.07666667,0.02666666666666667,0.12666666666666668
110,bing,True,PGD,resnet,20/80,alexnet,google,40/60,0.083333336,0.02,0.14666666666666667
111,bing,True,PGD,resnet,20/80,alexnet,google,50/50,0.093333334,0.02,0.16666666666666666
112,bing,True,PGD,resnet,20/80,resnet,google,20/80,0.23,0.16,0.3
113,bing,True,PGD,resnet,20/80,resnet,google,30/70,0.13333334,0.14,0.12666666666666668
114,bing,True,PGD,resnet,20/80,resnet,google,40/60,0.27,0.04,0.5
115,bing,True,PGD,resnet,20/80,resnet,google,50/50,0.21000001,0.03333333333333333,0.38666666666666666
116,bing,True,PGD,resnet,20/80,vgg,google,20/80,0.12666667,0.23333333333333334,0.02
117,bing,True,PGD,resnet,20/80,vgg,google,30/70,0.10333334,0.13333333333333333,0.07333333333333333
118,bing,True,PGD,resnet,20/80,vgg,google,40/60,0.123333335,0.10666666666666667,0.14
119,bing,True,PGD,resnet,20/80,vgg,google,50/50,0.123333335,0.12,0.12666666666666668
120,bing,True,PGD,resnet,30/70,alexnet,bing,20/80,0.037288137,0.006896551724137931,0.06666666666666667
121,bing,True,PGD,resnet,30/70,alexnet,bing,30/70,0.024137931,0.0,0.04666666666666667
122,bing,True,PGD,resnet,30/70,alexnet,bing,40/60,0.06462585,0.0,0.12751677852348994
123,bing,True,PGD,resnet,30/70,alexnet,bing,50/50,0.07167235,0.0,0.14093959731543623
124,bing,True,PGD,resnet,30/70,resnet,bing,20/80,0.12286689,0.18181818181818182,0.06666666666666667
125,bing,True,PGD,resnet,30/70,resnet,bing,30/70,0.18430033,0.17482517482517482,0.19333333333333333
126,bing,True,PGD,resnet,30/70,resnet,bing,40/60,0.25762713,0.020689655172413793,0.4866666666666667
127,bing,True,PGD,resnet,30/70,resnet,bing,50/50,0.21694915,0.006896551724137931,0.42
128,bing,True,PGD,resnet,30/70,vgg,bing,20/80,0.15646258,0.3055555555555556,0.013333333333333334
129,bing,True,PGD,resnet,30/70,vgg,bing,30/70,0.084745765,0.11724137931034483,0.05333333333333334
130,bing,True,PGD,resnet,30/70,vgg,bing,40/60,0.08813559,0.0896551724137931,0.08666666666666667
131,bing,True,PGD,resnet,30/70,vgg,bing,50/50,0.0777027,0.04794520547945205,0.10666666666666667
132,bing,True,PGD,resnet,30/70,alexnet,google,20/80,0.05,0.02666666666666667,0.07333333333333333
133,bing,True,PGD,resnet,30/70,alexnet,google,30/70,0.053333335,0.02666666666666667,0.08
134,bing,True,PGD,resnet,30/70,alexnet,google,40/60,0.06666667,0.02,0.11333333333333333
135,bing,True,PGD,resnet,30/70,alexnet,google,50/50,0.053333335,0.02,0.08666666666666667
136,bing,True,PGD,resnet,30/70,resnet,google,20/80,0.13666667,0.11333333333333333,0.16
137,bing,True,PGD,resnet,30/70,resnet,google,30/70,0.16,0.16,0.16
138,bing,True,PGD,resnet,30/70,resnet,google,40/60,0.24666667,0.04666666666666667,0.44666666666666666
139,bing,True,PGD,resnet,30/70,resnet,google,50/50,0.18666667,0.02666666666666667,0.3466666666666667
140,bing,True,PGD,resnet,30/70,vgg,google,20/80,0.13000001,0.21333333333333335,0.04666666666666667
141,bing,True,PGD,resnet,30/70,vgg,google,30/70,0.10666667,0.15333333333333332,0.06
142,bing,True,PGD,resnet,30/70,vgg,google,40/60,0.086666666,0.08666666666666667,0.08666666666666667
143,bing,True,PGD,resnet,30/70,vgg,google,50/50,0.1,0.09333333333333334,0.10666666666666667
144,bing,True,PGD,resnet,40/60,alexnet,bing,20/80,0.050847456,0.013793103448275862,0.08666666666666667
145,bing,True,PGD,resnet,40/60,alexnet,bing,30/70,0.031034483,0.0,0.06
146,bing,True,PGD,resnet,40/60,alexnet,bing,40/60,0.09863945,0.0,0.19463087248322147
147,bing,True,PGD,resnet,40/60,alexnet,bing,50/50,0.11945392,0.0,0.2348993288590604
148,bing,True,PGD,resnet,40/60,resnet,bing,20/80,0.1433447,0.21678321678321677,0.07333333333333333
149,bing,True,PGD,resnet,40/60,resnet,bing,30/70,0.16040955,0.15384615384615385,0.16666666666666666
150,bing,True,PGD,resnet,40/60,resnet,bing,40/60,0.3322034,0.041379310344827586,0.6133333333333333
151,bing,True,PGD,resnet,40/60,resnet,bing,50/50,0.26440677,0.013793103448275862,0.5066666666666667
152,bing,True,PGD,resnet,40/60,vgg,bing,20/80,0.19047618,0.375,0.013333333333333334
153,bing,True,PGD,resnet,40/60,vgg,bing,30/70,0.11525424,0.15172413793103448,0.08
154,bing,True,PGD,resnet,40/60,vgg,bing,40/60,0.12542373,0.11724137931034483,0.13333333333333333
155,bing,True,PGD,resnet,40/60,vgg,bing,50/50,0.125,0.06164383561643835,0.18666666666666668
156,bing,True,PGD,resnet,40/60,alexnet,google,20/80,0.06333333,0.02666666666666667,0.1
157,bing,True,PGD,resnet,40/60,alexnet,google,30/70,0.09,0.02666666666666667,0.15333333333333332
158,bing,True,PGD,resnet,40/60,alexnet,google,40/60,0.120000005,0.02,0.22
159,bing,True,PGD,resnet,40/60,alexnet,google,50/50,0.09666667,0.02,0.17333333333333334
160,bing,True,PGD,resnet,40/60,resnet,google,20/80,0.18333334,0.14,0.22666666666666666
161,bing,True,PGD,resnet,40/60,resnet,google,30/70,0.16666667,0.18,0.15333333333333332
162,bing,True,PGD,resnet,40/60,resnet,google,40/60,0.34,0.09333333333333334,0.5866666666666667
163,bing,True,PGD,resnet,40/60,resnet,google,50/50,0.22666667,0.03333333333333333,0.42
164,bing,True,PGD,resnet,40/60,vgg,google,20/80,0.15,0.25333333333333335,0.04666666666666667
165,bing,True,PGD,resnet,40/60,vgg,google,30/70,0.12666667,0.17333333333333334,0.08
166,bing,True,PGD,resnet,40/60,vgg,google,40/60,0.12666667,0.11333333333333333,0.14
167,bing,True,PGD,resnet,40/60,vgg,google,50/50,0.12666667,0.11333333333333333,0.14
168,bing,True,PGD,resnet,50/50,alexnet,bing,20/80,0.044067796,0.006896551724137931,0.08
169,bing,True,PGD,resnet,50/50,alexnet,bing,30/70,0.031034483,0.0,0.06
170,bing,True,PGD,resnet,50/50,alexnet,bing,40/60,0.09523809,0.0,0.18791946308724833
171,bing,True,PGD,resnet,50/50,alexnet,bing,50/50,0.105802044,0.0,0.2080536912751678
172,bing,True,PGD,resnet,50/50,resnet,bing,20/80,0.11604095,0.17482517482517482,0.06
173,bing,True,PGD,resnet,50/50,resnet,bing,30/70,0.11945392,0.1048951048951049,0.13333333333333333
174,bing,True,PGD,resnet,50/50,resnet,bing,40/60,0.30508474,0.041379310344827586,0.56
175,bing,True,PGD,resnet,50/50,resnet,bing,50/50,0.2983051,0.020689655172413793,0.5666666666666667
176,bing,True,PGD,resnet,50/50,vgg,bing,20/80,0.18367347,0.3611111111111111,0.013333333333333334
177,bing,True,PGD,resnet,50/50,vgg,bing,30/70,0.10508475,0.15862068965517243,0.05333333333333334
178,bing,True,PGD,resnet,50/50,vgg,bing,40/60,0.13220339,0.12413793103448276,0.14
179,bing,True,PGD,resnet,50/50,vgg,bing,50/50,0.11148649,0.0684931506849315,0.15333333333333332
180,bing,True,PGD,resnet,50/50,alexnet,google,20/80,0.06333333,0.02,0.10666666666666667
181,bing,True,PGD,resnet,50/50,alexnet,google,30/70,0.08,0.02666666666666667,0.13333333333333333
182,bing,True,PGD,resnet,50/50,alexnet,google,40/60,0.1,0.02,0.18
183,bing,True,PGD,resnet,50/50,alexnet,google,50/50,0.09,0.02,0.16
184,bing,True,PGD,resnet,50/50,resnet,google,20/80,0.18,0.14,0.22
185,bing,True,PGD,resnet,50/50,resnet,google,30/70,0.13000001,0.12,0.14
186,bing,True,PGD,resnet,50/50,resnet,google,40/60,0.30333334,0.07333333333333333,0.5333333333333333
187,bing,True,PGD,resnet,50/50,resnet,google,50/50,0.25666666,0.04666666666666667,0.4666666666666667
188,bing,True,PGD,resnet,50/50,vgg,google,20/80,0.14,0.24,0.04
189,bing,True,PGD,resnet,50/50,vgg,google,30/70,0.11666667,0.16,0.07333333333333333
190,bing,True,PGD,resnet,50/50,vgg,google,40/60,0.13666667,0.12,0.15333333333333332
191,bing,True,PGD,resnet,50/50,vgg,google,50/50,0.13666667,0.12666666666666668,0.14666666666666667
192,bing,True,PGD,vgg,20/80,alexnet,bing,20/80,0.033898305,0.006896551724137931,0.06
193,bing,True,PGD,vgg,20/80,alexnet,bing,30/70,0.024137931,0.0,0.04666666666666667
194,bing,True,PGD,vgg,20/80,alexnet,bing,40/60,0.07142857,0.0,0.14093959731543623
195,bing,True,PGD,vgg,20/80,alexnet,bing,50/50,0.098976105,0.0,0.19463087248322147
196,bing,True,PGD,vgg,20/80,resnet,bing,20/80,0.030716723,0.04895104895104895,0.013333333333333334
197,bing,True,PGD,vgg,20/80,resnet,bing,30/70,0.023890784,0.013986013986013986,0.03333333333333333
198,bing,True,PGD,vgg,20/80,resnet,bing,40/60,0.09152542,0.0,0.18
199,bing,True,PGD,vgg,20/80,resnet,bing,50/50,0.108474575,0.0,0.21333333333333335
200,bing,True,PGD,vgg,20/80,vgg,bing,20/80,0.21088435,0.4097222222222222,0.02
201,bing,True,PGD,vgg,20/80,vgg,bing,30/70,0.17627119,0.20689655172413793,0.14666666666666667
202,bing,True,PGD,vgg,20/80,vgg,bing,40/60,0.18983051,0.14482758620689656,0.23333333333333334
203,bing,True,PGD,vgg,20/80,vgg,bing,50/50,0.19932432,0.10273972602739725,0.29333333333333333
204,bing,True,PGD,vgg,20/80,alexnet,google,20/80,0.060000002,0.02,0.1
205,bing,True,PGD,vgg,20/80,alexnet,google,30/70,0.07,0.02666666666666667,0.11333333333333333
206,bing,True,PGD,vgg,20/80,alexnet,google,40/60,0.083333336,0.02,0.14666666666666667
207,bing,True,PGD,vgg,20/80,alexnet,google,50/50,0.09,0.02,0.16
208,bing,True,PGD,vgg,20/80,resnet,google,20/80,0.053333335,0.06,0.04666666666666667
209,bing,True,PGD,vgg,20/80,resnet,google,30/70,0.046666667,0.05333333333333334,0.04
210,bing,True,PGD,vgg,20/80,resnet,google,40/60,0.10666667,0.02,0.19333333333333333
211,bing,True,PGD,vgg,20/80,resnet,google,50/50,0.1,0.013333333333333334,0.18666666666666668
212,bing,True,PGD,vgg,20/80,vgg,google,20/80,0.21000001,0.3,0.12
213,bing,True,PGD,vgg,20/80,vgg,google,30/70,0.17,0.2,0.14
214,bing,True,PGD,vgg,20/80,vgg,google,40/60,0.20333333,0.14666666666666667,0.26
215,bing,True,PGD,vgg,20/80,vgg,google,50/50,0.19666667,0.16,0.23333333333333334
216,bing,True,PGD,vgg,30/70,alexnet,bing,20/80,0.030508474,0.006896551724137931,0.05333333333333334
217,bing,True,PGD,vgg,30/70,alexnet,bing,30/70,0.020689655,0.0,0.04
218,bing,True,PGD,vgg,30/70,alexnet,bing,40/60,0.051020406,0.0,0.10067114093959731
219,bing,True,PGD,vgg,30/70,alexnet,bing,50/50,0.07167235,0.0,0.14093959731543623
220,bing,True,PGD,vgg,30/70,resnet,bing,20/80,0.03412969,0.055944055944055944,0.013333333333333334
221,bing,True,PGD,vgg,30/70,resnet,bing,30/70,0.017064845,0.013986013986013986,0.02
222,bing,True,PGD,vgg,30/70,resnet,bing,40/60,0.07118644,0.0,0.14
223,bing,True,PGD,vgg,30/70,resnet,bing,50/50,0.094915256,0.0,0.18666666666666668
224,bing,True,PGD,vgg,30/70,vgg,bing,20/80,0.21088435,0.4166666666666667,0.013333333333333334
225,bing,True,PGD,vgg,30/70,vgg,bing,30/70,0.19661017,0.23448275862068965,0.16
226,bing,True,PGD,vgg,30/70,vgg,bing,40/60,0.2,0.1793103448275862,0.22
227,bing,True,PGD,vgg,30/70,vgg,bing,50/50,0.19932432,0.1506849315068493,0.24666666666666667
228,bing,True,PGD,vgg,30/70,alexnet,google,20/80,0.04,0.02,0.06
229,bing,True,PGD,vgg,30/70,alexnet,google,30/70,0.043333333,0.02666666666666667,0.06
230,bing,True,PGD,vgg,30/70,alexnet,google,40/60,0.06333333,0.02,0.10666666666666667
231,bing,True,PGD,vgg,30/70,alexnet,google,50/50,0.05666667,0.02,0.09333333333333334
232,bing,True,PGD,vgg,30/70,resnet,google,20/80,0.05666667,0.06666666666666667,0.04666666666666667
233,bing,True,PGD,vgg,30/70,resnet,google,30/70,0.04,0.05333333333333334,0.02666666666666667
234,bing,True,PGD,vgg,30/70,resnet,google,40/60,0.093333334,0.02,0.16666666666666666
235,bing,True,PGD,vgg,30/70,resnet,google,50/50,0.093333334,0.013333333333333334,0.17333333333333334
236,bing,True,PGD,vgg,30/70,vgg,google,20/80,0.19,0.31333333333333335,0.06666666666666667
237,bing,True,PGD,vgg,30/70,vgg,google,30/70,0.15666667,0.21333333333333335,0.1
238,bing,True,PGD,vgg,30/70,vgg,google,40/60,0.2,0.16,0.24
239,bing,True,PGD,vgg,30/70,vgg,google,50/50,0.19333334,0.18,0.20666666666666667
240,bing,True,PGD,vgg,40/60,alexnet,bing,20/80,0.033898305,0.006896551724137931,0.06
241,bing,True,PGD,vgg,40/60,alexnet,bing,30/70,0.024137931,0.0,0.04666666666666667
242,bing,True,PGD,vgg,40/60,alexnet,bing,40/60,0.06802721,0.0,0.1342281879194631
243,bing,True,PGD,vgg,40/60,alexnet,bing,50/50,0.09215017,0.0,0.18120805369127516
244,bing,True,PGD,vgg,40/60,resnet,bing,20/80,0.03412969,0.055944055944055944,0.013333333333333334
245,bing,True,PGD,vgg,40/60,resnet,bing,30/70,0.020477815,0.02097902097902098,0.02
246,bing,True,PGD,vgg,40/60,resnet,bing,40/60,0.08135593,0.0,0.16
247,bing,True,PGD,vgg,40/60,resnet,bing,50/50,0.10169491,0.0,0.2
248,bing,True,PGD,vgg,40/60,vgg,bing,20/80,0.2244898,0.4375,0.02
249,bing,True,PGD,vgg,40/60,vgg,bing,30/70,0.18644068,0.2413793103448276,0.13333333333333333
250,bing,True,PGD,vgg,40/60,vgg,bing,40/60,0.23050848,0.20689655172413793,0.25333333333333335
251,bing,True,PGD,vgg,40/60,vgg,bing,50/50,0.18581082,0.1232876712328767,0.24666666666666667
252,bing,True,PGD,vgg,40/60,alexnet,google,20/80,0.053333335,0.02,0.08666666666666667
253,bing,True,PGD,vgg,40/60,alexnet,google,30/70,0.06666667,0.02666666666666667,0.10666666666666667
254,bing,True,PGD,vgg,40/60,alexnet,google,40/60,0.07666667,0.02,0.13333333333333333
255,bing,True,PGD,vgg,40/60,alexnet,google,50/50,0.08,0.02,0.14
256,bing,True,PGD,vgg,40/60,resnet,google,20/80,0.05666667,0.07333333333333333,0.04
257,bing,True,PGD,vgg,40/60,resnet,google,30/70,0.03666667,0.05333333333333334,0.02
258,bing,True,PGD,vgg,40/60,resnet,google,40/60,0.1,0.02,0.18
259,bing,True,PGD,vgg,40/60,resnet,google,50/50,0.10333334,0.013333333333333334,0.19333333333333333
260,bing,True,PGD,vgg,40/60,vgg,google,20/80,0.19,0.30666666666666664,0.07333333333333333
261,bing,True,PGD,vgg,40/60,vgg,google,30/70,0.16333334,0.22,0.10666666666666667
262,bing,True,PGD,vgg,40/60,vgg,google,40/60,0.21000001,0.16666666666666666,0.25333333333333335
263,bing,True,PGD,vgg,40/60,vgg,google,50/50,0.19,0.18666666666666668,0.19333333333333333
264,bing,True,PGD,vgg,50/50,alexnet,bing,20/80,0.030508474,0.006896551724137931,0.05333333333333334
265,bing,True,PGD,vgg,50/50,alexnet,bing,30/70,0.024137931,0.0,0.04666666666666667
266,bing,True,PGD,vgg,50/50,alexnet,bing,40/60,0.05782313,0.0,0.11409395973154363
267,bing,True,PGD,vgg,50/50,alexnet,bing,50/50,0.06825938,0.0,0.1342281879194631
268,bing,True,PGD,vgg,50/50,resnet,bing,20/80,0.03412969,0.055944055944055944,0.013333333333333334
269,bing,True,PGD,vgg,50/50,resnet,bing,30/70,0.020477815,0.02097902097902098,0.02
270,bing,True,PGD,vgg,50/50,resnet,bing,40/60,0.07457627,0.0,0.14666666666666667
271,bing,True,PGD,vgg,50/50,resnet,bing,50/50,0.10508475,0.0,0.20666666666666667
272,bing,True,PGD,vgg,50/50,vgg,bing,20/80,0.1972789,0.3888888888888889,0.013333333333333334
273,bing,True,PGD,vgg,50/50,vgg,bing,30/70,0.16271186,0.23448275862068965,0.09333333333333334
274,bing,True,PGD,vgg,50/50,vgg,bing,40/60,0.20338982,0.21379310344827587,0.19333333333333333
275,bing,True,PGD,vgg,50/50,vgg,bing,50/50,0.21283785,0.15753424657534246,0.26666666666666666
276,bing,True,PGD,vgg,50/50,alexnet,google,20/80,0.046666667,0.02666666666666667,0.06666666666666667
277,bing,True,PGD,vgg,50/50,alexnet,google,30/70,0.05666667,0.02666666666666667,0.08666666666666667
278,bing,True,PGD,vgg,50/50,alexnet,google,40/60,0.06666667,0.02,0.11333333333333333
279,bing,True,PGD,vgg,50/50,alexnet,google,50/50,0.06333333,0.02,0.10666666666666667
280,bing,True,PGD,vgg,50/50,resnet,google,20/80,0.053333335,0.07333333333333333,0.03333333333333333
281,bing,True,PGD,vgg,50/50,resnet,google,30/70,0.04,0.05333333333333334,0.02666666666666667
282,bing,True,PGD,vgg,50/50,resnet,google,40/60,0.083333336,0.02,0.14666666666666667
283,bing,True,PGD,vgg,50/50,resnet,google,50/50,0.09666667,0.013333333333333334,0.18
284,bing,True,PGD,vgg,50/50,vgg,google,20/80,0.19333334,0.32,0.06666666666666667
285,bing,True,PGD,vgg,50/50,vgg,google,30/70,0.16666667,0.25333333333333335,0.08
286,bing,True,PGD,vgg,50/50,vgg,google,40/60,0.20333333,0.20666666666666667,0.2
287,bing,True,PGD,vgg,50/50,vgg,google,50/50,0.19333334,0.21333333333333335,0.17333333333333334
288,google,True,PGD,alexnet,20/80,alexnet,bing,20/80,0.14,0.02666666666666667,0.25333333333333335
289,google,True,PGD,alexnet,20/80,alexnet,bing,30/70,0.10666667,0.02,0.19333333333333333
290,google,True,PGD,alexnet,20/80,alexnet,bing,40/60,0.26666668,0.02,0.5133333333333333
291,google,True,PGD,alexnet,20/80,alexnet,bing,50/50,0.28666666,0.013333333333333334,0.56
292,google,True,PGD,alexnet,20/80,resnet,bing,20/80,0.046666667,0.04,0.05333333333333334
293,google,True,PGD,alexnet,20/80,resnet,bing,30/70,0.046666667,0.013333333333333334,0.08
294,google,True,PGD,alexnet,20/80,resnet,bing,40/60,0.16333334,0.006666666666666667,0.32
295,google,True,PGD,alexnet,20/80,resnet,bing,50/50,0.19,0.0,0.38
296,google,True,PGD,alexnet,20/80,vgg,bing,20/80,0.04,0.07333333333333333,0.006666666666666667
297,google,True,PGD,alexnet,20/80,vgg,bing,30/70,0.053333335,0.02666666666666667,0.08
298,google,True,PGD,alexnet,20/80,vgg,bing,40/60,0.060000002,0.013333333333333334,0.10666666666666667
299,google,True,PGD,alexnet,20/80,vgg,bing,50/50,0.086666666,0.013333333333333334,0.16
300,google,True,PGD,alexnet,20/80,alexnet,google,20/80,0.24067797,0.006896551724137931,0.4666666666666667
301,google,True,PGD,alexnet,20/80,alexnet,google,30/70,0.23050848,0.0,0.4594594594594595
302,google,True,PGD,alexnet,20/80,alexnet,google,40/60,0.27118644,0.006756756756756757,0.5374149659863946
303,google,True,PGD,alexnet,20/80,alexnet,google,50/50,0.23232323,0.006666666666666667,0.46258503401360546
304,google,True,PGD,alexnet,20/80,resnet,google,20/80,0.097972974,0.0,0.19333333333333333
305,google,True,PGD,alexnet,20/80,resnet,google,30/70,0.04026846,0.0,0.08
306,google,True,PGD,alexnet,20/80,resnet,google,40/60,0.16161616,0.0,0.32432432432432434
307,google,True,PGD,alexnet,20/80,resnet,google,50/50,0.1418919,0.0,0.2857142857142857
308,google,True,PGD,alexnet,20/80,vgg,google,20/80,0.04040404,0.034013605442176874,0.04666666666666667
309,google,True,PGD,alexnet,20/80,vgg,google,30/70,0.056856185,0.006711409395973154,0.10666666666666667
310,google,True,PGD,alexnet,20/80,vgg,google,40/60,0.077181205,0.006711409395973154,0.1476510067114094
311,google,True,PGD,alexnet,20/80,vgg,google,50/50,0.087248325,0.006711409395973154,0.16778523489932887
312,google,True,PGD,alexnet,30/70,alexnet,bing,20/80,0.14,0.03333333333333333,0.24666666666666667
313,google,True,PGD,alexnet,30/70,alexnet,bing,30/70,0.12666667,0.03333333333333333,0.22
314,google,True,PGD,alexnet,30/70,alexnet,bing,40/60,0.27666667,0.013333333333333334,0.54
315,google,True,PGD,alexnet,30/70,alexnet,bing,50/50,0.29000002,0.013333333333333334,0.5666666666666667
316,google,True,PGD,alexnet,30/70,resnet,bing,20/80,0.06333333,0.04666666666666667,0.08
317,google,True,PGD,alexnet,30/70,resnet,bing,30/70,0.05666667,0.03333333333333333,0.08
318,google,True,PGD,alexnet,30/70,resnet,bing,40/60,0.17,0.0,0.34
319,google,True,PGD,alexnet,30/70,resnet,bing,50/50,0.19333334,0.0,0.38666666666666666
320,google,True,PGD,alexnet,30/70,vgg,bing,20/80,0.043333333,0.06666666666666667,0.02
321,google,True,PGD,alexnet,30/70,vgg,bing,30/70,0.053333335,0.013333333333333334,0.09333333333333334
322,google,True,PGD,alexnet,30/70,vgg,bing,40/60,0.06666667,0.006666666666666667,0.12666666666666668
323,google,True,PGD,alexnet,30/70,vgg,bing,50/50,0.086666666,0.006666666666666667,0.16666666666666666
324,google,True,PGD,alexnet,30/70,alexnet,google,20/80,0.23728813,0.006896551724137931,0.46
325,google,True,PGD,alexnet,30/70,alexnet,google,30/70,0.26101694,0.0,0.5202702702702703
326,google,True,PGD,alexnet,30/70,alexnet,google,40/60,0.28135592,0.006756756756756757,0.5578231292517006
327,google,True,PGD,alexnet,30/70,alexnet,google,50/50,0.24579124,0.013333333333333334,0.48299319727891155
328,google,True,PGD,alexnet,30/70,resnet,google,20/80,0.0945946,0.0,0.18666666666666668
329,google,True,PGD,alexnet,30/70,resnet,google,30/70,0.046979867,0.006756756756756757,0.08666666666666667
330,google,True,PGD,alexnet,30/70,resnet,google,40/60,0.16835016,0.0,0.33783783783783783
331,google,True,PGD,alexnet,30/70,resnet,google,50/50,0.1418919,0.0,0.2857142857142857
332,google,True,PGD,alexnet,30/70,vgg,google,20/80,0.05050505,0.02040816326530612,0.08
333,google,True,PGD,alexnet,30/70,vgg,google,30/70,0.06020067,0.0,0.12
334,google,True,PGD,alexnet,30/70,vgg,google,40/60,0.08053692,0.0,0.1610738255033557
335,google,True,PGD,alexnet,30/70,vgg,google,50/50,0.08389262,0.0,0.16778523489932887
336,google,True,PGD,alexnet,40/60,alexnet,bing,20/80,0.14666668,0.03333333333333333,0.26
337,google,True,PGD,alexnet,40/60,alexnet,bing,30/70,0.120000005,0.04,0.2
338,google,True,PGD,alexnet,40/60,alexnet,bing,40/60,0.27666667,0.013333333333333334,0.54
339,google,True,PGD,alexnet,40/60,alexnet,bing,50/50,0.28333333,0.013333333333333334,0.5533333333333333
340,google,True,PGD,alexnet,40/60,resnet,bing,20/80,0.05666667,0.05333333333333334,0.06
341,google,True,PGD,alexnet,40/60,resnet,bing,30/70,0.053333335,0.02666666666666667,0.08
342,google,True,PGD,alexnet,40/60,resnet,bing,40/60,0.16333334,0.006666666666666667,0.32
343,google,True,PGD,alexnet,40/60,resnet,bing,50/50,0.19333334,0.0,0.38666666666666666
344,google,True,PGD,alexnet,40/60,vgg,bing,20/80,0.046666667,0.08666666666666667,0.006666666666666667
345,google,True,PGD,alexnet,40/60,vgg,bing,30/70,0.05666667,0.03333333333333333,0.08
346,google,True,PGD,alexnet,40/60,vgg,bing,40/60,0.05666667,0.013333333333333334,0.1
347,google,True,PGD,alexnet,40/60,vgg,bing,50/50,0.09,0.013333333333333334,0.16666666666666666
348,google,True,PGD,alexnet,40/60,alexnet,google,20/80,0.21355931,0.013793103448275862,0.4066666666666667
349,google,True,PGD,alexnet,40/60,alexnet,google,30/70,0.23728813,0.006802721088435374,0.46621621621621623
350,google,True,PGD,alexnet,40/60,alexnet,google,40/60,0.27457628,0.013513513513513514,0.5374149659863946
351,google,True,PGD,alexnet,40/60,alexnet,google,50/50,0.23569024,0.013333333333333334,0.46258503401360546
352,google,True,PGD,alexnet,40/60,resnet,google,20/80,0.08783784,0.0,0.17333333333333334
353,google,True,PGD,alexnet,40/60,resnet,google,30/70,0.05033557,0.006756756756756757,0.09333333333333334
354,google,True,PGD,alexnet,40/60,resnet,google,40/60,0.16498317,0.0,0.3310810810810811
355,google,True,PGD,alexnet,40/60,resnet,google,50/50,0.14527027,0.0,0.2925170068027211
356,google,True,PGD,alexnet,40/60,vgg,google,20/80,0.033670034,0.027210884353741496,0.04
357,google,True,PGD,alexnet,40/60,vgg,google,30/70,0.06020067,0.013422818791946308,0.10666666666666667
358,google,True,PGD,alexnet,40/60,vgg,google,40/60,0.077181205,0.006711409395973154,0.1476510067114094
359,google,True,PGD,alexnet,40/60,vgg,google,50/50,0.087248325,0.006711409395973154,0.16778523489932887
360,google,True,PGD,alexnet,50/50,alexnet,bing,20/80,0.13333334,0.02666666666666667,0.24
361,google,True,PGD,alexnet,50/50,alexnet,bing,30/70,0.11,0.02666666666666667,0.19333333333333333
362,google,True,PGD,alexnet,50/50,alexnet,bing,40/60,0.25666666,0.013333333333333334,0.5
363,google,True,PGD,alexnet,50/50,alexnet,bing,50/50,0.27666667,0.013333333333333334,0.54
364,google,True,PGD,alexnet,50/50,resnet,bing,20/80,0.046666667,0.03333333333333333,0.06
365,google,True,PGD,alexnet,50/50,resnet,bing,30/70,0.043333333,0.02,0.06666666666666667
366,google,True,PGD,alexnet,50/50,resnet,bing,40/60,0.17,0.006666666666666667,0.3333333333333333
367,google,True,PGD,alexnet,50/50,resnet,bing,50/50,0.18,0.0,0.36
368,google,True,PGD,alexnet,50/50,vgg,bing,20/80,0.04,0.07333333333333333,0.006666666666666667
369,google,True,PGD,alexnet,50/50,vgg,bing,30/70,0.05,0.02,0.08
370,google,True,PGD,alexnet,50/50,vgg,bing,40/60,0.06333333,0.013333333333333334,0.11333333333333333
371,google,True,PGD,alexnet,50/50,vgg,bing,50/50,0.086666666,0.013333333333333334,0.16
372,google,True,PGD,alexnet,50/50,alexnet,google,20/80,0.19322033,0.006896551724137931,0.37333333333333335
373,google,True,PGD,alexnet,50/50,alexnet,google,30/70,0.21355931,0.0,0.42567567567567566
374,google,True,PGD,alexnet,50/50,alexnet,google,40/60,0.26101694,0.006756756756756757,0.5170068027210885
375,google,True,PGD,alexnet,50/50,alexnet,google,50/50,0.24579124,0.013333333333333334,0.48299319727891155
376,google,True,PGD,alexnet,50/50,resnet,google,20/80,0.08445946,0.0,0.16666666666666666
377,google,True,PGD,alexnet,50/50,resnet,google,30/70,0.04026846,0.006756756756756757,0.07333333333333333
378,google,True,PGD,alexnet,50/50,resnet,google,40/60,0.16161616,0.0,0.32432432432432434
379,google,True,PGD,alexnet,50/50,resnet,google,50/50,0.1418919,0.0,0.2857142857142857
380,google,True,PGD,alexnet,50/50,vgg,google,20/80,0.023569023,0.02040816326530612,0.02666666666666667
381,google,True,PGD,alexnet,50/50,vgg,google,30/70,0.06020067,0.013422818791946308,0.10666666666666667
382,google,True,PGD,alexnet,50/50,vgg,google,40/60,0.087248325,0.006711409395973154,0.16778523489932887
383,google,True,PGD,alexnet,50/50,vgg,google,50/50,0.09060403,0.006711409395973154,0.174496644295302
384,google,True,PGD,resnet,20/80,alexnet,bing,20/80,0.046666667,0.006666666666666667,0.08666666666666667
385,google,True,PGD,resnet,20/80,alexnet,bing,30/70,0.026666667,0.0,0.05333333333333334
386,google,True,PGD,resnet,20/80,alexnet,bing,40/60,0.13000001,0.006666666666666667,0.25333333333333335
387,google,True,PGD,resnet,20/80,alexnet,bing,50/50,0.16333334,0.0,0.32666666666666666
388,google,True,PGD,resnet,20/80,resnet,bing,20/80,0.120000005,0.1,0.14
389,google,True,PGD,resnet,20/80,resnet,bing,30/70,0.093333334,0.04666666666666667,0.14
390,google,True,PGD,resnet,20/80,resnet,bing,40/60,0.24666667,0.006666666666666667,0.4866666666666667
391,google,True,PGD,resnet,20/80,resnet,bing,50/50,0.25666666,0.006666666666666667,0.5066666666666667
392,google,True,PGD,resnet,20/80,vgg,bing,20/80,0.05,0.09333333333333334,0.006666666666666667
393,google,True,PGD,resnet,20/80,vgg,bing,30/70,0.06333333,0.02,0.10666666666666667
394,google,True,PGD,resnet,20/80,vgg,bing,40/60,0.08,0.02,0.14
395,google,True,PGD,resnet,20/80,vgg,bing,50/50,0.10666667,0.013333333333333334,0.2
396,google,True,PGD,resnet,20/80,alexnet,google,20/80,0.08813559,0.0,0.17333333333333334
397,google,True,PGD,resnet,20/80,alexnet,google,30/70,0.13898306,0.0,0.27702702702702703
398,google,True,PGD,resnet,20/80,alexnet,google,40/60,0.13898306,0.006756756756756757,0.272108843537415
399,google,True,PGD,resnet,20/80,alexnet,google,50/50,0.13468014,0.0,0.272108843537415
400,google,True,PGD,resnet,20/80,resnet,google,20/80,0.21621622,0.0410958904109589,0.38666666666666666
401,google,True,PGD,resnet,20/80,resnet,google,30/70,0.11744966,0.02702702702702703,0.20666666666666667
402,google,True,PGD,resnet,20/80,resnet,google,40/60,0.24242423,0.0,0.4864864864864865
403,google,True,PGD,resnet,20/80,resnet,google,50/50,0.2027027,0.0,0.40816326530612246
404,google,True,PGD,resnet,20/80,vgg,google,20/80,0.053872053,0.027210884353741496,0.08
405,google,True,PGD,resnet,20/80,vgg,google,30/70,0.08695652,0.013422818791946308,0.16
406,google,True,PGD,resnet,20/80,vgg,google,40/60,0.10402685,0.006711409395973154,0.20134228187919462
407,google,True,PGD,resnet,20/80,vgg,google,50/50,0.09731544,0.006711409395973154,0.18791946308724833
408,google,True,PGD,resnet,30/70,alexnet,bing,20/80,0.04,0.013333333333333334,0.06666666666666667
409,google,True,PGD,resnet,30/70,alexnet,bing,30/70,0.030000001,0.013333333333333334,0.04666666666666667
410,google,True,PGD,resnet,30/70,alexnet,bing,40/60,0.11333334,0.006666666666666667,0.22
411,google,True,PGD,resnet,30/70,alexnet,bing,50/50,0.13666667,0.006666666666666667,0.26666666666666666
412,google,True,PGD,resnet,30/70,resnet,bing,20/80,0.11333334,0.08666666666666667,0.14
413,google,True,PGD,resnet,30/70,resnet,bing,30/70,0.14,0.05333333333333334,0.22666666666666666
414,google,True,PGD,resnet,30/70,resnet,bing,40/60,0.26333335,0.006666666666666667,0.52
415,google,True,PGD,resnet,30/70,resnet,bing,50/50,0.26666668,0.0,0.5333333333333333
416,google,True,PGD,resnet,30/70,vgg,bing,20/80,0.053333335,0.09333333333333334,0.013333333333333334
417,google,True,PGD,resnet,30/70,vgg,bing,30/70,0.07666667,0.04,0.11333333333333333
418,google,True,PGD,resnet,30/70,vgg,bing,40/60,0.086666666,0.02666666666666667,0.14666666666666667
419,google,True,PGD,resnet,30/70,vgg,bing,50/50,0.11666667,0.013333333333333334,0.22
420,google,True,PGD,resnet,30/70,alexnet,google,20/80,0.08813559,0.0,0.17333333333333334
421,google,True,PGD,resnet,30/70,alexnet,google,30/70,0.108474575,0.0,0.21621621621621623
422,google,True,PGD,resnet,30/70,alexnet,google,40/60,0.13220339,0.006756756756756757,0.2585034013605442
423,google,True,PGD,resnet,30/70,alexnet,google,50/50,0.12794612,0.0,0.2585034013605442
424,google,True,PGD,resnet,30/70,resnet,google,20/80,0.15202703,0.0136986301369863,0.2866666666666667
425,google,True,PGD,resnet,30/70,resnet,google,30/70,0.17114094,0.0472972972972973,0.29333333333333333
426,google,True,PGD,resnet,30/70,resnet,google,40/60,0.26599327,0.006711409395973154,0.527027027027027
427,google,True,PGD,resnet,30/70,resnet,google,50/50,0.20608109,0.0,0.41496598639455784
428,google,True,PGD,resnet,30/70,vgg,google,20/80,0.06060606,0.034013605442176874,0.08666666666666667
429,google,True,PGD,resnet,30/70,vgg,google,30/70,0.08361204,0.013422818791946308,0.15333333333333332
430,google,True,PGD,resnet,30/70,vgg,google,40/60,0.093959734,0.006711409395973154,0.18120805369127516
431,google,True,PGD,resnet,30/70,vgg,google,50/50,0.10738255,0.013422818791946308,0.20134228187919462
432,google,True,PGD,resnet,40/60,alexnet,bing,20/80,0.053333335,0.006666666666666667,0.1
433,google,True,PGD,resnet,40/60,alexnet,bing,30/70,0.04,0.013333333333333334,0.06666666666666667
434,google,True,PGD,resnet,40/60,alexnet,bing,40/60,0.15666667,0.006666666666666667,0.30666666666666664
435,google,True,PGD,resnet,40/60,alexnet,bing,50/50,0.17333333,0.0,0.3466666666666667
436,google,True,PGD,resnet,40/60,resnet,bing,20/80,0.14,0.09333333333333334,0.18666666666666668
437,google,True,PGD,resnet,40/60,resnet,bing,30/70,0.120000005,0.04,0.2
438,google,True,PGD,resnet,40/60,resnet,bing,40/60,0.31333333,0.02666666666666667,0.6
439,google,True,PGD,resnet,40/60,resnet,bing,50/50,0.29333335,0.0,0.5866666666666667
440,google,True,PGD,resnet,40/60,vgg,bing,20/80,0.060000002,0.10666666666666667,0.013333333333333334
