,source_dataset,isMath,attack,source_model,source_balancing,target_model,target_dataset,target_balancing,asr,asr_0,asr_1
0,bing,True,RFGSM,alexnet,20/80,alexnet,bing,20/80,0.1802721,0.25,0.11333333333333333
1,bing,True,RFGSM,alexnet,20/80,alexnet,bing,30/70,0.096551724,0.15714285714285714,0.04
2,bing,True,RFGSM,alexnet,20/80,alexnet,bing,40/60,0.12244898,0.12413793103448276,0.12080536912751678
3,bing,True,RFGSM,alexnet,20/80,alexnet,bing,50/50,0.09215017,0.05555555555555555,0.12751677852348994
4,bing,True,RFGSM,alexnet,20/80,resnet,bing,20/80,0.03754266,0.07692307692307693,0.0
5,bing,True,RFGSM,alexnet,20/80,resnet,bing,30/70,0.030716723,0.06293706293706294,0.0
6,bing,True,RFGSM,alexnet,20/80,resnet,bing,40/60,0.016949153,0.027586206896551724,0.006666666666666667
7,bing,True,RFGSM,alexnet,20/80,resnet,bing,50/50,0.010169491,0.013793103448275862,0.006666666666666667
8,bing,True,RFGSM,alexnet,20/80,vgg,bing,20/80,0.034013607,0.06944444444444445,0.0
9,bing,True,RFGSM,alexnet,20/80,vgg,bing,30/70,0.013559322,0.027586206896551724,0.0
10,bing,True,RFGSM,alexnet,20/80,vgg,bing,40/60,0.010169491,0.013793103448275862,0.006666666666666667
11,bing,True,RFGSM,alexnet,20/80,vgg,bing,50/50,0.010135136,0.02054794520547945,0.0
12,bing,True,RFGSM,alexnet,20/80,alexnet,google,20/80,0.16,0.2733333333333333,0.04666666666666667
13,bing,True,RFGSM,alexnet,20/80,alexnet,google,30/70,0.15,0.21333333333333335,0.08666666666666667
14,bing,True,RFGSM,alexnet,20/80,alexnet,google,40/60,0.13666667,0.2,0.07333333333333333
15,bing,True,RFGSM,alexnet,20/80,alexnet,google,50/50,0.11333334,0.17333333333333334,0.05333333333333334
16,bing,True,RFGSM,alexnet,20/80,resnet,google,20/80,0.06666667,0.13333333333333333,0.0
17,bing,True,RFGSM,alexnet,20/80,resnet,google,30/70,0.060000002,0.11333333333333333,0.006666666666666667
18,bing,True,RFGSM,alexnet,20/80,resnet,google,40/60,0.03666667,0.06,0.013333333333333334
19,bing,True,RFGSM,alexnet,20/80,resnet,google,50/50,0.02,0.03333333333333333,0.006666666666666667
20,bing,True,RFGSM,alexnet,20/80,vgg,google,20/80,0.05666667,0.11333333333333333,0.0
21,bing,True,RFGSM,alexnet,20/80,vgg,google,30/70,0.03666667,0.07333333333333333,0.0
22,bing,True,RFGSM,alexnet,20/80,vgg,google,40/60,0.03666667,0.06666666666666667,0.006666666666666667
23,bing,True,RFGSM,alexnet,20/80,vgg,google,50/50,0.026666667,0.04666666666666667,0.006666666666666667
24,bing,True,RFGSM,alexnet,30/70,alexnet,bing,20/80,0.14965986,0.1736111111111111,0.12666666666666668
25,bing,True,RFGSM,alexnet,30/70,alexnet,bing,30/70,0.093103446,0.15714285714285714,0.03333333333333333
26,bing,True,RFGSM,alexnet,30/70,alexnet,bing,40/60,0.105442174,0.08275862068965517,0.12751677852348994
27,bing,True,RFGSM,alexnet,30/70,alexnet,bing,50/50,0.095563136,0.041666666666666664,0.1476510067114094
28,bing,True,RFGSM,alexnet,30/70,resnet,bing,20/80,0.03412969,0.06993006993006994,0.0
29,bing,True,RFGSM,alexnet,30/70,resnet,bing,30/70,0.013651877,0.027972027972027972,0.0
30,bing,True,RFGSM,alexnet,30/70,resnet,bing,40/60,0.016949153,0.027586206896551724,0.006666666666666667
31,bing,True,RFGSM,alexnet,30/70,resnet,bing,50/50,0.006779661,0.006896551724137931,0.006666666666666667
32,bing,True,RFGSM,alexnet,30/70,vgg,bing,20/80,0.027210884,0.05555555555555555,0.0
33,bing,True,RFGSM,alexnet,30/70,vgg,bing,30/70,0.016949153,0.034482758620689655,0.0
34,bing,True,RFGSM,alexnet,30/70,vgg,bing,40/60,0.010169491,0.020689655172413793,0.0
35,bing,True,RFGSM,alexnet,30/70,vgg,bing,50/50,0.006756757,0.0136986301369863,0.0
36,bing,True,RFGSM,alexnet,30/70,alexnet,google,20/80,0.13666667,0.23333333333333334,0.04
37,bing,True,RFGSM,alexnet,30/70,alexnet,google,30/70,0.15,0.19333333333333333,0.10666666666666667
38,bing,True,RFGSM,alexnet,30/70,alexnet,google,40/60,0.11,0.16,0.06
39,bing,True,RFGSM,alexnet,30/70,alexnet,google,50/50,0.10333334,0.12,0.08666666666666667
40,bing,True,RFGSM,alexnet,30/70,resnet,google,20/80,0.060000002,0.12,0.0
41,bing,True,RFGSM,alexnet,30/70,resnet,google,30/70,0.04,0.07333333333333333,0.006666666666666667
42,bing,True,RFGSM,alexnet,30/70,resnet,google,40/60,0.03666667,0.06666666666666667,0.006666666666666667
43,bing,True,RFGSM,alexnet,30/70,resnet,google,50/50,0.023333333,0.04,0.006666666666666667
44,bing,True,RFGSM,alexnet,30/70,vgg,google,20/80,0.06333333,0.12666666666666668,0.0
45,bing,True,RFGSM,alexnet,30/70,vgg,google,30/70,0.04,0.08,0.0
46,bing,True,RFGSM,alexnet,30/70,vgg,google,40/60,0.030000001,0.05333333333333334,0.006666666666666667
47,bing,True,RFGSM,alexnet,30/70,vgg,google,50/50,0.030000001,0.05333333333333334,0.006666666666666667
48,bing,True,RFGSM,alexnet,40/60,alexnet,bing,20/80,0.16666666,0.2361111111111111,0.1
49,bing,True,RFGSM,alexnet,40/60,alexnet,bing,30/70,0.113793105,0.18571428571428572,0.04666666666666667
50,bing,True,RFGSM,alexnet,40/60,alexnet,bing,40/60,0.14965986,0.13793103448275862,0.1610738255033557
51,bing,True,RFGSM,alexnet,40/60,alexnet,bing,50/50,0.1331058,0.09722222222222222,0.16778523489932887
52,bing,True,RFGSM,alexnet,40/60,resnet,bing,20/80,0.051194537,0.1048951048951049,0.0
53,bing,True,RFGSM,alexnet,40/60,resnet,bing,30/70,0.030716723,0.06293706293706294,0.0
54,bing,True,RFGSM,alexnet,40/60,resnet,bing,40/60,0.020338982,0.034482758620689655,0.006666666666666667
55,bing,True,RFGSM,alexnet,40/60,resnet,bing,50/50,0.020338982,0.027586206896551724,0.013333333333333334
56,bing,True,RFGSM,alexnet,40/60,vgg,bing,20/80,0.051020406,0.10416666666666667,0.0
57,bing,True,RFGSM,alexnet,40/60,vgg,bing,30/70,0.023728814,0.04827586206896552,0.0
58,bing,True,RFGSM,alexnet,40/60,vgg,bing,40/60,0.013559322,0.027586206896551724,0.0
59,bing,True,RFGSM,alexnet,40/60,vgg,bing,50/50,0.010135136,0.02054794520547945,0.0
60,bing,True,RFGSM,alexnet,40/60,alexnet,google,20/80,0.17666668,0.30666666666666664,0.04666666666666667
61,bing,True,RFGSM,alexnet,40/60,alexnet,google,30/70,0.15,0.22,0.08
62,bing,True,RFGSM,alexnet,40/60,alexnet,google,40/60,0.14333333,0.21333333333333335,0.07333333333333333
63,bing,True,RFGSM,alexnet,40/60,alexnet,google,50/50,0.120000005,0.16666666666666666,0.07333333333333333
64,bing,True,RFGSM,alexnet,40/60,resnet,google,20/80,0.07666667,0.15333333333333332,0.0
65,bing,True,RFGSM,alexnet,40/60,resnet,google,30/70,0.053333335,0.1,0.006666666666666667
66,bing,True,RFGSM,alexnet,40/60,resnet,google,40/60,0.04,0.07333333333333333,0.006666666666666667
67,bing,True,RFGSM,alexnet,40/60,resnet,google,50/50,0.03666667,0.06,0.013333333333333334
68,bing,True,RFGSM,alexnet,40/60,vgg,google,20/80,0.07666667,0.15333333333333332,0.0
69,bing,True,RFGSM,alexnet,40/60,vgg,google,30/70,0.04,0.08,0.0
70,bing,True,RFGSM,alexnet,40/60,vgg,google,40/60,0.033333335,0.06666666666666667,0.0
71,bing,True,RFGSM,alexnet,40/60,vgg,google,50/50,0.026666667,0.05333333333333334,0.0
72,bing,True,RFGSM,alexnet,50/50,alexnet,bing,20/80,0.17006803,0.2361111111111111,0.10666666666666667
73,bing,True,RFGSM,alexnet,50/50,alexnet,bing,30/70,0.11724138,0.18571428571428572,0.05333333333333334
74,bing,True,RFGSM,alexnet,50/50,alexnet,bing,40/60,0.13605443,0.1310344827586207,0.14093959731543623
75,bing,True,RFGSM,alexnet,50/50,alexnet,bing,50/50,0.13993174,0.08333333333333333,0.19463087248322147
76,bing,True,RFGSM,alexnet,50/50,resnet,bing,20/80,0.03754266,0.07692307692307693,0.0
77,bing,True,RFGSM,alexnet,50/50,resnet,bing,30/70,0.0443686,0.08391608391608392,0.006666666666666667
78,bing,True,RFGSM,alexnet,50/50,resnet,bing,40/60,0.023728814,0.041379310344827586,0.006666666666666667
79,bing,True,RFGSM,alexnet,50/50,resnet,bing,50/50,0.020338982,0.027586206896551724,0.013333333333333334
80,bing,True,RFGSM,alexnet,50/50,vgg,bing,20/80,0.047619045,0.09722222222222222,0.0
81,bing,True,RFGSM,alexnet,50/50,vgg,bing,30/70,0.027118644,0.05517241379310345,0.0
82,bing,True,RFGSM,alexnet,50/50,vgg,bing,40/60,0.020338982,0.034482758620689655,0.006666666666666667
83,bing,True,RFGSM,alexnet,50/50,vgg,bing,50/50,0.010135136,0.02054794520547945,0.0
84,bing,True,RFGSM,alexnet,50/50,alexnet,google,20/80,0.16,0.26666666666666666,0.05333333333333334
85,bing,True,RFGSM,alexnet,50/50,alexnet,google,30/70,0.14666668,0.20666666666666667,0.08666666666666667
86,bing,True,RFGSM,alexnet,50/50,alexnet,google,40/60,0.16,0.22666666666666666,0.09333333333333334
87,bing,True,RFGSM,alexnet,50/50,alexnet,google,50/50,0.14,0.17333333333333334,0.10666666666666667
88,bing,True,RFGSM,alexnet,50/50,resnet,google,20/80,0.083333336,0.16,0.006666666666666667
89,bing,True,RFGSM,alexnet,50/50,resnet,google,30/70,0.05666667,0.10666666666666667,0.006666666666666667
90,bing,True,RFGSM,alexnet,50/50,resnet,google,40/60,0.04,0.07333333333333333,0.006666666666666667
91,bing,True,RFGSM,alexnet,50/50,resnet,google,50/50,0.030000001,0.04666666666666667,0.013333333333333334
92,bing,True,RFGSM,alexnet,50/50,vgg,google,20/80,0.08,0.16,0.0
93,bing,True,RFGSM,alexnet,50/50,vgg,google,30/70,0.046666667,0.09333333333333334,0.0
94,bing,True,RFGSM,alexnet,50/50,vgg,google,40/60,0.04,0.07333333333333333,0.006666666666666667
95,bing,True,RFGSM,alexnet,50/50,vgg,google,50/50,0.030000001,0.06,0.0
96,bing,True,RFGSM,resnet,20/80,alexnet,bing,20/80,0.023809522,0.04861111111111111,0.0
97,bing,True,RFGSM,resnet,20/80,alexnet,bing,30/70,0.020689655,0.03571428571428571,0.006666666666666667
98,bing,True,RFGSM,resnet,20/80,alexnet,bing,40/60,0.0034013605,0.0,0.006711409395973154
99,bing,True,RFGSM,resnet,20/80,alexnet,bing,50/50,0.0034129692,0.0,0.006711409395973154
100,bing,True,RFGSM,resnet,20/80,resnet,bing,20/80,0.13993174,0.27972027972027974,0.006666666666666667
101,bing,True,RFGSM,resnet,20/80,resnet,bing,30/70,0.102389075,0.1888111888111888,0.02
102,bing,True,RFGSM,resnet,20/80,resnet,bing,40/60,0.044067796,0.06896551724137931,0.02
103,bing,True,RFGSM,resnet,20/80,resnet,bing,50/50,0.044067796,0.04827586206896552,0.04
104,bing,True,RFGSM,resnet,20/80,vgg,bing,20/80,0.06462585,0.13194444444444445,0.0
105,bing,True,RFGSM,resnet,20/80,vgg,bing,30/70,0.020338982,0.041379310344827586,0.0
106,bing,True,RFGSM,resnet,20/80,vgg,bing,40/60,0.016949153,0.034482758620689655,0.0
107,bing,True,RFGSM,resnet,20/80,vgg,bing,50/50,0.010135136,0.02054794520547945,0.0
108,bing,True,RFGSM,resnet,20/80,alexnet,google,20/80,0.03666667,0.07333333333333333,0.0
109,bing,True,RFGSM,resnet,20/80,alexnet,google,30/70,0.03666667,0.07333333333333333,0.0
110,bing,True,RFGSM,resnet,20/80,alexnet,google,40/60,0.030000001,0.06,0.0
111,bing,True,RFGSM,resnet,20/80,alexnet,google,50/50,0.023333333,0.04666666666666667,0.0
112,bing,True,RFGSM,resnet,20/80,resnet,google,20/80,0.16,0.29333333333333333,0.02666666666666667
113,bing,True,RFGSM,resnet,20/80,resnet,google,30/70,0.11,0.20666666666666667,0.013333333333333334
114,bing,True,RFGSM,resnet,20/80,resnet,google,40/60,0.060000002,0.08666666666666667,0.03333333333333333
115,bing,True,RFGSM,resnet,20/80,resnet,google,50/50,0.06666667,0.08,0.05333333333333334
116,bing,True,RFGSM,resnet,20/80,vgg,google,20/80,0.086666666,0.17333333333333334,0.0
117,bing,True,RFGSM,resnet,20/80,vgg,google,30/70,0.05,0.1,0.0
118,bing,True,RFGSM,resnet,20/80,vgg,google,40/60,0.033333335,0.06666666666666667,0.0
119,bing,True,RFGSM,resnet,20/80,vgg,google,50/50,0.023333333,0.04666666666666667,0.0
120,bing,True,RFGSM,resnet,30/70,alexnet,bing,20/80,0.020408163,0.034722222222222224,0.006666666666666667
121,bing,True,RFGSM,resnet,30/70,alexnet,bing,30/70,0.01724138,0.02857142857142857,0.006666666666666667
122,bing,True,RFGSM,resnet,30/70,alexnet,bing,40/60,0.006802721,0.006896551724137931,0.006711409395973154
123,bing,True,RFGSM,resnet,30/70,alexnet,bing,50/50,0.0034129692,0.0,0.006711409395973154
124,bing,True,RFGSM,resnet,30/70,resnet,bing,20/80,0.10921501,0.22377622377622378,0.0
125,bing,True,RFGSM,resnet,30/70,resnet,bing,30/70,0.1331058,0.24475524475524477,0.02666666666666667
126,bing,True,RFGSM,resnet,30/70,resnet,bing,40/60,0.05762712,0.08275862068965517,0.03333333333333333
127,bing,True,RFGSM,resnet,30/70,resnet,bing,50/50,0.047457628,0.041379310344827586,0.05333333333333334
128,bing,True,RFGSM,resnet,30/70,vgg,bing,20/80,0.054421768,0.1111111111111111,0.0
129,bing,True,RFGSM,resnet,30/70,vgg,bing,30/70,0.016949153,0.034482758620689655,0.0
130,bing,True,RFGSM,resnet,30/70,vgg,bing,40/60,0.027118644,0.041379310344827586,0.013333333333333334
131,bing,True,RFGSM,resnet,30/70,vgg,bing,50/50,0.016891893,0.02054794520547945,0.013333333333333334
132,bing,True,RFGSM,resnet,30/70,alexnet,google,20/80,0.043333333,0.08,0.006666666666666667
133,bing,True,RFGSM,resnet,30/70,alexnet,google,30/70,0.04,0.06666666666666667,0.013333333333333334
134,bing,True,RFGSM,resnet,30/70,alexnet,google,40/60,0.04,0.06666666666666667,0.013333333333333334
135,bing,True,RFGSM,resnet,30/70,alexnet,google,50/50,0.026666667,0.04666666666666667,0.006666666666666667
136,bing,True,RFGSM,resnet,30/70,resnet,google,20/80,0.14666668,0.2733333333333333,0.02
137,bing,True,RFGSM,resnet,30/70,resnet,google,30/70,0.15,0.2733333333333333,0.02666666666666667
138,bing,True,RFGSM,resnet,30/70,resnet,google,40/60,0.08,0.10666666666666667,0.05333333333333334
139,bing,True,RFGSM,resnet,30/70,resnet,google,50/50,0.06333333,0.06666666666666667,0.06
140,bing,True,RFGSM,resnet,30/70,vgg,google,20/80,0.09,0.18,0.0
141,bing,True,RFGSM,resnet,30/70,vgg,google,30/70,0.04,0.08,0.0
142,bing,True,RFGSM,resnet,30/70,vgg,google,40/60,0.03666667,0.06666666666666667,0.006666666666666667
143,bing,True,RFGSM,resnet,30/70,vgg,google,50/50,0.033333335,0.05333333333333334,0.013333333333333334
144,bing,True,RFGSM,resnet,40/60,alexnet,bing,20/80,0.034013607,0.0625,0.006666666666666667
145,bing,True,RFGSM,resnet,40/60,alexnet,bing,30/70,0.01724138,0.02857142857142857,0.006666666666666667
146,bing,True,RFGSM,resnet,40/60,alexnet,bing,40/60,0.010204081,0.006896551724137931,0.013422818791946308
147,bing,True,RFGSM,resnet,40/60,alexnet,bing,50/50,0.0068259384,0.0,0.013422818791946308
148,bing,True,RFGSM,resnet,40/60,resnet,bing,20/80,0.12627986,0.25874125874125875,0.0
149,bing,True,RFGSM,resnet,40/60,resnet,bing,30/70,0.11262798,0.2097902097902098,0.02
150,bing,True,RFGSM,resnet,40/60,resnet,bing,40/60,0.13220339,0.21379310344827587,0.05333333333333334
151,bing,True,RFGSM,resnet,40/60,resnet,bing,50/50,0.10508475,0.15172413793103448,0.06
152,bing,True,RFGSM,resnet,40/60,vgg,bing,20/80,0.08163265,0.1597222222222222,0.006666666666666667
153,bing,True,RFGSM,resnet,40/60,vgg,bing,30/70,0.037288137,0.06896551724137931,0.006666666666666667
154,bing,True,RFGSM,resnet,40/60,vgg,bing,40/60,0.040677965,0.07586206896551724,0.006666666666666667
155,bing,True,RFGSM,resnet,40/60,vgg,bing,50/50,0.020270271,0.03424657534246575,0.006666666666666667
156,bing,True,RFGSM,resnet,40/60,alexnet,google,20/80,0.053333335,0.1,0.006666666666666667
157,bing,True,RFGSM,resnet,40/60,alexnet,google,30/70,0.05,0.08666666666666667,0.013333333333333334
158,bing,True,RFGSM,resnet,40/60,alexnet,google,40/60,0.03666667,0.06666666666666667,0.006666666666666667
159,bing,True,RFGSM,resnet,40/60,alexnet,google,50/50,0.030000001,0.05333333333333334,0.006666666666666667
160,bing,True,RFGSM,resnet,40/60,resnet,google,20/80,0.13666667,0.26666666666666666,0.006666666666666667
161,bing,True,RFGSM,resnet,40/60,resnet,google,30/70,0.13666667,0.26666666666666666,0.006666666666666667
162,bing,True,RFGSM,resnet,40/60,resnet,google,40/60,0.14,0.21333333333333335,0.06666666666666667
163,bing,True,RFGSM,resnet,40/60,resnet,google,50/50,0.093333334,0.12,0.06666666666666667
164,bing,True,RFGSM,resnet,40/60,vgg,google,20/80,0.093333334,0.18666666666666668,0.0
165,bing,True,RFGSM,resnet,40/60,vgg,google,30/70,0.05,0.1,0.0
166,bing,True,RFGSM,resnet,40/60,vgg,google,40/60,0.046666667,0.08666666666666667,0.006666666666666667
167,bing,True,RFGSM,resnet,40/60,vgg,google,50/50,0.046666667,0.08,0.013333333333333334
168,bing,True,RFGSM,resnet,50/50,alexnet,bing,20/80,0.020408163,0.041666666666666664,0.0
169,bing,True,RFGSM,resnet,50/50,alexnet,bing,30/70,0.013793103,0.02142857142857143,0.006666666666666667
170,bing,True,RFGSM,resnet,50/50,alexnet,bing,40/60,0.0034013605,0.0,0.006711409395973154
171,bing,True,RFGSM,resnet,50/50,alexnet,bing,50/50,0.0034129692,0.0,0.006711409395973154
172,bing,True,RFGSM,resnet,50/50,resnet,bing,20/80,0.11945392,0.24475524475524477,0.0
173,bing,True,RFGSM,resnet,50/50,resnet,bing,30/70,0.102389075,0.1958041958041958,0.013333333333333334
174,bing,True,RFGSM,resnet,50/50,resnet,bing,40/60,0.0779661,0.1310344827586207,0.02666666666666667
175,bing,True,RFGSM,resnet,50/50,resnet,bing,50/50,0.11525424,0.15862068965517243,0.07333333333333333
176,bing,True,RFGSM,resnet,50/50,vgg,bing,20/80,0.06122449,0.125,0.0
177,bing,True,RFGSM,resnet,50/50,vgg,bing,30/70,0.033898305,0.06896551724137931,0.0
178,bing,True,RFGSM,resnet,50/50,vgg,bing,40/60,0.037288137,0.07586206896551724,0.0
179,bing,True,RFGSM,resnet,50/50,vgg,bing,50/50,0.013513514,0.02054794520547945,0.006666666666666667
180,bing,True,RFGSM,resnet,50/50,alexnet,google,20/80,0.043333333,0.08666666666666667,0.0
181,bing,True,RFGSM,resnet,50/50,alexnet,google,30/70,0.03666667,0.06666666666666667,0.006666666666666667
182,bing,True,RFGSM,resnet,50/50,alexnet,google,40/60,0.030000001,0.06,0.0
183,bing,True,RFGSM,resnet,50/50,alexnet,google,50/50,0.023333333,0.04666666666666667,0.0
184,bing,True,RFGSM,resnet,50/50,resnet,google,20/80,0.123333335,0.24,0.006666666666666667
185,bing,True,RFGSM,resnet,50/50,resnet,google,30/70,0.13000001,0.25333333333333335,0.006666666666666667
186,bing,True,RFGSM,resnet,50/50,resnet,google,40/60,0.1,0.15333333333333332,0.04666666666666667
187,bing,True,RFGSM,resnet,50/50,resnet,google,50/50,0.10666667,0.14,0.07333333333333333
188,bing,True,RFGSM,resnet,50/50,vgg,google,20/80,0.08,0.16,0.0
189,bing,True,RFGSM,resnet,50/50,vgg,google,30/70,0.053333335,0.10666666666666667,0.0
190,bing,True,RFGSM,resnet,50/50,vgg,google,40/60,0.046666667,0.08,0.013333333333333334
191,bing,True,RFGSM,resnet,50/50,vgg,google,50/50,0.03666667,0.06666666666666667,0.006666666666666667
192,bing,True,RFGSM,vgg,20/80,alexnet,bing,20/80,0.013605442,0.027777777777777776,0.0
193,bing,True,RFGSM,vgg,20/80,alexnet,bing,30/70,0.013793103,0.02142857142857143,0.006666666666666667
194,bing,True,RFGSM,vgg,20/80,alexnet,bing,40/60,0.0034013605,0.0,0.006711409395973154
195,bing,True,RFGSM,vgg,20/80,alexnet,bing,50/50,0.0034129692,0.0,0.006711409395973154
196,bing,True,RFGSM,vgg,20/80,resnet,bing,20/80,0.030716723,0.06293706293706294,0.0
197,bing,True,RFGSM,vgg,20/80,resnet,bing,30/70,0.013651877,0.027972027972027972,0.0
198,bing,True,RFGSM,vgg,20/80,resnet,bing,40/60,0.010169491,0.013793103448275862,0.006666666666666667
199,bing,True,RFGSM,vgg,20/80,resnet,bing,50/50,0.006779661,0.006896551724137931,0.006666666666666667
200,bing,True,RFGSM,vgg,20/80,vgg,bing,20/80,0.17346938,0.2847222222222222,0.06666666666666667
201,bing,True,RFGSM,vgg,20/80,vgg,bing,30/70,0.14237288,0.1724137931034483,0.11333333333333333
202,bing,True,RFGSM,vgg,20/80,vgg,bing,40/60,0.15254237,0.1724137931034483,0.13333333333333333
203,bing,True,RFGSM,vgg,20/80,vgg,bing,50/50,0.10135135,0.0958904109589041,0.10666666666666667
204,bing,True,RFGSM,vgg,20/80,alexnet,google,20/80,0.043333333,0.08666666666666667,0.0
205,bing,True,RFGSM,vgg,20/80,alexnet,google,30/70,0.046666667,0.08666666666666667,0.006666666666666667
206,bing,True,RFGSM,vgg,20/80,alexnet,google,40/60,0.033333335,0.06666666666666667,0.0
207,bing,True,RFGSM,vgg,20/80,alexnet,google,50/50,0.023333333,0.04666666666666667,0.0
208,bing,True,RFGSM,vgg,20/80,resnet,google,20/80,0.046666667,0.09333333333333334,0.0
209,bing,True,RFGSM,vgg,20/80,resnet,google,30/70,0.030000001,0.06,0.0
210,bing,True,RFGSM,vgg,20/80,resnet,google,40/60,0.026666667,0.04666666666666667,0.006666666666666667
211,bing,True,RFGSM,vgg,20/80,resnet,google,50/50,0.016666668,0.02666666666666667,0.006666666666666667
212,bing,True,RFGSM,vgg,20/80,vgg,google,20/80,0.18,0.30666666666666664,0.05333333333333334
213,bing,True,RFGSM,vgg,20/80,vgg,google,30/70,0.14333333,0.23333333333333334,0.05333333333333334
214,bing,True,RFGSM,vgg,20/80,vgg,google,40/60,0.13666667,0.16666666666666666,0.10666666666666667
215,bing,True,RFGSM,vgg,20/80,vgg,google,50/50,0.10666667,0.12,0.09333333333333334
216,bing,True,RFGSM,vgg,30/70,alexnet,bing,20/80,0.017006803,0.034722222222222224,0.0
217,bing,True,RFGSM,vgg,30/70,alexnet,bing,30/70,0.0068965517,0.007142857142857143,0.006666666666666667
218,bing,True,RFGSM,vgg,30/70,alexnet,bing,40/60,0.0034013605,0.0,0.006711409395973154
219,bing,True,RFGSM,vgg,30/70,alexnet,bing,50/50,0.0034129692,0.0,0.006711409395973154
220,bing,True,RFGSM,vgg,30/70,resnet,bing,20/80,0.027303753,0.055944055944055944,0.0
221,bing,True,RFGSM,vgg,30/70,resnet,bing,30/70,0.017064845,0.03496503496503497,0.0
222,bing,True,RFGSM,vgg,30/70,resnet,bing,40/60,0.010169491,0.013793103448275862,0.006666666666666667
223,bing,True,RFGSM,vgg,30/70,resnet,bing,50/50,0.006779661,0.013793103448275862,0.0
224,bing,True,RFGSM,vgg,30/70,vgg,bing,20/80,0.15306123,0.2777777777777778,0.03333333333333333
225,bing,True,RFGSM,vgg,30/70,vgg,bing,30/70,0.14237288,0.18620689655172415,0.1
226,bing,True,RFGSM,vgg,30/70,vgg,bing,40/60,0.14576271,0.1793103448275862,0.11333333333333333
227,bing,True,RFGSM,vgg,30/70,vgg,bing,50/50,0.10135135,0.10273972602739725,0.1
228,bing,True,RFGSM,vgg,30/70,alexnet,google,20/80,0.046666667,0.09333333333333334,0.0
229,bing,True,RFGSM,vgg,30/70,alexnet,google,30/70,0.03666667,0.07333333333333333,0.0
230,bing,True,RFGSM,vgg,30/70,alexnet,google,40/60,0.033333335,0.06666666666666667,0.0
231,bing,True,RFGSM,vgg,30/70,alexnet,google,50/50,0.026666667,0.04666666666666667,0.006666666666666667
232,bing,True,RFGSM,vgg,30/70,resnet,google,20/80,0.046666667,0.09333333333333334,0.0
233,bing,True,RFGSM,vgg,30/70,resnet,google,30/70,0.033333335,0.06666666666666667,0.0
234,bing,True,RFGSM,vgg,30/70,resnet,google,40/60,0.026666667,0.04666666666666667,0.006666666666666667
235,bing,True,RFGSM,vgg,30/70,resnet,google,50/50,0.02,0.03333333333333333,0.006666666666666667
236,bing,True,RFGSM,vgg,30/70,vgg,google,20/80,0.15,0.2733333333333333,0.02666666666666667
237,bing,True,RFGSM,vgg,30/70,vgg,google,30/70,0.12666667,0.22666666666666666,0.02666666666666667
238,bing,True,RFGSM,vgg,30/70,vgg,google,40/60,0.12666667,0.16666666666666666,0.08666666666666667
239,bing,True,RFGSM,vgg,30/70,vgg,google,50/50,0.11,0.12666666666666668,0.09333333333333334
240,bing,True,RFGSM,vgg,40/60,alexnet,bing,20/80,0.013605442,0.027777777777777776,0.0
241,bing,True,RFGSM,vgg,40/60,alexnet,bing,30/70,0.013793103,0.02142857142857143,0.006666666666666667
242,bing,True,RFGSM,vgg,40/60,alexnet,bing,40/60,0.0034013605,0.0,0.006711409395973154
243,bing,True,RFGSM,vgg,40/60,alexnet,bing,50/50,0.0034129692,0.0,0.006711409395973154
244,bing,True,RFGSM,vgg,40/60,resnet,bing,20/80,0.023890784,0.04895104895104895,0.0
245,bing,True,RFGSM,vgg,40/60,resnet,bing,30/70,0.013651877,0.027972027972027972,0.0
246,bing,True,RFGSM,vgg,40/60,resnet,bing,40/60,0.010169491,0.013793103448275862,0.006666666666666667
247,bing,True,RFGSM,vgg,40/60,resnet,bing,50/50,0.006779661,0.013793103448275862,0.0
248,bing,True,RFGSM,vgg,40/60,vgg,bing,20/80,0.14285713,0.2708333333333333,0.02
249,bing,True,RFGSM,vgg,40/60,vgg,bing,30/70,0.122033894,0.1793103448275862,0.06666666666666667
250,bing,True,RFGSM,vgg,40/60,vgg,bing,40/60,0.15254237,0.2,0.10666666666666667
251,bing,True,RFGSM,vgg,40/60,vgg,bing,50/50,0.11148649,0.13013698630136986,0.09333333333333334
252,bing,True,RFGSM,vgg,40/60,alexnet,google,20/80,0.04,0.08,0.0
253,bing,True,RFGSM,vgg,40/60,alexnet,google,30/70,0.046666667,0.08666666666666667,0.006666666666666667
254,bing,True,RFGSM,vgg,40/60,alexnet,google,40/60,0.03666667,0.07333333333333333,0.0
255,bing,True,RFGSM,vgg,40/60,alexnet,google,50/50,0.023333333,0.04666666666666667,0.0
256,bing,True,RFGSM,vgg,40/60,resnet,google,20/80,0.053333335,0.10666666666666667,0.0
257,bing,True,RFGSM,vgg,40/60,resnet,google,30/70,0.033333335,0.06666666666666667,0.0
258,bing,True,RFGSM,vgg,40/60,resnet,google,40/60,0.030000001,0.05333333333333334,0.006666666666666667
259,bing,True,RFGSM,vgg,40/60,resnet,google,50/50,0.016666668,0.02666666666666667,0.006666666666666667
260,bing,True,RFGSM,vgg,40/60,vgg,google,20/80,0.16666667,0.29333333333333333,0.04
261,bing,True,RFGSM,vgg,40/60,vgg,google,30/70,0.13000001,0.22,0.04
262,bing,True,RFGSM,vgg,40/60,vgg,google,40/60,0.15666667,0.20666666666666667,0.10666666666666667
263,bing,True,RFGSM,vgg,40/60,vgg,google,50/50,0.14,0.18,0.1
264,bing,True,RFGSM,vgg,50/50,alexnet,bing,20/80,0.017006803,0.034722222222222224,0.0
265,bing,True,RFGSM,vgg,50/50,alexnet,bing,30/70,0.013793103,0.02142857142857143,0.006666666666666667
266,bing,True,RFGSM,vgg,50/50,alexnet,bing,40/60,0.0034013605,0.0,0.006711409395973154
267,bing,True,RFGSM,vgg,50/50,alexnet,bing,50/50,0.0034129692,0.0,0.006711409395973154
268,bing,True,RFGSM,vgg,50/50,resnet,bing,20/80,0.030716723,0.06293706293706294,0.0
269,bing,True,RFGSM,vgg,50/50,resnet,bing,30/70,0.020477815,0.04195804195804196,0.0
270,bing,True,RFGSM,vgg,50/50,resnet,bing,40/60,0.010169491,0.013793103448275862,0.006666666666666667
271,bing,True,RFGSM,vgg,50/50,resnet,bing,50/50,0.0033898305,0.006896551724137931,0.0
272,bing,True,RFGSM,vgg,50/50,vgg,bing,20/80,0.15986395,0.2916666666666667,0.03333333333333333
273,bing,True,RFGSM,vgg,50/50,vgg,bing,30/70,0.13559322,0.20689655172413793,0.06666666666666667
274,bing,True,RFGSM,vgg,50/50,vgg,bing,40/60,0.14915255,0.18620689655172415,0.11333333333333333
275,bing,True,RFGSM,vgg,50/50,vgg,bing,50/50,0.13175675,0.1506849315068493,0.11333333333333333
276,bing,True,RFGSM,vgg,50/50,alexnet,google,20/80,0.046666667,0.09333333333333334,0.0
277,bing,True,RFGSM,vgg,50/50,alexnet,google,30/70,0.04,0.08,0.0
278,bing,True,RFGSM,vgg,50/50,alexnet,google,40/60,0.03666667,0.07333333333333333,0.0
279,bing,True,RFGSM,vgg,50/50,alexnet,google,50/50,0.023333333,0.04666666666666667,0.0
280,bing,True,RFGSM,vgg,50/50,resnet,google,20/80,0.05,0.1,0.0
281,bing,True,RFGSM,vgg,50/50,resnet,google,30/70,0.03666667,0.07333333333333333,0.0
282,bing,True,RFGSM,vgg,50/50,resnet,google,40/60,0.026666667,0.04666666666666667,0.006666666666666667
283,bing,True,RFGSM,vgg,50/50,resnet,google,50/50,0.02,0.03333333333333333,0.006666666666666667
284,bing,True,RFGSM,vgg,50/50,vgg,google,20/80,0.16,0.2866666666666667,0.03333333333333333
285,bing,True,RFGSM,vgg,50/50,vgg,google,30/70,0.123333335,0.21333333333333335,0.03333333333333333
286,bing,True,RFGSM,vgg,50/50,vgg,google,40/60,0.13666667,0.18666666666666668,0.08666666666666667
287,bing,True,RFGSM,vgg,50/50,vgg,google,50/50,0.13000001,0.17333333333333334,0.08666666666666667
288,google,True,RFGSM,alexnet,20/80,alexnet,bing,20/80,0.086666666,0.09333333333333334,0.08
289,google,True,RFGSM,alexnet,20/80,alexnet,bing,30/70,0.07333334,0.08666666666666667,0.06
290,google,True,RFGSM,alexnet,20/80,alexnet,bing,40/60,0.093333334,0.03333333333333333,0.15333333333333332
291,google,True,RFGSM,alexnet,20/80,alexnet,bing,50/50,0.123333335,0.03333333333333333,0.21333333333333335
292,google,True,RFGSM,alexnet,20/80,resnet,bing,20/80,0.033333335,0.06,0.006666666666666667
293,google,True,RFGSM,alexnet,20/80,resnet,bing,30/70,0.033333335,0.04666666666666667,0.02
294,google,True,RFGSM,alexnet,20/80,resnet,bing,40/60,0.033333335,0.013333333333333334,0.05333333333333334
295,google,True,RFGSM,alexnet,20/80,resnet,bing,50/50,0.033333335,0.013333333333333334,0.05333333333333334
296,google,True,RFGSM,alexnet,20/80,vgg,bing,20/80,0.033333335,0.06,0.006666666666666667
297,google,True,RFGSM,alexnet,20/80,vgg,bing,30/70,0.01,0.006666666666666667,0.013333333333333334
298,google,True,RFGSM,alexnet,20/80,vgg,bing,40/60,0.016666668,0.013333333333333334,0.02
299,google,True,RFGSM,alexnet,20/80,vgg,bing,50/50,0.016666668,0.006666666666666667,0.02666666666666667
300,google,True,RFGSM,alexnet,20/80,alexnet,google,20/80,0.07457627,0.04827586206896552,0.1
301,google,True,RFGSM,alexnet,20/80,alexnet,google,30/70,0.07118644,0.034013605442176874,0.10810810810810811
302,google,True,RFGSM,alexnet,20/80,alexnet,google,40/60,0.081081085,0.047619047619047616,0.11409395973154363
303,google,True,RFGSM,alexnet,20/80,alexnet,google,50/50,0.097972974,0.04,0.15753424657534246
304,google,True,RFGSM,alexnet,20/80,resnet,google,20/80,0.030405406,0.0273972602739726,0.03333333333333333
305,google,True,RFGSM,alexnet,20/80,resnet,google,30/70,0.02013423,0.02027027027027027,0.02
306,google,True,RFGSM,alexnet,20/80,resnet,google,40/60,0.026936026,0.006711409395973154,0.0472972972972973
307,google,True,RFGSM,alexnet,20/80,resnet,google,50/50,0.020270271,0.0,0.04081632653061224
308,google,True,RFGSM,alexnet,20/80,vgg,google,20/80,0.01010101,0.013605442176870748,0.006666666666666667
309,google,True,RFGSM,alexnet,20/80,vgg,google,30/70,0.006688963,0.006711409395973154,0.006666666666666667
310,google,True,RFGSM,alexnet,20/80,vgg,google,40/60,0.013422819,0.006711409395973154,0.020134228187919462
311,google,True,RFGSM,alexnet,20/80,vgg,google,50/50,0.02013423,0.0,0.040268456375838924
312,google,True,RFGSM,alexnet,30/70,alexnet,bing,20/80,0.083333336,0.09333333333333334,0.07333333333333333
313,google,True,RFGSM,alexnet,30/70,alexnet,bing,30/70,0.08,0.1,0.06
314,google,True,RFGSM,alexnet,30/70,alexnet,bing,40/60,0.09666667,0.04666666666666667,0.14666666666666667
315,google,True,RFGSM,alexnet,30/70,alexnet,bing,50/50,0.123333335,0.04666666666666667,0.2
316,google,True,RFGSM,alexnet,30/70,resnet,bing,20/80,0.033333335,0.05333333333333334,0.013333333333333334
317,google,True,RFGSM,alexnet,30/70,resnet,bing,30/70,0.026666667,0.04,0.013333333333333334
318,google,True,RFGSM,alexnet,30/70,resnet,bing,40/60,0.04,0.02666666666666667,0.05333333333333334
319,google,True,RFGSM,alexnet,30/70,resnet,bing,50/50,0.023333333,0.006666666666666667,0.04
320,google,True,RFGSM,alexnet,30/70,vgg,bing,20/80,0.016666668,0.03333333333333333,0.0
321,google,True,RFGSM,alexnet,30/70,vgg,bing,30/70,0.013333334,0.013333333333333334,0.013333333333333334
322,google,True,RFGSM,alexnet,30/70,vgg,bing,40/60,0.016666668,0.013333333333333334,0.02
323,google,True,RFGSM,alexnet,30/70,vgg,bing,50/50,0.023333333,0.006666666666666667,0.04
324,google,True,RFGSM,alexnet,30/70,alexnet,google,20/80,0.07118644,0.04827586206896552,0.09333333333333334
325,google,True,RFGSM,alexnet,30/70,alexnet,google,30/70,0.084745765,0.061224489795918366,0.10810810810810811
326,google,True,RFGSM,alexnet,30/70,alexnet,google,40/60,0.104729734,0.061224489795918366,0.1476510067114094
327,google,True,RFGSM,alexnet,30/70,alexnet,google,50/50,0.10810811,0.05333333333333334,0.1643835616438356
328,google,True,RFGSM,alexnet,30/70,resnet,google,20/80,0.040540542,0.0410958904109589,0.04
329,google,True,RFGSM,alexnet,30/70,resnet,google,30/70,0.02013423,0.02027027027027027,0.02
330,google,True,RFGSM,alexnet,30/70,resnet,google,40/60,0.023569023,0.006711409395973154,0.04054054054054054
331,google,True,RFGSM,alexnet,30/70,resnet,google,50/50,0.027027028,0.006711409395973154,0.047619047619047616
332,google,True,RFGSM,alexnet,30/70,vgg,google,20/80,0.0067340066,0.013605442176870748,0.0
333,google,True,RFGSM,alexnet,30/70,vgg,google,30/70,0.0100334445,0.006711409395973154,0.013333333333333334
334,google,True,RFGSM,alexnet,30/70,vgg,google,40/60,0.016778523,0.006711409395973154,0.026845637583892617
335,google,True,RFGSM,alexnet,30/70,vgg,google,50/50,0.023489933,0.0,0.04697986577181208
336,google,True,RFGSM,alexnet,40/60,alexnet,bing,20/80,0.08,0.09333333333333334,0.06666666666666667
337,google,True,RFGSM,alexnet,40/60,alexnet,bing,30/70,0.07333334,0.1,0.04666666666666667
338,google,True,RFGSM,alexnet,40/60,alexnet,bing,40/60,0.10333334,0.06666666666666667,0.14
339,google,True,RFGSM,alexnet,40/60,alexnet,bing,50/50,0.12666667,0.05333333333333334,0.2
340,google,True,RFGSM,alexnet,40/60,resnet,bing,20/80,0.030000001,0.05333333333333334,0.006666666666666667
341,google,True,RFGSM,alexnet,40/60,resnet,bing,30/70,0.026666667,0.04,0.013333333333333334
342,google,True,RFGSM,alexnet,40/60,resnet,bing,40/60,0.030000001,0.013333333333333334,0.04666666666666667
343,google,True,RFGSM,alexnet,40/60,resnet,bing,50/50,0.030000001,0.013333333333333334,0.04666666666666667
344,google,True,RFGSM,alexnet,40/60,vgg,bing,20/80,0.030000001,0.06,0.0
345,google,True,RFGSM,alexnet,40/60,vgg,bing,30/70,0.01,0.013333333333333334,0.006666666666666667
346,google,True,RFGSM,alexnet,40/60,vgg,bing,40/60,0.023333333,0.02,0.02666666666666667
347,google,True,RFGSM,alexnet,40/60,vgg,bing,50/50,0.026666667,0.02,0.03333333333333333
348,google,True,RFGSM,alexnet,40/60,alexnet,google,20/80,0.06440678,0.06206896551724138,0.06666666666666667
349,google,True,RFGSM,alexnet,40/60,alexnet,google,30/70,0.07457627,0.047619047619047616,0.10135135135135136
350,google,True,RFGSM,alexnet,40/60,alexnet,google,40/60,0.11148649,0.06802721088435375,0.15436241610738255
351,google,True,RFGSM,alexnet,40/60,alexnet,google,50/50,0.10810811,0.06666666666666667,0.1506849315068493
352,google,True,RFGSM,alexnet,40/60,resnet,google,20/80,0.020270271,0.02054794520547945,0.02
353,google,True,RFGSM,alexnet,40/60,resnet,google,30/70,0.013422819,0.013513513513513514,0.013333333333333334
354,google,True,RFGSM,alexnet,40/60,resnet,google,40/60,0.023569023,0.0,0.0472972972972973
355,google,True,RFGSM,alexnet,40/60,resnet,google,50/50,0.033783786,0.0,0.06802721088435375
356,google,True,RFGSM,alexnet,40/60,vgg,google,20/80,0.013468013,0.027210884353741496,0.0
357,google,True,RFGSM,alexnet,40/60,vgg,google,30/70,0.013377926,0.013422818791946308,0.013333333333333334
358,google,True,RFGSM,alexnet,40/60,vgg,google,40/60,0.023489933,0.006711409395973154,0.040268456375838924
359,google,True,RFGSM,alexnet,40/60,vgg,google,50/50,0.026845638,0.0,0.053691275167785234
360,google,True,RFGSM,alexnet,50/50,alexnet,bing,20/80,0.083333336,0.08666666666666667,0.08
361,google,True,RFGSM,alexnet,50/50,alexnet,bing,30/70,0.083333336,0.1,0.06666666666666667
362,google,True,RFGSM,alexnet,50/50,alexnet,bing,40/60,0.11333334,0.05333333333333334,0.17333333333333334
363,google,True,RFGSM,alexnet,50/50,alexnet,bing,50/50,0.15333334,0.06,0.24666666666666667
364,google,True,RFGSM,alexnet,50/50,resnet,bing,20/80,0.033333335,0.04,0.02666666666666667
365,google,True,RFGSM,alexnet,50/50,resnet,bing,30/70,0.030000001,0.04666666666666667,0.013333333333333334
366,google,True,RFGSM,alexnet,50/50,resnet,bing,40/60,0.04,0.03333333333333333,0.04666666666666667
367,google,True,RFGSM,alexnet,50/50,resnet,bing,50/50,0.030000001,0.013333333333333334,0.04666666666666667
368,google,True,RFGSM,alexnet,50/50,vgg,bing,20/80,0.023333333,0.04,0.006666666666666667
369,google,True,RFGSM,alexnet,50/50,vgg,bing,30/70,0.013333334,0.013333333333333334,0.013333333333333334
370,google,True,RFGSM,alexnet,50/50,vgg,bing,40/60,0.013333334,0.006666666666666667,0.02
371,google,True,RFGSM,alexnet,50/50,vgg,bing,50/50,0.023333333,0.006666666666666667,0.04
372,google,True,RFGSM,alexnet,50/50,alexnet,google,20/80,0.061016947,0.041379310344827586,0.08
373,google,True,RFGSM,alexnet,50/50,alexnet,google,30/70,0.08135593,0.061224489795918366,0.10135135135135136
374,google,True,RFGSM,alexnet,50/50,alexnet,google,40/60,0.097972974,0.06802721088435375,0.12751677852348994
375,google,True,RFGSM,alexnet,50/50,alexnet,google,50/50,0.11148649,0.06,0.1643835616438356
376,google,True,RFGSM,alexnet,50/50,resnet,google,20/80,0.040540542,0.04794520547945205,0.03333333333333333
377,google,True,RFGSM,alexnet,50/50,resnet,google,30/70,0.023489933,0.02027027027027027,0.02666666666666667
378,google,True,RFGSM,alexnet,50/50,resnet,google,40/60,0.03030303,0.013422818791946308,0.0472972972972973
379,google,True,RFGSM,alexnet,50/50,resnet,google,50/50,0.027027028,0.006711409395973154,0.047619047619047616
380,google,True,RFGSM,alexnet,50/50,vgg,google,20/80,0.01010101,0.013605442176870748,0.006666666666666667
381,google,True,RFGSM,alexnet,50/50,vgg,google,30/70,0.013377926,0.013422818791946308,0.013333333333333334
382,google,True,RFGSM,alexnet,50/50,vgg,google,40/60,0.016778523,0.006711409395973154,0.026845637583892617
383,google,True,RFGSM,alexnet,50/50,vgg,google,50/50,0.023489933,0.0,0.04697986577181208
384,google,True,RFGSM,resnet,20/80,alexnet,bing,20/80,0.016666668,0.03333333333333333,0.0
385,google,True,RFGSM,resnet,20/80,alexnet,bing,30/70,0.0033333334,0.006666666666666667,0.0
386,google,True,RFGSM,resnet,20/80,alexnet,bing,40/60,0.016666668,0.006666666666666667,0.02666666666666667
387,google,True,RFGSM,resnet,20/80,alexnet,bing,50/50,0.023333333,0.0,0.04666666666666667
388,google,True,RFGSM,resnet,20/80,resnet,bing,20/80,0.1,0.14666666666666667,0.05333333333333334
389,google,True,RFGSM,resnet,20/80,resnet,bing,30/70,0.046666667,0.06,0.03333333333333333
390,google,True,RFGSM,resnet,20/80,resnet,bing,40/60,0.053333335,0.04,0.06666666666666667
391,google,True,RFGSM,resnet,20/80,resnet,bing,50/50,0.07666667,0.04,0.11333333333333333
392,google,True,RFGSM,resnet,20/80,vgg,bing,20/80,0.033333335,0.06666666666666667,0.0
393,google,True,RFGSM,resnet,20/80,vgg,bing,30/70,0.026666667,0.02666666666666667,0.02666666666666667
394,google,True,RFGSM,resnet,20/80,vgg,bing,40/60,0.033333335,0.02666666666666667,0.04
395,google,True,RFGSM,resnet,20/80,vgg,bing,50/50,0.030000001,0.013333333333333334,0.04666666666666667
396,google,True,RFGSM,resnet,20/80,alexnet,google,20/80,0.0,0.0,0.0
397,google,True,RFGSM,resnet,20/80,alexnet,google,30/70,0.013559322,0.0,0.02702702702702703
398,google,True,RFGSM,resnet,20/80,alexnet,google,40/60,0.016891893,0.0,0.03355704697986577
399,google,True,RFGSM,resnet,20/80,alexnet,google,50/50,0.016891893,0.006666666666666667,0.0273972602739726
400,google,True,RFGSM,resnet,20/80,resnet,google,20/80,0.08445946,0.10273972602739725,0.06666666666666667
401,google,True,RFGSM,resnet,20/80,resnet,google,30/70,0.04026846,0.0472972972972973,0.03333333333333333
402,google,True,RFGSM,resnet,20/80,resnet,google,40/60,0.05050505,0.026845637583892617,0.07432432432432433
403,google,True,RFGSM,resnet,20/80,resnet,google,50/50,0.06418919,0.026845637583892617,0.10204081632653061
404,google,True,RFGSM,resnet,20/80,vgg,google,20/80,0.02020202,0.027210884353741496,0.013333333333333334
405,google,True,RFGSM,resnet,20/80,vgg,google,30/70,0.020066889,0.020134228187919462,0.02
406,google,True,RFGSM,resnet,20/80,vgg,google,40/60,0.030201342,0.006711409395973154,0.053691275167785234
407,google,True,RFGSM,resnet,20/80,vgg,google,50/50,0.03691275,0.006711409395973154,0.06711409395973154
408,google,True,RFGSM,resnet,30/70,alexnet,bing,20/80,0.016666668,0.03333333333333333,0.0
409,google,True,RFGSM,resnet,30/70,alexnet,bing,30/70,0.013333334,0.02666666666666667,0.0
410,google,True,RFGSM,resnet,30/70,alexnet,bing,40/60,0.013333334,0.006666666666666667,0.02
411,google,True,RFGSM,resnet,30/70,alexnet,bing,50/50,0.023333333,0.0,0.04666666666666667
412,google,True,RFGSM,resnet,30/70,resnet,bing,20/80,0.07333334,0.11333333333333333,0.03333333333333333
413,google,True,RFGSM,resnet,30/70,resnet,bing,30/70,0.06666667,0.08,0.05333333333333334
414,google,True,RFGSM,resnet,30/70,resnet,bing,40/60,0.07333334,0.04,0.10666666666666667
415,google,True,RFGSM,resnet,30/70,resnet,bing,50/50,0.086666666,0.04,0.13333333333333333
416,google,True,RFGSM,resnet,30/70,vgg,bing,20/80,0.03666667,0.06666666666666667,0.006666666666666667
417,google,True,RFGSM,resnet,30/70,vgg,bing,30/70,0.04,0.04,0.04
418,google,True,RFGSM,resnet,30/70,vgg,bing,40/60,0.046666667,0.04666666666666667,0.04666666666666667
419,google,True,RFGSM,resnet,30/70,vgg,bing,50/50,0.04,0.02666666666666667,0.05333333333333334
420,google,True,RFGSM,resnet,30/70,alexnet,google,20/80,0.0033898305,0.006896551724137931,0.0
421,google,True,RFGSM,resnet,30/70,alexnet,google,30/70,0.016949153,0.013605442176870748,0.02027027027027027
422,google,True,RFGSM,resnet,30/70,alexnet,google,40/60,0.010135136,0.006802721088435374,0.013422818791946308
423,google,True,RFGSM,resnet,30/70,alexnet,google,50/50,0.013513514,0.006666666666666667,0.02054794520547945
