,source_dataset,isMath,attack,source_model,source_balancing,target_model,target_dataset,target_balancing,asr,asr_0,asr_1
0,bing,True,TIFGSM,alexnet,20/80,alexnet,bing,20/80,0.59999996,0.5241379310344828,0.6733333333333333
1,bing,True,TIFGSM,alexnet,20/80,alexnet,bing,30/70,0.537931,0.45714285714285713,0.6133333333333333
2,bing,True,TIFGSM,alexnet,20/80,alexnet,bing,40/60,0.5544218,0.296551724137931,0.8053691275167785
3,bing,True,TIFGSM,alexnet,20/80,alexnet,bing,50/50,0.5017065,0.20833333333333334,0.785234899328859
4,bing,True,TIFGSM,alexnet,20/80,resnet,bing,20/80,0.102389075,0.2097902097902098,0.0
5,bing,True,TIFGSM,alexnet,20/80,resnet,bing,30/70,0.07508532,0.13286713286713286,0.02
6,bing,True,TIFGSM,alexnet,20/80,resnet,bing,40/60,0.047457628,0.041379310344827586,0.05333333333333334
7,bing,True,TIFGSM,alexnet,20/80,resnet,bing,50/50,0.05762712,0.041379310344827586,0.07333333333333333
8,bing,True,TIFGSM,alexnet,20/80,vgg,bing,20/80,0.06462585,0.11805555555555555,0.013333333333333334
9,bing,True,TIFGSM,alexnet,20/80,vgg,bing,30/70,0.033898305,0.027586206896551724,0.04
10,bing,True,TIFGSM,alexnet,20/80,vgg,bing,40/60,0.030508474,0.027586206896551724,0.03333333333333333
11,bing,True,TIFGSM,alexnet,20/80,vgg,bing,50/50,0.02364865,0.02054794520547945,0.02666666666666667
12,bing,True,TIFGSM,alexnet,20/80,alexnet,google,20/80,0.50333333,0.44,0.5666666666666667
13,bing,True,TIFGSM,alexnet,20/80,alexnet,google,30/70,0.56333333,0.38,0.7466666666666667
14,bing,True,TIFGSM,alexnet,20/80,alexnet,google,40/60,0.5233334,0.35333333333333333,0.6933333333333334
15,bing,True,TIFGSM,alexnet,20/80,alexnet,google,50/50,0.5133333,0.3,0.7266666666666667
16,bing,True,TIFGSM,alexnet,20/80,resnet,google,20/80,0.09,0.16666666666666666,0.013333333333333334
17,bing,True,TIFGSM,alexnet,20/80,resnet,google,30/70,0.07,0.13333333333333333,0.006666666666666667
18,bing,True,TIFGSM,alexnet,20/80,resnet,google,40/60,0.07,0.08666666666666667,0.05333333333333334
19,bing,True,TIFGSM,alexnet,20/80,resnet,google,50/50,0.05,0.05333333333333334,0.04666666666666667
20,bing,True,TIFGSM,alexnet,20/80,vgg,google,20/80,0.07,0.12,0.02
21,bing,True,TIFGSM,alexnet,20/80,vgg,google,30/70,0.04,0.06,0.02
22,bing,True,TIFGSM,alexnet,20/80,vgg,google,40/60,0.053333335,0.06,0.04666666666666667
23,bing,True,TIFGSM,alexnet,20/80,vgg,google,50/50,0.05,0.06,0.04
24,bing,True,TIFGSM,alexnet,30/70,alexnet,bing,20/80,0.45084745,0.36551724137931035,0.5333333333333333
25,bing,True,TIFGSM,alexnet,30/70,alexnet,bing,30/70,0.50344825,0.40714285714285714,0.5933333333333334
26,bing,True,TIFGSM,alexnet,30/70,alexnet,bing,40/60,0.49659863,0.2206896551724138,0.7651006711409396
27,bing,True,TIFGSM,alexnet,30/70,alexnet,bing,50/50,0.47098973,0.14583333333333334,0.785234899328859
28,bing,True,TIFGSM,alexnet,30/70,resnet,bing,20/80,0.061433446,0.11888111888111888,0.006666666666666667
29,bing,True,TIFGSM,alexnet,30/70,resnet,bing,30/70,0.04095563,0.06993006993006994,0.013333333333333334
30,bing,True,TIFGSM,alexnet,30/70,resnet,bing,40/60,0.037288137,0.020689655172413793,0.05333333333333334
31,bing,True,TIFGSM,alexnet,30/70,resnet,bing,50/50,0.033898305,0.006896551724137931,0.06
32,bing,True,TIFGSM,alexnet,30/70,vgg,bing,20/80,0.030612245,0.04861111111111111,0.013333333333333334
33,bing,True,TIFGSM,alexnet,30/70,vgg,bing,30/70,0.016949153,0.013793103448275862,0.02
34,bing,True,TIFGSM,alexnet,30/70,vgg,bing,40/60,0.013559322,0.006896551724137931,0.02
35,bing,True,TIFGSM,alexnet,30/70,vgg,bing,50/50,0.016891893,0.0136986301369863,0.02
36,bing,True,TIFGSM,alexnet,30/70,alexnet,google,20/80,0.43,0.3466666666666667,0.5133333333333333
37,bing,True,TIFGSM,alexnet,30/70,alexnet,google,30/70,0.5133333,0.3,0.7266666666666667
38,bing,True,TIFGSM,alexnet,30/70,alexnet,google,40/60,0.43666667,0.24,0.6333333333333333
39,bing,True,TIFGSM,alexnet,30/70,alexnet,google,50/50,0.45000002,0.20666666666666667,0.6933333333333334
40,bing,True,TIFGSM,alexnet,30/70,resnet,google,20/80,0.07,0.12666666666666668,0.013333333333333334
41,bing,True,TIFGSM,alexnet,30/70,resnet,google,30/70,0.043333333,0.08,0.006666666666666667
42,bing,True,TIFGSM,alexnet,30/70,resnet,google,40/60,0.05,0.05333333333333334,0.04666666666666667
43,bing,True,TIFGSM,alexnet,30/70,resnet,google,50/50,0.043333333,0.04,0.04666666666666667
44,bing,True,TIFGSM,alexnet,30/70,vgg,google,20/80,0.05666667,0.1,0.013333333333333334
45,bing,True,TIFGSM,alexnet,30/70,vgg,google,30/70,0.04,0.06,0.02
46,bing,True,TIFGSM,alexnet,30/70,vgg,google,40/60,0.046666667,0.06666666666666667,0.02666666666666667
47,bing,True,TIFGSM,alexnet,30/70,vgg,google,50/50,0.03666667,0.04,0.03333333333333333
48,bing,True,TIFGSM,alexnet,40/60,alexnet,bing,20/80,0.5694915,0.45517241379310347,0.68
49,bing,True,TIFGSM,alexnet,40/60,alexnet,bing,30/70,0.5586207,0.45,0.66
50,bing,True,TIFGSM,alexnet,40/60,alexnet,bing,40/60,0.59183675,0.32413793103448274,0.8523489932885906
51,bing,True,TIFGSM,alexnet,40/60,alexnet,bing,50/50,0.556314,0.22916666666666666,0.87248322147651
52,bing,True,TIFGSM,alexnet,40/60,resnet,bing,20/80,0.098976105,0.1958041958041958,0.006666666666666667
53,bing,True,TIFGSM,alexnet,40/60,resnet,bing,30/70,0.07167235,0.1258741258741259,0.02
54,bing,True,TIFGSM,alexnet,40/60,resnet,bing,40/60,0.037288137,0.020689655172413793,0.05333333333333334
55,bing,True,TIFGSM,alexnet,40/60,resnet,bing,50/50,0.05762712,0.034482758620689655,0.08
56,bing,True,TIFGSM,alexnet,40/60,vgg,bing,20/80,0.08503401,0.1527777777777778,0.02
57,bing,True,TIFGSM,alexnet,40/60,vgg,bing,30/70,0.047457628,0.04827586206896552,0.04666666666666667
58,bing,True,TIFGSM,alexnet,40/60,vgg,bing,40/60,0.061016947,0.07586206896551724,0.04666666666666667
59,bing,True,TIFGSM,alexnet,40/60,vgg,bing,50/50,0.030405406,0.0273972602739726,0.03333333333333333
60,bing,True,TIFGSM,alexnet,40/60,alexnet,google,20/80,0.51666665,0.4266666666666667,0.6066666666666667
61,bing,True,TIFGSM,alexnet,40/60,alexnet,google,30/70,0.58000004,0.37333333333333335,0.7866666666666666
62,bing,True,TIFGSM,alexnet,40/60,alexnet,google,40/60,0.5466667,0.34,0.7533333333333333
63,bing,True,TIFGSM,alexnet,40/60,alexnet,google,50/50,0.54333335,0.30666666666666664,0.78
64,bing,True,TIFGSM,alexnet,40/60,resnet,google,20/80,0.086666666,0.16,0.013333333333333334
65,bing,True,TIFGSM,alexnet,40/60,resnet,google,30/70,0.05666667,0.1,0.013333333333333334
66,bing,True,TIFGSM,alexnet,40/60,resnet,google,40/60,0.060000002,0.06,0.06
67,bing,True,TIFGSM,alexnet,40/60,resnet,google,50/50,0.053333335,0.04666666666666667,0.06
68,bing,True,TIFGSM,alexnet,40/60,vgg,google,20/80,0.07,0.12666666666666668,0.013333333333333334
69,bing,True,TIFGSM,alexnet,40/60,vgg,google,30/70,0.05666667,0.08666666666666667,0.02666666666666667
70,bing,True,TIFGSM,alexnet,40/60,vgg,google,40/60,0.06333333,0.08,0.04666666666666667
71,bing,True,TIFGSM,alexnet,40/60,vgg,google,50/50,0.053333335,0.06,0.04666666666666667
72,bing,True,TIFGSM,alexnet,50/50,alexnet,bing,20/80,0.5084746,0.4206896551724138,0.5933333333333334
73,bing,True,TIFGSM,alexnet,50/50,alexnet,bing,30/70,0.50344825,0.42857142857142855,0.5733333333333334
74,bing,True,TIFGSM,alexnet,50/50,alexnet,bing,40/60,0.53401357,0.2620689655172414,0.7986577181208053
75,bing,True,TIFGSM,alexnet,50/50,alexnet,bing,50/50,0.5392491,0.2222222222222222,0.8456375838926175
76,bing,True,TIFGSM,alexnet,50/50,resnet,bing,20/80,0.0887372,0.17482517482517482,0.006666666666666667
77,bing,True,TIFGSM,alexnet,50/50,resnet,bing,30/70,0.07849829,0.13286713286713286,0.02666666666666667
78,bing,True,TIFGSM,alexnet,50/50,resnet,bing,40/60,0.047457628,0.04827586206896552,0.04666666666666667
79,bing,True,TIFGSM,alexnet,50/50,resnet,bing,50/50,0.054237287,0.04827586206896552,0.06
80,bing,True,TIFGSM,alexnet,50/50,vgg,bing,20/80,0.07482993,0.1388888888888889,0.013333333333333334
81,bing,True,TIFGSM,alexnet,50/50,vgg,bing,30/70,0.061016947,0.07586206896551724,0.04666666666666667
82,bing,True,TIFGSM,alexnet,50/50,vgg,bing,40/60,0.054237287,0.07586206896551724,0.03333333333333333
83,bing,True,TIFGSM,alexnet,50/50,vgg,bing,50/50,0.04391892,0.03424657534246575,0.05333333333333334
84,bing,True,TIFGSM,alexnet,50/50,alexnet,google,20/80,0.42666668,0.37333333333333335,0.48
85,bing,True,TIFGSM,alexnet,50/50,alexnet,google,30/70,0.5566667,0.37333333333333335,0.74
86,bing,True,TIFGSM,alexnet,50/50,alexnet,google,40/60,0.50666666,0.3333333333333333,0.68
87,bing,True,TIFGSM,alexnet,50/50,alexnet,google,50/50,0.51,0.30666666666666664,0.7133333333333334
88,bing,True,TIFGSM,alexnet,50/50,resnet,google,20/80,0.083333336,0.14666666666666667,0.02
89,bing,True,TIFGSM,alexnet,50/50,resnet,google,30/70,0.07,0.12666666666666668,0.013333333333333334
90,bing,True,TIFGSM,alexnet,50/50,resnet,google,40/60,0.06666667,0.08,0.05333333333333334
91,bing,True,TIFGSM,alexnet,50/50,resnet,google,50/50,0.053333335,0.05333333333333334,0.05333333333333334
92,bing,True,TIFGSM,alexnet,50/50,vgg,google,20/80,0.083333336,0.14666666666666667,0.02
93,bing,True,TIFGSM,alexnet,50/50,vgg,google,30/70,0.07,0.1,0.04
94,bing,True,TIFGSM,alexnet,50/50,vgg,google,40/60,0.06333333,0.08,0.04666666666666667
95,bing,True,TIFGSM,alexnet,50/50,vgg,google,50/50,0.05,0.07333333333333333,0.02666666666666667
96,bing,True,TIFGSM,resnet,20/80,alexnet,bing,20/80,0.05762712,0.06896551724137931,0.04666666666666667
97,bing,True,TIFGSM,resnet,20/80,alexnet,bing,30/70,0.03448276,0.05,0.02
98,bing,True,TIFGSM,resnet,20/80,alexnet,bing,40/60,0.044217687,0.0,0.087248322147651
99,bing,True,TIFGSM,resnet,20/80,alexnet,bing,50/50,0.047781568,0.0,0.09395973154362416
100,bing,True,TIFGSM,resnet,20/80,resnet,bing,20/80,0.5085324,0.5314685314685315,0.4866666666666667
101,bing,True,TIFGSM,resnet,20/80,resnet,bing,30/70,0.3651877,0.3776223776223776,0.35333333333333333
102,bing,True,TIFGSM,resnet,20/80,resnet,bing,40/60,0.37288135,0.23448275862068965,0.5066666666666667
103,bing,True,TIFGSM,resnet,20/80,resnet,bing,50/50,0.36610168,0.2,0.5266666666666666
104,bing,True,TIFGSM,resnet,20/80,vgg,bing,20/80,0.13265306,0.2013888888888889,0.06666666666666667
105,bing,True,TIFGSM,resnet,20/80,vgg,bing,30/70,0.10508475,0.07586206896551724,0.13333333333333333
106,bing,True,TIFGSM,resnet,20/80,vgg,bing,40/60,0.108474575,0.0896551724137931,0.12666666666666668
107,bing,True,TIFGSM,resnet,20/80,vgg,bing,50/50,0.104729734,0.0547945205479452,0.15333333333333332
108,bing,True,TIFGSM,resnet,20/80,alexnet,google,20/80,0.05,0.08,0.02
109,bing,True,TIFGSM,resnet,20/80,alexnet,google,30/70,0.060000002,0.06666666666666667,0.05333333333333334
110,bing,True,TIFGSM,resnet,20/80,alexnet,google,40/60,0.060000002,0.05333333333333334,0.06666666666666667
111,bing,True,TIFGSM,resnet,20/80,alexnet,google,50/50,0.046666667,0.05333333333333334,0.04
112,bing,True,TIFGSM,resnet,20/80,resnet,google,20/80,0.46333334,0.47333333333333333,0.4533333333333333
113,bing,True,TIFGSM,resnet,20/80,resnet,google,30/70,0.33,0.37333333333333335,0.2866666666666667
114,bing,True,TIFGSM,resnet,20/80,resnet,google,40/60,0.35666668,0.24,0.47333333333333333
115,bing,True,TIFGSM,resnet,20/80,resnet,google,50/50,0.34,0.22,0.46
116,bing,True,TIFGSM,resnet,20/80,vgg,google,20/80,0.120000005,0.18666666666666668,0.05333333333333334
117,bing,True,TIFGSM,resnet,20/80,vgg,google,30/70,0.10333334,0.1,0.10666666666666667
118,bing,True,TIFGSM,resnet,20/80,vgg,google,40/60,0.10666667,0.08666666666666667,0.12666666666666668
119,bing,True,TIFGSM,resnet,20/80,vgg,google,50/50,0.123333335,0.08,0.16666666666666666
120,bing,True,TIFGSM,resnet,30/70,alexnet,bing,20/80,0.047457628,0.05517241379310345,0.04
121,bing,True,TIFGSM,resnet,30/70,alexnet,bing,30/70,0.04137931,0.05714285714285714,0.02666666666666667
122,bing,True,TIFGSM,resnet,30/70,alexnet,bing,40/60,0.040816326,0.006896551724137931,0.0738255033557047
123,bing,True,TIFGSM,resnet,30/70,alexnet,bing,50/50,0.058020476,0.006944444444444444,0.10738255033557047
124,bing,True,TIFGSM,resnet,30/70,resnet,bing,20/80,0.3549488,0.46853146853146854,0.24666666666666667
125,bing,True,TIFGSM,resnet,30/70,resnet,bing,30/70,0.51194537,0.4755244755244755,0.5466666666666666
126,bing,True,TIFGSM,resnet,30/70,resnet,bing,40/60,0.39661017,0.2896551724137931,0.5
127,bing,True,TIFGSM,resnet,30/70,resnet,bing,50/50,0.4033898,0.2482758620689655,0.5533333333333333
128,bing,True,TIFGSM,resnet,30/70,vgg,bing,20/80,0.13605443,0.2013888888888889,0.07333333333333333
129,bing,True,TIFGSM,resnet,30/70,vgg,bing,30/70,0.11525424,0.08275862068965517,0.14666666666666667
130,bing,True,TIFGSM,resnet,30/70,vgg,bing,40/60,0.12542373,0.1103448275862069,0.14
131,bing,True,TIFGSM,resnet,30/70,vgg,bing,50/50,0.10810811,0.04794520547945205,0.16666666666666666
132,bing,True,TIFGSM,resnet,30/70,alexnet,google,20/80,0.05666667,0.09333333333333334,0.02
133,bing,True,TIFGSM,resnet,30/70,alexnet,google,30/70,0.053333335,0.06666666666666667,0.04
134,bing,True,TIFGSM,resnet,30/70,alexnet,google,40/60,0.046666667,0.05333333333333334,0.04
135,bing,True,TIFGSM,resnet,30/70,alexnet,google,50/50,0.05666667,0.04666666666666667,0.06666666666666667
136,bing,True,TIFGSM,resnet,30/70,resnet,google,20/80,0.31,0.38,0.24
137,bing,True,TIFGSM,resnet,30/70,resnet,google,30/70,0.42333335,0.44666666666666666,0.4
138,bing,True,TIFGSM,resnet,30/70,resnet,google,40/60,0.38,0.28,0.48
139,bing,True,TIFGSM,resnet,30/70,resnet,google,50/50,0.34,0.22,0.46
140,bing,True,TIFGSM,resnet,30/70,vgg,google,20/80,0.120000005,0.19333333333333333,0.04666666666666667
141,bing,True,TIFGSM,resnet,30/70,vgg,google,30/70,0.11,0.1,0.12
142,bing,True,TIFGSM,resnet,30/70,vgg,google,40/60,0.11333334,0.08,0.14666666666666667
143,bing,True,TIFGSM,resnet,30/70,vgg,google,50/50,0.11333334,0.06,0.16666666666666666
144,bing,True,TIFGSM,resnet,40/60,alexnet,bing,20/80,0.05762712,0.06206896551724138,0.05333333333333334
145,bing,True,TIFGSM,resnet,40/60,alexnet,bing,30/70,0.037931032,0.05,0.02666666666666667
146,bing,True,TIFGSM,resnet,40/60,alexnet,bing,40/60,0.05782313,0.013793103448275862,0.10067114093959731
147,bing,True,TIFGSM,resnet,40/60,alexnet,bing,50/50,0.06484641,0.006944444444444444,0.12080536912751678
148,bing,True,TIFGSM,resnet,40/60,resnet,bing,20/80,0.38225254,0.4755244755244755,0.29333333333333333
149,bing,True,TIFGSM,resnet,40/60,resnet,bing,30/70,0.4334471,0.4125874125874126,0.4533333333333333
150,bing,True,TIFGSM,resnet,40/60,resnet,bing,40/60,0.57288134,0.4068965517241379,0.7333333333333333
151,bing,True,TIFGSM,resnet,40/60,resnet,bing,50/50,0.5016949,0.33793103448275863,0.66
152,bing,True,TIFGSM,resnet,40/60,vgg,bing,20/80,0.14285713,0.2222222222222222,0.06666666666666667
153,bing,True,TIFGSM,resnet,40/60,vgg,bing,30/70,0.16271186,0.14482758620689656,0.18
154,bing,True,TIFGSM,resnet,40/60,vgg,bing,40/60,0.19322033,0.18620689655172415,0.2
155,bing,True,TIFGSM,resnet,40/60,vgg,bing,50/50,0.13851352,0.07534246575342465,0.2
156,bing,True,TIFGSM,resnet,40/60,alexnet,google,20/80,0.05666667,0.09333333333333334,0.02
157,bing,True,TIFGSM,resnet,40/60,alexnet,google,30/70,0.06666667,0.06666666666666667,0.06666666666666667
158,bing,True,TIFGSM,resnet,40/60,alexnet,google,40/60,0.06333333,0.05333333333333334,0.07333333333333333
159,bing,True,TIFGSM,resnet,40/60,alexnet,google,50/50,0.06333333,0.05333333333333334,0.07333333333333333
160,bing,True,TIFGSM,resnet,40/60,resnet,google,20/80,0.32,0.38,0.26
161,bing,True,TIFGSM,resnet,40/60,resnet,google,30/70,0.36333334,0.4066666666666667,0.32
162,bing,True,TIFGSM,resnet,40/60,resnet,google,40/60,0.5366667,0.37333333333333335,0.7
163,bing,True,TIFGSM,resnet,40/60,resnet,google,50/50,0.39333335,0.2733333333333333,0.5133333333333333
164,bing,True,TIFGSM,resnet,40/60,vgg,google,20/80,0.14333333,0.21333333333333335,0.07333333333333333
165,bing,True,TIFGSM,resnet,40/60,vgg,google,30/70,0.11666667,0.1,0.13333333333333333
166,bing,True,TIFGSM,resnet,40/60,vgg,google,40/60,0.12666667,0.09333333333333334,0.16
167,bing,True,TIFGSM,resnet,40/60,vgg,google,50/50,0.13666667,0.10666666666666667,0.16666666666666666
168,bing,True,TIFGSM,resnet,50/50,alexnet,bing,20/80,0.047457628,0.06896551724137931,0.02666666666666667
169,bing,True,TIFGSM,resnet,50/50,alexnet,bing,30/70,0.027586207,0.03571428571428571,0.02
170,bing,True,TIFGSM,resnet,50/50,alexnet,bing,40/60,0.034013607,0.0,0.06711409395973154
171,bing,True,TIFGSM,resnet,50/50,alexnet,bing,50/50,0.0443686,0.0,0.087248322147651
172,bing,True,TIFGSM,resnet,50/50,resnet,bing,20/80,0.35153583,0.44755244755244755,0.26
173,bing,True,TIFGSM,resnet,50/50,resnet,bing,30/70,0.3890785,0.3986013986013986,0.38
174,bing,True,TIFGSM,resnet,50/50,resnet,bing,40/60,0.45762712,0.33793103448275863,0.5733333333333334
175,bing,True,TIFGSM,resnet,50/50,resnet,bing,50/50,0.5423729,0.4,0.68
176,bing,True,TIFGSM,resnet,50/50,vgg,bing,20/80,0.1292517,0.19444444444444445,0.06666666666666667
177,bing,True,TIFGSM,resnet,50/50,vgg,bing,30/70,0.1118644,0.0896551724137931,0.13333333333333333
178,bing,True,TIFGSM,resnet,50/50,vgg,bing,40/60,0.14576271,0.1103448275862069,0.18
179,bing,True,TIFGSM,resnet,50/50,vgg,bing,50/50,0.13513514,0.07534246575342465,0.19333333333333333
180,bing,True,TIFGSM,resnet,50/50,alexnet,google,20/80,0.06333333,0.1,0.02666666666666667
181,bing,True,TIFGSM,resnet,50/50,alexnet,google,30/70,0.07,0.07333333333333333,0.06666666666666667
182,bing,True,TIFGSM,resnet,50/50,alexnet,google,40/60,0.046666667,0.05333333333333334,0.04
183,bing,True,TIFGSM,resnet,50/50,alexnet,google,50/50,0.060000002,0.04666666666666667,0.07333333333333333
184,bing,True,TIFGSM,resnet,50/50,resnet,google,20/80,0.31666666,0.37333333333333335,0.26
185,bing,True,TIFGSM,resnet,50/50,resnet,google,30/70,0.34,0.38666666666666666,0.29333333333333333
186,bing,True,TIFGSM,resnet,50/50,resnet,google,40/60,0.43666667,0.32666666666666666,0.5466666666666666
187,bing,True,TIFGSM,resnet,50/50,resnet,google,50/50,0.46666667,0.3333333333333333,0.6
188,bing,True,TIFGSM,resnet,50/50,vgg,google,20/80,0.11666667,0.18,0.05333333333333334
189,bing,True,TIFGSM,resnet,50/50,vgg,google,30/70,0.10666667,0.09333333333333334,0.12
190,bing,True,TIFGSM,resnet,50/50,vgg,google,40/60,0.13333334,0.09333333333333334,0.17333333333333334
191,bing,True,TIFGSM,resnet,50/50,vgg,google,50/50,0.13666667,0.09333333333333334,0.18
192,bing,True,TIFGSM,vgg,20/80,alexnet,bing,20/80,0.037288137,0.034482758620689655,0.04
193,bing,True,TIFGSM,vgg,20/80,alexnet,bing,30/70,0.027586207,0.02857142857142857,0.02666666666666667
194,bing,True,TIFGSM,vgg,20/80,alexnet,bing,40/60,0.044217687,0.0,0.087248322147651
195,bing,True,TIFGSM,vgg,20/80,alexnet,bing,50/50,0.058020476,0.0,0.11409395973154363
196,bing,True,TIFGSM,vgg,20/80,resnet,bing,20/80,0.08532423,0.16783216783216784,0.006666666666666667
197,bing,True,TIFGSM,vgg,20/80,resnet,bing,30/70,0.07508532,0.11188811188811189,0.04
198,bing,True,TIFGSM,vgg,20/80,resnet,bing,40/60,0.050847456,0.020689655172413793,0.08
199,bing,True,TIFGSM,vgg,20/80,resnet,bing,50/50,0.06779661,0.020689655172413793,0.11333333333333333
200,bing,True,TIFGSM,vgg,20/80,vgg,bing,20/80,0.670068,0.5486111111111112,0.7866666666666666
201,bing,True,TIFGSM,vgg,20/80,vgg,bing,30/70,0.64406776,0.46206896551724136,0.82
202,bing,True,TIFGSM,vgg,20/80,vgg,bing,40/60,0.6779661,0.47586206896551725,0.8733333333333333
203,bing,True,TIFGSM,vgg,20/80,vgg,bing,50/50,0.6013514,0.410958904109589,0.7866666666666666
204,bing,True,TIFGSM,vgg,20/80,alexnet,google,20/80,0.05,0.06666666666666667,0.03333333333333333
205,bing,True,TIFGSM,vgg,20/80,alexnet,google,30/70,0.06333333,0.06,0.06666666666666667
206,bing,True,TIFGSM,vgg,20/80,alexnet,google,40/60,0.05666667,0.04666666666666667,0.06666666666666667
207,bing,True,TIFGSM,vgg,20/80,alexnet,google,50/50,0.053333335,0.03333333333333333,0.07333333333333333
208,bing,True,TIFGSM,vgg,20/80,resnet,google,20/80,0.09666667,0.16,0.03333333333333333
209,bing,True,TIFGSM,vgg,20/80,resnet,google,30/70,0.08,0.12666666666666668,0.03333333333333333
210,bing,True,TIFGSM,vgg,20/80,resnet,google,40/60,0.07,0.05333333333333334,0.08666666666666667
211,bing,True,TIFGSM,vgg,20/80,resnet,google,50/50,0.07333334,0.04666666666666667,0.1
212,bing,True,TIFGSM,vgg,20/80,vgg,google,20/80,0.60333335,0.52,0.6866666666666666
213,bing,True,TIFGSM,vgg,20/80,vgg,google,30/70,0.59333336,0.44,0.7466666666666667
214,bing,True,TIFGSM,vgg,20/80,vgg,google,40/60,0.64,0.44666666666666666,0.8333333333333334
215,bing,True,TIFGSM,vgg,20/80,vgg,google,50/50,0.61,0.4266666666666667,0.7933333333333333
216,bing,True,TIFGSM,vgg,30/70,alexnet,bing,20/80,0.033898305,0.041379310344827586,0.02666666666666667
217,bing,True,TIFGSM,vgg,30/70,alexnet,bing,30/70,0.027586207,0.02142857142857143,0.03333333333333333
218,bing,True,TIFGSM,vgg,30/70,alexnet,bing,40/60,0.040816326,0.0,0.08053691275167785
219,bing,True,TIFGSM,vgg,30/70,alexnet,bing,50/50,0.047781568,0.0,0.09395973154362416
220,bing,True,TIFGSM,vgg,30/70,resnet,bing,20/80,0.09215017,0.17482517482517482,0.013333333333333334
221,bing,True,TIFGSM,vgg,30/70,resnet,bing,30/70,0.07508532,0.11188811188811189,0.04
222,bing,True,TIFGSM,vgg,30/70,resnet,bing,40/60,0.050847456,0.013793103448275862,0.08666666666666667
223,bing,True,TIFGSM,vgg,30/70,resnet,bing,50/50,0.06779661,0.027586206896551724,0.10666666666666667
224,bing,True,TIFGSM,vgg,30/70,vgg,bing,20/80,0.5986394,0.5208333333333334,0.6733333333333333
225,bing,True,TIFGSM,vgg,30/70,vgg,bing,30/70,0.6576271,0.46206896551724136,0.8466666666666667
226,bing,True,TIFGSM,vgg,30/70,vgg,bing,40/60,0.6745763,0.4896551724137931,0.8533333333333334
227,bing,True,TIFGSM,vgg,30/70,vgg,bing,50/50,0.6114865,0.4246575342465753,0.7933333333333333
228,bing,True,TIFGSM,vgg,30/70,alexnet,google,20/80,0.046666667,0.06666666666666667,0.02666666666666667
229,bing,True,TIFGSM,vgg,30/70,alexnet,google,30/70,0.07,0.06,0.08
230,bing,True,TIFGSM,vgg,30/70,alexnet,google,40/60,0.05666667,0.04666666666666667,0.06666666666666667
231,bing,True,TIFGSM,vgg,30/70,alexnet,google,50/50,0.05666667,0.04666666666666667,0.06666666666666667
232,bing,True,TIFGSM,vgg,30/70,resnet,google,20/80,0.09,0.16666666666666666,0.013333333333333334
233,bing,True,TIFGSM,vgg,30/70,resnet,google,30/70,0.083333336,0.14,0.02666666666666667
234,bing,True,TIFGSM,vgg,30/70,resnet,google,40/60,0.06333333,0.05333333333333334,0.07333333333333333
235,bing,True,TIFGSM,vgg,30/70,resnet,google,50/50,0.06666667,0.05333333333333334,0.08
236,bing,True,TIFGSM,vgg,30/70,vgg,google,20/80,0.55333334,0.4866666666666667,0.62
237,bing,True,TIFGSM,vgg,30/70,vgg,google,30/70,0.61333334,0.4533333333333333,0.7733333333333333
238,bing,True,TIFGSM,vgg,30/70,vgg,google,40/60,0.62666667,0.44,0.8133333333333334
239,bing,True,TIFGSM,vgg,30/70,vgg,google,50/50,0.6,0.44,0.76
240,bing,True,TIFGSM,vgg,40/60,alexnet,bing,20/80,0.040677965,0.05517241379310345,0.02666666666666667
241,bing,True,TIFGSM,vgg,40/60,alexnet,bing,30/70,0.024137931,0.02142857142857143,0.02666666666666667
242,bing,True,TIFGSM,vgg,40/60,alexnet,bing,40/60,0.040816326,0.0,0.08053691275167785
243,bing,True,TIFGSM,vgg,40/60,alexnet,bing,50/50,0.051194537,0.0,0.10067114093959731
244,bing,True,TIFGSM,vgg,40/60,resnet,bing,20/80,0.095563136,0.1888111888111888,0.006666666666666667
245,bing,True,TIFGSM,vgg,40/60,resnet,bing,30/70,0.07167235,0.11188811188811189,0.03333333333333333
246,bing,True,TIFGSM,vgg,40/60,resnet,bing,40/60,0.040677965,0.020689655172413793,0.06
247,bing,True,TIFGSM,vgg,40/60,resnet,bing,50/50,0.06440678,0.034482758620689655,0.09333333333333334
248,bing,True,TIFGSM,vgg,40/60,vgg,bing,20/80,0.5442177,0.4861111111111111,0.6
249,bing,True,TIFGSM,vgg,40/60,vgg,bing,30/70,0.59999996,0.4413793103448276,0.7533333333333333
250,bing,True,TIFGSM,vgg,40/60,vgg,bing,40/60,0.6576271,0.496551724137931,0.8133333333333334
251,bing,True,TIFGSM,vgg,40/60,vgg,bing,50/50,0.5878379,0.410958904109589,0.76
252,bing,True,TIFGSM,vgg,40/60,alexnet,google,20/80,0.053333335,0.08,0.02666666666666667
253,bing,True,TIFGSM,vgg,40/60,alexnet,google,30/70,0.060000002,0.06666666666666667,0.05333333333333334
254,bing,True,TIFGSM,vgg,40/60,alexnet,google,40/60,0.05,0.05333333333333334,0.04666666666666667
255,bing,True,TIFGSM,vgg,40/60,alexnet,google,50/50,0.05,0.04666666666666667,0.05333333333333334
256,bing,True,TIFGSM,vgg,40/60,resnet,google,20/80,0.093333334,0.17333333333333334,0.013333333333333334
257,bing,True,TIFGSM,vgg,40/60,resnet,google,30/70,0.07666667,0.13333333333333333,0.02
258,bing,True,TIFGSM,vgg,40/60,resnet,google,40/60,0.060000002,0.05333333333333334,0.06666666666666667
259,bing,True,TIFGSM,vgg,40/60,resnet,google,50/50,0.07333334,0.06666666666666667,0.08
260,bing,True,TIFGSM,vgg,40/60,vgg,google,20/80,0.53000003,0.47333333333333333,0.5866666666666667
261,bing,True,TIFGSM,vgg,40/60,vgg,google,30/70,0.5466667,0.43333333333333335,0.66
262,bing,True,TIFGSM,vgg,40/60,vgg,google,40/60,0.62333333,0.46,0.7866666666666666
263,bing,True,TIFGSM,vgg,40/60,vgg,google,50/50,0.59333336,0.4533333333333333,0.7333333333333333
264,bing,True,TIFGSM,vgg,50/50,alexnet,bing,20/80,0.033898305,0.041379310344827586,0.02666666666666667
265,bing,True,TIFGSM,vgg,50/50,alexnet,bing,30/70,0.024137931,0.014285714285714285,0.03333333333333333
266,bing,True,TIFGSM,vgg,50/50,alexnet,bing,40/60,0.037414964,0.0,0.0738255033557047
267,bing,True,TIFGSM,vgg,50/50,alexnet,bing,50/50,0.061433446,0.0,0.12080536912751678
268,bing,True,TIFGSM,vgg,50/50,resnet,bing,20/80,0.095563136,0.1958041958041958,0.0
269,bing,True,TIFGSM,vgg,50/50,resnet,bing,30/70,0.07508532,0.11888111888111888,0.03333333333333333
270,bing,True,TIFGSM,vgg,50/50,resnet,bing,40/60,0.040677965,0.027586206896551724,0.05333333333333334
271,bing,True,TIFGSM,vgg,50/50,resnet,bing,50/50,0.06440678,0.041379310344827586,0.08666666666666667
272,bing,True,TIFGSM,vgg,50/50,vgg,bing,20/80,0.52040815,0.4861111111111111,0.5533333333333333
273,bing,True,TIFGSM,vgg,50/50,vgg,bing,30/70,0.5898305,0.4413793103448276,0.7333333333333333
274,bing,True,TIFGSM,vgg,50/50,vgg,bing,40/60,0.6677966,0.4827586206896552,0.8466666666666667
275,bing,True,TIFGSM,vgg,50/50,vgg,bing,50/50,0.6216216,0.4315068493150685,0.8066666666666666
276,bing,True,TIFGSM,vgg,50/50,alexnet,google,20/80,0.05,0.08,0.02
277,bing,True,TIFGSM,vgg,50/50,alexnet,google,30/70,0.05666667,0.06666666666666667,0.04666666666666667
278,bing,True,TIFGSM,vgg,50/50,alexnet,google,40/60,0.05,0.04666666666666667,0.05333333333333334
279,bing,True,TIFGSM,vgg,50/50,alexnet,google,50/50,0.04,0.03333333333333333,0.04666666666666667
280,bing,True,TIFGSM,vgg,50/50,resnet,google,20/80,0.09,0.17333333333333334,0.006666666666666667
281,bing,True,TIFGSM,vgg,50/50,resnet,google,30/70,0.086666666,0.15333333333333332,0.02
282,bing,True,TIFGSM,vgg,50/50,resnet,google,40/60,0.053333335,0.06,0.04666666666666667
283,bing,True,TIFGSM,vgg,50/50,resnet,google,50/50,0.07,0.06,0.08
284,bing,True,TIFGSM,vgg,50/50,vgg,google,20/80,0.50333333,0.46,0.5466666666666666
285,bing,True,TIFGSM,vgg,50/50,vgg,google,30/70,0.54,0.42,0.66
286,bing,True,TIFGSM,vgg,50/50,vgg,google,40/60,0.5966667,0.4266666666666667,0.7666666666666667
287,bing,True,TIFGSM,vgg,50/50,vgg,google,50/50,0.62,0.4533333333333333,0.7866666666666666
288,google,True,TIFGSM,alexnet,20/80,alexnet,bing,20/80,0.29666668,0.16,0.43333333333333335
289,google,True,TIFGSM,alexnet,20/80,alexnet,bing,30/70,0.28666666,0.18,0.3933333333333333
290,google,True,TIFGSM,alexnet,20/80,alexnet,bing,40/60,0.35333335,0.06666666666666667,0.64
291,google,True,TIFGSM,alexnet,20/80,alexnet,bing,50/50,0.38,0.04666666666666667,0.7133333333333334
292,google,True,TIFGSM,alexnet,20/80,resnet,bing,20/80,0.046666667,0.06,0.03333333333333333
293,google,True,TIFGSM,alexnet,20/80,resnet,bing,30/70,0.03666667,0.04,0.03333333333333333
294,google,True,TIFGSM,alexnet,20/80,resnet,bing,40/60,0.05,0.02,0.08
295,google,True,TIFGSM,alexnet,20/80,resnet,bing,50/50,0.05666667,0.013333333333333334,0.1
296,google,True,TIFGSM,alexnet,20/80,vgg,bing,20/80,0.026666667,0.04,0.013333333333333334
297,google,True,TIFGSM,alexnet,20/80,vgg,bing,30/70,0.05,0.02666666666666667,0.07333333333333333
298,google,True,TIFGSM,alexnet,20/80,vgg,bing,40/60,0.043333333,0.013333333333333334,0.07333333333333333
299,google,True,TIFGSM,alexnet,20/80,vgg,bing,50/50,0.053333335,0.013333333333333334,0.09333333333333334
300,google,True,TIFGSM,alexnet,20/80,alexnet,google,20/80,0.35932204,0.19310344827586207,0.52
301,google,True,TIFGSM,alexnet,20/80,alexnet,google,30/70,0.38305083,0.11564625850340136,0.6486486486486487
302,google,True,TIFGSM,alexnet,20/80,alexnet,google,40/60,0.3457627,0.08783783783783784,0.6054421768707483
303,google,True,TIFGSM,alexnet,20/80,alexnet,google,50/50,0.34343433,0.07333333333333333,0.6190476190476191
304,google,True,TIFGSM,alexnet,20/80,resnet,google,20/80,0.030405406,0.00684931506849315,0.05333333333333334
305,google,True,TIFGSM,alexnet,20/80,resnet,google,30/70,0.033557046,0.013513513513513514,0.05333333333333334
306,google,True,TIFGSM,alexnet,20/80,resnet,google,40/60,0.04040404,0.006711409395973154,0.07432432432432433
307,google,True,TIFGSM,alexnet,20/80,resnet,google,50/50,0.037162162,0.0,0.07482993197278912
308,google,True,TIFGSM,alexnet,20/80,vgg,google,20/80,0.02020202,0.02040816326530612,0.02
309,google,True,TIFGSM,alexnet,20/80,vgg,google,30/70,0.036789298,0.0,0.07333333333333333
310,google,True,TIFGSM,alexnet,20/80,vgg,google,40/60,0.04026846,0.0,0.08053691275167785
311,google,True,TIFGSM,alexnet,20/80,vgg,google,50/50,0.04026846,0.0,0.08053691275167785
312,google,True,TIFGSM,alexnet,30/70,alexnet,bing,20/80,0.31666666,0.16,0.47333333333333333
313,google,True,TIFGSM,alexnet,30/70,alexnet,bing,30/70,0.32333335,0.19333333333333333,0.4533333333333333
314,google,True,TIFGSM,alexnet,30/70,alexnet,bing,40/60,0.37666667,0.08666666666666667,0.6666666666666666
315,google,True,TIFGSM,alexnet,30/70,alexnet,bing,50/50,0.3866667,0.04666666666666667,0.7266666666666667
316,google,True,TIFGSM,alexnet,30/70,resnet,bing,20/80,0.043333333,0.05333333333333334,0.03333333333333333
317,google,True,TIFGSM,alexnet,30/70,resnet,bing,30/70,0.04,0.04666666666666667,0.03333333333333333
318,google,True,TIFGSM,alexnet,30/70,resnet,bing,40/60,0.05666667,0.02666666666666667,0.08666666666666667
319,google,True,TIFGSM,alexnet,30/70,resnet,bing,50/50,0.053333335,0.006666666666666667,0.1
320,google,True,TIFGSM,alexnet,30/70,vgg,bing,20/80,0.030000001,0.04,0.02
321,google,True,TIFGSM,alexnet,30/70,vgg,bing,30/70,0.046666667,0.02,0.07333333333333333
322,google,True,TIFGSM,alexnet,30/70,vgg,bing,40/60,0.046666667,0.006666666666666667,0.08666666666666667
323,google,True,TIFGSM,alexnet,30/70,vgg,bing,50/50,0.05666667,0.006666666666666667,0.10666666666666667
324,google,True,TIFGSM,alexnet,30/70,alexnet,google,20/80,0.32881355,0.13793103448275862,0.5133333333333333
325,google,True,TIFGSM,alexnet,30/70,alexnet,google,30/70,0.4237288,0.14965986394557823,0.6959459459459459
326,google,True,TIFGSM,alexnet,30/70,alexnet,google,40/60,0.37966102,0.08783783783783784,0.673469387755102
327,google,True,TIFGSM,alexnet,30/70,alexnet,google,50/50,0.36700335,0.09333333333333334,0.6462585034013606
328,google,True,TIFGSM,alexnet,30/70,resnet,google,20/80,0.037162162,0.02054794520547945,0.05333333333333334
329,google,True,TIFGSM,alexnet,30/70,resnet,google,30/70,0.030201342,0.013513513513513514,0.04666666666666667
330,google,True,TIFGSM,alexnet,30/70,resnet,google,40/60,0.05050505,0.006711409395973154,0.0945945945945946
331,google,True,TIFGSM,alexnet,30/70,resnet,google,50/50,0.040540542,0.0,0.08163265306122448
332,google,True,TIFGSM,alexnet,30/70,vgg,google,20/80,0.033670034,0.02040816326530612,0.04666666666666667
333,google,True,TIFGSM,alexnet,30/70,vgg,google,30/70,0.040133778,0.006711409395973154,0.07333333333333333
334,google,True,TIFGSM,alexnet,30/70,vgg,google,40/60,0.05033557,0.006711409395973154,0.09395973154362416
335,google,True,TIFGSM,alexnet,30/70,vgg,google,50/50,0.06375839,0.0,0.12751677852348994
336,google,True,TIFGSM,alexnet,40/60,alexnet,bing,20/80,0.37,0.22,0.52
337,google,True,TIFGSM,alexnet,40/60,alexnet,bing,30/70,0.34333333,0.21333333333333335,0.47333333333333333
338,google,True,TIFGSM,alexnet,40/60,alexnet,bing,40/60,0.41333336,0.12,0.7066666666666667
339,google,True,TIFGSM,alexnet,40/60,alexnet,bing,50/50,0.42666668,0.08,0.7733333333333333
340,google,True,TIFGSM,alexnet,40/60,resnet,bing,20/80,0.05666667,0.06666666666666667,0.04666666666666667
341,google,True,TIFGSM,alexnet,40/60,resnet,bing,30/70,0.05,0.05333333333333334,0.04666666666666667
342,google,True,TIFGSM,alexnet,40/60,resnet,bing,40/60,0.05666667,0.02,0.09333333333333334
343,google,True,TIFGSM,alexnet,40/60,resnet,bing,50/50,0.07,0.02666666666666667,0.11333333333333333
344,google,True,TIFGSM,alexnet,40/60,vgg,bing,20/80,0.046666667,0.07333333333333333,0.02
345,google,True,TIFGSM,alexnet,40/60,vgg,bing,30/70,0.043333333,0.02666666666666667,0.06
346,google,True,TIFGSM,alexnet,40/60,vgg,bing,40/60,0.043333333,0.02666666666666667,0.06
347,google,True,TIFGSM,alexnet,40/60,vgg,bing,50/50,0.053333335,0.02,0.08666666666666667
348,google,True,TIFGSM,alexnet,40/60,alexnet,google,20/80,0.3762712,0.1793103448275862,0.5666666666666667
349,google,True,TIFGSM,alexnet,40/60,alexnet,google,30/70,0.41355932,0.12244897959183673,0.7027027027027027
350,google,True,TIFGSM,alexnet,40/60,alexnet,google,40/60,0.41694915,0.13513513513513514,0.7006802721088435
351,google,True,TIFGSM,alexnet,40/60,alexnet,google,50/50,0.4040404,0.12,0.6938775510204082
352,google,True,TIFGSM,alexnet,40/60,resnet,google,20/80,0.040540542,0.02054794520547945,0.06
353,google,True,TIFGSM,alexnet,40/60,resnet,google,30/70,0.043624163,0.02702702702702703,0.06
354,google,True,TIFGSM,alexnet,40/60,resnet,google,40/60,0.06060606,0.013422818791946308,0.10810810810810811
355,google,True,TIFGSM,alexnet,40/60,resnet,google,50/50,0.0472973,0.006711409395973154,0.08843537414965986
356,google,True,TIFGSM,alexnet,40/60,vgg,google,20/80,0.023569023,0.02040816326530612,0.02666666666666667
357,google,True,TIFGSM,alexnet,40/60,vgg,google,30/70,0.04347826,0.013422818791946308,0.07333333333333333
358,google,True,TIFGSM,alexnet,40/60,vgg,google,40/60,0.053691275,0.013422818791946308,0.09395973154362416
359,google,True,TIFGSM,alexnet,40/60,vgg,google,50/50,0.06375839,0.013422818791946308,0.11409395973154363
360,google,True,TIFGSM,alexnet,50/50,alexnet,bing,20/80,0.32,0.19333333333333333,0.44666666666666666
361,google,True,TIFGSM,alexnet,50/50,alexnet,bing,30/70,0.30666667,0.2,0.41333333333333333
362,google,True,TIFGSM,alexnet,50/50,alexnet,bing,40/60,0.38333336,0.08666666666666667,0.68
363,google,True,TIFGSM,alexnet,50/50,alexnet,bing,50/50,0.40333334,0.08,0.7266666666666667
364,google,True,TIFGSM,alexnet,50/50,resnet,bing,20/80,0.05,0.07333333333333333,0.02666666666666667
365,google,True,TIFGSM,alexnet,50/50,resnet,bing,30/70,0.046666667,0.05333333333333334,0.04
366,google,True,TIFGSM,alexnet,50/50,resnet,bing,40/60,0.06333333,0.02666666666666667,0.1
367,google,True,TIFGSM,alexnet,50/50,resnet,bing,50/50,0.07,0.02,0.12
368,google,True,TIFGSM,alexnet,50/50,vgg,bing,20/80,0.03666667,0.04666666666666667,0.02666666666666667
369,google,True,TIFGSM,alexnet,50/50,vgg,bing,30/70,0.053333335,0.04,0.06666666666666667
370,google,True,TIFGSM,alexnet,50/50,vgg,bing,40/60,0.046666667,0.02666666666666667,0.06666666666666667
371,google,True,TIFGSM,alexnet,50/50,vgg,bing,50/50,0.053333335,0.02,0.08666666666666667
372,google,True,TIFGSM,alexnet,50/50,alexnet,google,20/80,0.32542372,0.14482758620689656,0.5
373,google,True,TIFGSM,alexnet,50/50,alexnet,google,30/70,0.39322034,0.1360544217687075,0.6486486486486487
374,google,True,TIFGSM,alexnet,50/50,alexnet,google,40/60,0.38305083,0.11486486486486487,0.6530612244897959
375,google,True,TIFGSM,alexnet,50/50,alexnet,google,50/50,0.39730638,0.11333333333333333,0.6870748299319728
376,google,True,TIFGSM,alexnet,50/50,resnet,google,20/80,0.040540542,0.02054794520547945,0.06
377,google,True,TIFGSM,alexnet,50/50,resnet,google,30/70,0.033557046,0.02702702702702703,0.04
378,google,True,TIFGSM,alexnet,50/50,resnet,google,40/60,0.06397306,0.020134228187919462,0.10810810810810811
379,google,True,TIFGSM,alexnet,50/50,resnet,google,50/50,0.054054055,0.006711409395973154,0.10204081632653061
380,google,True,TIFGSM,alexnet,50/50,vgg,google,20/80,0.033670034,0.027210884353741496,0.04
381,google,True,TIFGSM,alexnet,50/50,vgg,google,30/70,0.033444814,0.013422818791946308,0.05333333333333334
382,google,True,TIFGSM,alexnet,50/50,vgg,google,40/60,0.053691275,0.013422818791946308,0.09395973154362416
383,google,True,TIFGSM,alexnet,50/50,vgg,google,50/50,0.060402684,0.013422818791946308,0.10738255033557047
384,google,True,TIFGSM,resnet,20/80,alexnet,bing,20/80,0.03666667,0.03333333333333333,0.04
385,google,True,TIFGSM,resnet,20/80,alexnet,bing,30/70,0.02,0.013333333333333334,0.02666666666666667
386,google,True,TIFGSM,resnet,20/80,alexnet,bing,40/60,0.07666667,0.0,0.15333333333333332
387,google,True,TIFGSM,resnet,20/80,alexnet,bing,50/50,0.10333334,0.0,0.20666666666666667
388,google,True,TIFGSM,resnet,20/80,resnet,bing,20/80,0.33,0.30666666666666664,0.35333333333333333
389,google,True,TIFGSM,resnet,20/80,resnet,bing,30/70,0.24666667,0.15333333333333332,0.34
390,google,True,TIFGSM,resnet,20/80,resnet,bing,40/60,0.29333335,0.08666666666666667,0.5
391,google,True,TIFGSM,resnet,20/80,resnet,bing,50/50,0.31333333,0.08666666666666667,0.54
392,google,True,TIFGSM,resnet,20/80,vgg,bing,20/80,0.07333334,0.08,0.06666666666666667
393,google,True,TIFGSM,resnet,20/80,vgg,bing,30/70,0.1,0.04,0.16
394,google,True,TIFGSM,resnet,20/80,vgg,bing,40/60,0.120000005,0.04,0.2
395,google,True,TIFGSM,resnet,20/80,vgg,bing,50/50,0.11666667,0.02,0.21333333333333335
396,google,True,TIFGSM,resnet,20/80,alexnet,google,20/80,0.037288137,0.0,0.07333333333333333
397,google,True,TIFGSM,resnet,20/80,alexnet,google,30/70,0.06779661,0.0,0.13513513513513514
398,google,True,TIFGSM,resnet,20/80,alexnet,google,40/60,0.05762712,0.006756756756756757,0.10884353741496598
399,google,True,TIFGSM,resnet,20/80,alexnet,google,50/50,0.07070707,0.006666666666666667,0.1360544217687075
400,google,True,TIFGSM,resnet,20/80,resnet,google,20/80,0.42905405,0.2465753424657534,0.6066666666666667
401,google,True,TIFGSM,resnet,20/80,resnet,google,30/70,0.26510066,0.12837837837837837,0.4
402,google,True,TIFGSM,resnet,20/80,resnet,google,40/60,0.3097643,0.053691275167785234,0.5675675675675675
403,google,True,TIFGSM,resnet,20/80,resnet,google,50/50,0.2804054,0.04697986577181208,0.5170068027210885
404,google,True,TIFGSM,resnet,20/80,vgg,google,20/80,0.07070707,0.04081632653061224,0.1
405,google,True,TIFGSM,resnet,20/80,vgg,google,30/70,0.090301,0.013422818791946308,0.16666666666666666
406,google,True,TIFGSM,resnet,20/80,vgg,google,40/60,0.1442953,0.013422818791946308,0.2751677852348993
407,google,True,TIFGSM,resnet,20/80,vgg,google,50/50,0.147651,0.020134228187919462,0.2751677852348993
408,google,True,TIFGSM,resnet,30/70,alexnet,bing,20/80,0.04,0.03333333333333333,0.04666666666666667
409,google,True,TIFGSM,resnet,30/70,alexnet,bing,30/70,0.023333333,0.02,0.02666666666666667
410,google,True,TIFGSM,resnet,30/70,alexnet,bing,40/60,0.08,0.0,0.16
411,google,True,TIFGSM,resnet,30/70,alexnet,bing,50/50,0.11333334,0.0,0.22666666666666666
412,google,True,TIFGSM,resnet,30/70,resnet,bing,20/80,0.26333335,0.24,0.2866666666666667
413,google,True,TIFGSM,resnet,30/70,resnet,bing,30/70,0.42000002,0.25333333333333335,0.5866666666666667
414,google,True,TIFGSM,resnet,30/70,resnet,bing,40/60,0.38,0.12,0.64
415,google,True,TIFGSM,resnet,30/70,resnet,bing,50/50,0.40333334,0.11333333333333333,0.6933333333333334
416,google,True,TIFGSM,resnet,30/70,vgg,bing,20/80,0.10666667,0.09333333333333334,0.12
417,google,True,TIFGSM,resnet,30/70,vgg,bing,30/70,0.17333333,0.06666666666666667,0.28
418,google,True,TIFGSM,resnet,30/70,vgg,bing,40/60,0.17333333,0.08,0.26666666666666666
419,google,True,TIFGSM,resnet,30/70,vgg,bing,50/50,0.19,0.05333333333333334,0.32666666666666666
420,google,True,TIFGSM,resnet,30/70,alexnet,google,20/80,0.033898305,0.0,0.06666666666666667
421,google,True,TIFGSM,resnet,30/70,alexnet,google,30/70,0.06779661,0.006802721088435374,0.12837837837837837
