,source_dataset,isMath,attack,source_model,source_balancing,target_model,target_dataset,target_balancing,asr,asr_0,asr_1
0,bing,True,TIFGSM,alexnet,20/80,alexnet,bing,20/80,0.5966102,0.5172413793103449,0.6733333333333333
1,bing,True,TIFGSM,alexnet,20/80,alexnet,bing,30/70,0.54137933,0.45714285714285713,0.62
2,bing,True,TIFGSM,alexnet,20/80,alexnet,bing,40/60,0.56122446,0.32413793103448274,0.7919463087248322
3,bing,True,TIFGSM,alexnet,20/80,alexnet,bing,50/50,0.5017065,0.20833333333333334,0.785234899328859
4,bing,True,TIFGSM,alexnet,20/80,resnet,bing,20/80,0.095563136,0.1958041958041958,0.0
5,bing,True,TIFGSM,alexnet,20/80,resnet,bing,30/70,0.06825938,0.11888111888111888,0.02
6,bing,True,TIFGSM,alexnet,20/80,resnet,bing,40/60,0.037288137,0.027586206896551724,0.04666666666666667
7,bing,True,TIFGSM,alexnet,20/80,resnet,bing,50/50,0.040677965,0.027586206896551724,0.05333333333333334
8,bing,True,TIFGSM,alexnet,20/80,vgg,bing,20/80,0.06122449,0.1111111111111111,0.013333333333333334
9,bing,True,TIFGSM,alexnet,20/80,vgg,bing,30/70,0.040677965,0.04827586206896552,0.03333333333333333
10,bing,True,TIFGSM,alexnet,20/80,vgg,bing,40/60,0.037288137,0.034482758620689655,0.04
11,bing,True,TIFGSM,alexnet,20/80,vgg,bing,50/50,0.030405406,0.02054794520547945,0.04
12,bing,True,TIFGSM,alexnet,20/80,alexnet,google,20/80,0.51,0.44,0.58
13,bing,True,TIFGSM,alexnet,20/80,alexnet,google,30/70,0.56,0.38,0.74
14,bing,True,TIFGSM,alexnet,20/80,alexnet,google,40/60,0.51666665,0.35333333333333333,0.68
15,bing,True,TIFGSM,alexnet,20/80,alexnet,google,50/50,0.51,0.30666666666666664,0.7133333333333334
16,bing,True,TIFGSM,alexnet,20/80,resnet,google,20/80,0.10666667,0.18,0.03333333333333333
17,bing,True,TIFGSM,alexnet,20/80,resnet,google,30/70,0.07,0.13333333333333333,0.006666666666666667
18,bing,True,TIFGSM,alexnet,20/80,resnet,google,40/60,0.06333333,0.07333333333333333,0.05333333333333334
19,bing,True,TIFGSM,alexnet,20/80,resnet,google,50/50,0.053333335,0.06,0.04666666666666667
20,bing,True,TIFGSM,alexnet,20/80,vgg,google,20/80,0.06333333,0.12,0.006666666666666667
21,bing,True,TIFGSM,alexnet,20/80,vgg,google,30/70,0.05666667,0.07333333333333333,0.04
22,bing,True,TIFGSM,alexnet,20/80,vgg,google,40/60,0.05666667,0.06666666666666667,0.04666666666666667
23,bing,True,TIFGSM,alexnet,20/80,vgg,google,50/50,0.053333335,0.06666666666666667,0.04
24,bing,True,TIFGSM,alexnet,30/70,alexnet,bing,20/80,0.4474576,0.3586206896551724,0.5333333333333333
25,bing,True,TIFGSM,alexnet,30/70,alexnet,bing,30/70,0.50689656,0.4142857142857143,0.5933333333333334
26,bing,True,TIFGSM,alexnet,30/70,alexnet,bing,40/60,0.48979592,0.21379310344827587,0.7583892617449665
27,bing,True,TIFGSM,alexnet,30/70,alexnet,bing,50/50,0.47440273,0.1527777777777778,0.785234899328859
28,bing,True,TIFGSM,alexnet,30/70,resnet,bing,20/80,0.061433446,0.1258741258741259,0.0
29,bing,True,TIFGSM,alexnet,30/70,resnet,bing,30/70,0.04095563,0.07692307692307693,0.006666666666666667
30,bing,True,TIFGSM,alexnet,30/70,resnet,bing,40/60,0.033898305,0.020689655172413793,0.04666666666666667
31,bing,True,TIFGSM,alexnet,30/70,resnet,bing,50/50,0.027118644,0.006896551724137931,0.04666666666666667
32,bing,True,TIFGSM,alexnet,30/70,vgg,bing,20/80,0.034013607,0.05555555555555555,0.013333333333333334
33,bing,True,TIFGSM,alexnet,30/70,vgg,bing,30/70,0.013559322,0.013793103448275862,0.013333333333333334
34,bing,True,TIFGSM,alexnet,30/70,vgg,bing,40/60,0.020338982,0.013793103448275862,0.02666666666666667
35,bing,True,TIFGSM,alexnet,30/70,vgg,bing,50/50,0.016891893,0.0136986301369863,0.02
36,bing,True,TIFGSM,alexnet,30/70,alexnet,google,20/80,0.43333334,0.35333333333333333,0.5133333333333333
37,bing,True,TIFGSM,alexnet,30/70,alexnet,google,30/70,0.51,0.30666666666666664,0.7133333333333334
38,bing,True,TIFGSM,alexnet,30/70,alexnet,google,40/60,0.44333336,0.24,0.6466666666666666
39,bing,True,TIFGSM,alexnet,30/70,alexnet,google,50/50,0.4466667,0.20666666666666667,0.6866666666666666
40,bing,True,TIFGSM,alexnet,30/70,resnet,google,20/80,0.06666667,0.12,0.013333333333333334
41,bing,True,TIFGSM,alexnet,30/70,resnet,google,30/70,0.046666667,0.08666666666666667,0.006666666666666667
42,bing,True,TIFGSM,alexnet,30/70,resnet,google,40/60,0.053333335,0.05333333333333334,0.05333333333333334
43,bing,True,TIFGSM,alexnet,30/70,resnet,google,50/50,0.043333333,0.04,0.04666666666666667
44,bing,True,TIFGSM,alexnet,30/70,vgg,google,20/80,0.060000002,0.10666666666666667,0.013333333333333334
45,bing,True,TIFGSM,alexnet,30/70,vgg,google,30/70,0.04,0.06666666666666667,0.013333333333333334
46,bing,True,TIFGSM,alexnet,30/70,vgg,google,40/60,0.053333335,0.06666666666666667,0.04
47,bing,True,TIFGSM,alexnet,30/70,vgg,google,50/50,0.04,0.04,0.04
48,bing,True,TIFGSM,alexnet,40/60,alexnet,bing,20/80,0.5694915,0.4413793103448276,0.6933333333333334
49,bing,True,TIFGSM,alexnet,40/60,alexnet,bing,30/70,0.5689655,0.45714285714285713,0.6733333333333333
50,bing,True,TIFGSM,alexnet,40/60,alexnet,bing,40/60,0.5952381,0.32413793103448274,0.8590604026845637
51,bing,True,TIFGSM,alexnet,40/60,alexnet,bing,50/50,0.5631399,0.24305555555555555,0.87248322147651
52,bing,True,TIFGSM,alexnet,40/60,resnet,bing,20/80,0.09215017,0.1888111888111888,0.0
53,bing,True,TIFGSM,alexnet,40/60,resnet,bing,30/70,0.06484641,0.11888111888111888,0.013333333333333334
54,bing,True,TIFGSM,alexnet,40/60,resnet,bing,40/60,0.037288137,0.020689655172413793,0.05333333333333334
55,bing,True,TIFGSM,alexnet,40/60,resnet,bing,50/50,0.050847456,0.027586206896551724,0.07333333333333333
56,bing,True,TIFGSM,alexnet,40/60,vgg,bing,20/80,0.07482993,0.13194444444444445,0.02
57,bing,True,TIFGSM,alexnet,40/60,vgg,bing,30/70,0.054237287,0.06896551724137931,0.04
58,bing,True,TIFGSM,alexnet,40/60,vgg,bing,40/60,0.050847456,0.06206896551724138,0.04
59,bing,True,TIFGSM,alexnet,40/60,vgg,bing,50/50,0.033783786,0.02054794520547945,0.04666666666666667
60,bing,True,TIFGSM,alexnet,40/60,alexnet,google,20/80,0.5266667,0.4266666666666667,0.6266666666666667
61,bing,True,TIFGSM,alexnet,40/60,alexnet,google,30/70,0.59000003,0.3933333333333333,0.7866666666666666
62,bing,True,TIFGSM,alexnet,40/60,alexnet,google,40/60,0.54333335,0.3333333333333333,0.7533333333333333
63,bing,True,TIFGSM,alexnet,40/60,alexnet,google,50/50,0.5366667,0.3,0.7733333333333333
64,bing,True,TIFGSM,alexnet,40/60,resnet,google,20/80,0.083333336,0.16,0.006666666666666667
65,bing,True,TIFGSM,alexnet,40/60,resnet,google,30/70,0.060000002,0.11333333333333333,0.006666666666666667
66,bing,True,TIFGSM,alexnet,40/60,resnet,google,40/60,0.05666667,0.06666666666666667,0.04666666666666667
67,bing,True,TIFGSM,alexnet,40/60,resnet,google,50/50,0.05666667,0.06,0.05333333333333334
68,bing,True,TIFGSM,alexnet,40/60,vgg,google,20/80,0.07,0.12666666666666668,0.013333333333333334
69,bing,True,TIFGSM,alexnet,40/60,vgg,google,30/70,0.05,0.08,0.02
70,bing,True,TIFGSM,alexnet,40/60,vgg,google,40/60,0.053333335,0.06666666666666667,0.04
71,bing,True,TIFGSM,alexnet,40/60,vgg,google,50/50,0.043333333,0.06,0.02666666666666667
72,bing,True,TIFGSM,alexnet,50/50,alexnet,bing,20/80,0.5084746,0.4206896551724138,0.5933333333333334
73,bing,True,TIFGSM,alexnet,50/50,alexnet,bing,30/70,0.49655172,0.42142857142857143,0.5666666666666667
74,bing,True,TIFGSM,alexnet,50/50,alexnet,bing,40/60,0.5238095,0.2689655172413793,0.7718120805369127
75,bing,True,TIFGSM,alexnet,50/50,alexnet,bing,50/50,0.552901,0.25,0.8456375838926175
76,bing,True,TIFGSM,alexnet,50/50,resnet,bing,20/80,0.0887372,0.17482517482517482,0.006666666666666667
77,bing,True,TIFGSM,alexnet,50/50,resnet,bing,30/70,0.07167235,0.1258741258741259,0.02
78,bing,True,TIFGSM,alexnet,50/50,resnet,bing,40/60,0.047457628,0.041379310344827586,0.05333333333333334
79,bing,True,TIFGSM,alexnet,50/50,resnet,bing,50/50,0.05762712,0.041379310344827586,0.07333333333333333
80,bing,True,TIFGSM,alexnet,50/50,vgg,bing,20/80,0.07142857,0.125,0.02
81,bing,True,TIFGSM,alexnet,50/50,vgg,bing,30/70,0.06779661,0.0896551724137931,0.04666666666666667
82,bing,True,TIFGSM,alexnet,50/50,vgg,bing,40/60,0.054237287,0.06896551724137931,0.04
83,bing,True,TIFGSM,alexnet,50/50,vgg,bing,50/50,0.037162162,0.0273972602739726,0.04666666666666667
84,bing,True,TIFGSM,alexnet,50/50,alexnet,google,20/80,0.42666668,0.37333333333333335,0.48
85,bing,True,TIFGSM,alexnet,50/50,alexnet,google,30/70,0.55,0.36666666666666664,0.7333333333333333
86,bing,True,TIFGSM,alexnet,50/50,alexnet,google,40/60,0.51,0.34,0.68
87,bing,True,TIFGSM,alexnet,50/50,alexnet,google,50/50,0.5233334,0.32666666666666666,0.72
88,bing,True,TIFGSM,alexnet,50/50,resnet,google,20/80,0.09,0.14666666666666667,0.03333333333333333
89,bing,True,TIFGSM,alexnet,50/50,resnet,google,30/70,0.07333334,0.14,0.006666666666666667
90,bing,True,TIFGSM,alexnet,50/50,resnet,google,40/60,0.06333333,0.06666666666666667,0.06
91,bing,True,TIFGSM,alexnet,50/50,resnet,google,50/50,0.053333335,0.04666666666666667,0.06
92,bing,True,TIFGSM,alexnet,50/50,vgg,google,20/80,0.08,0.13333333333333333,0.02666666666666667
93,bing,True,TIFGSM,alexnet,50/50,vgg,google,30/70,0.06666667,0.1,0.03333333333333333
94,bing,True,TIFGSM,alexnet,50/50,vgg,google,40/60,0.05666667,0.08,0.03333333333333333
95,bing,True,TIFGSM,alexnet,50/50,vgg,google,50/50,0.05,0.07333333333333333,0.02666666666666667
96,bing,True,TIFGSM,resnet,20/80,alexnet,bing,20/80,0.054237287,0.06896551724137931,0.04
97,bing,True,TIFGSM,resnet,20/80,alexnet,bing,30/70,0.037931032,0.05714285714285714,0.02
98,bing,True,TIFGSM,resnet,20/80,alexnet,bing,40/60,0.047619045,0.006896551724137931,0.087248322147651
99,bing,True,TIFGSM,resnet,20/80,alexnet,bing,50/50,0.0443686,0.0,0.087248322147651
100,bing,True,TIFGSM,resnet,20/80,resnet,bing,20/80,0.5017065,0.5314685314685315,0.47333333333333333
101,bing,True,TIFGSM,resnet,20/80,resnet,bing,30/70,0.3549488,0.3776223776223776,0.3333333333333333
102,bing,True,TIFGSM,resnet,20/80,resnet,bing,40/60,0.37288135,0.22758620689655173,0.5133333333333333
103,bing,True,TIFGSM,resnet,20/80,resnet,bing,50/50,0.36610168,0.2,0.5266666666666666
104,bing,True,TIFGSM,resnet,20/80,vgg,bing,20/80,0.11904762,0.18055555555555555,0.06
105,bing,True,TIFGSM,resnet,20/80,vgg,bing,30/70,0.10169491,0.06896551724137931,0.13333333333333333
106,bing,True,TIFGSM,resnet,20/80,vgg,bing,40/60,0.11525424,0.10344827586206896,0.12666666666666668
107,bing,True,TIFGSM,resnet,20/80,vgg,bing,50/50,0.104729734,0.0547945205479452,0.15333333333333332
108,bing,True,TIFGSM,resnet,20/80,alexnet,google,20/80,0.05,0.08,0.02
109,bing,True,TIFGSM,resnet,20/80,alexnet,google,30/70,0.060000002,0.06666666666666667,0.05333333333333334
110,bing,True,TIFGSM,resnet,20/80,alexnet,google,40/60,0.060000002,0.05333333333333334,0.06666666666666667
111,bing,True,TIFGSM,resnet,20/80,alexnet,google,50/50,0.05,0.04666666666666667,0.05333333333333334
112,bing,True,TIFGSM,resnet,20/80,resnet,google,20/80,0.45666668,0.4666666666666667,0.44666666666666666
113,bing,True,TIFGSM,resnet,20/80,resnet,google,30/70,0.32333335,0.37333333333333335,0.2733333333333333
114,bing,True,TIFGSM,resnet,20/80,resnet,google,40/60,0.35333335,0.22666666666666666,0.48
115,bing,True,TIFGSM,resnet,20/80,resnet,google,50/50,0.32666668,0.21333333333333335,0.44
116,bing,True,TIFGSM,resnet,20/80,vgg,google,20/80,0.120000005,0.18,0.06
117,bing,True,TIFGSM,resnet,20/80,vgg,google,30/70,0.093333334,0.1,0.08666666666666667
118,bing,True,TIFGSM,resnet,20/80,vgg,google,40/60,0.11,0.08666666666666667,0.13333333333333333
119,bing,True,TIFGSM,resnet,20/80,vgg,google,50/50,0.120000005,0.08,0.16
120,bing,True,TIFGSM,resnet,30/70,alexnet,bing,20/80,0.040677965,0.041379310344827586,0.04
121,bing,True,TIFGSM,resnet,30/70,alexnet,bing,30/70,0.044827588,0.06428571428571428,0.02666666666666667
122,bing,True,TIFGSM,resnet,30/70,alexnet,bing,40/60,0.040816326,0.006896551724137931,0.0738255033557047
123,bing,True,TIFGSM,resnet,30/70,alexnet,bing,50/50,0.06484641,0.006944444444444444,0.12080536912751678
124,bing,True,TIFGSM,resnet,30/70,resnet,bing,20/80,0.334471,0.45454545454545453,0.22
125,bing,True,TIFGSM,resnet,30/70,resnet,bing,30/70,0.50511944,0.46853146853146854,0.54
126,bing,True,TIFGSM,resnet,30/70,resnet,bing,40/60,0.3898305,0.2827586206896552,0.49333333333333335
127,bing,True,TIFGSM,resnet,30/70,resnet,bing,50/50,0.4033898,0.25517241379310346,0.5466666666666666
128,bing,True,TIFGSM,resnet,30/70,vgg,bing,20/80,0.1462585,0.2152777777777778,0.08
129,bing,True,TIFGSM,resnet,30/70,vgg,bing,30/70,0.11525424,0.06896551724137931,0.16
130,bing,True,TIFGSM,resnet,30/70,vgg,bing,40/60,0.12542373,0.09655172413793103,0.15333333333333332
131,bing,True,TIFGSM,resnet,30/70,vgg,bing,50/50,0.11486487,0.04794520547945205,0.18
132,bing,True,TIFGSM,resnet,30/70,alexnet,google,20/80,0.06333333,0.10666666666666667,0.02
133,bing,True,TIFGSM,resnet,30/70,alexnet,google,30/70,0.053333335,0.06,0.04666666666666667
134,bing,True,TIFGSM,resnet,30/70,alexnet,google,40/60,0.05,0.05333333333333334,0.04666666666666667
135,bing,True,TIFGSM,resnet,30/70,alexnet,google,50/50,0.060000002,0.04666666666666667,0.07333333333333333
136,bing,True,TIFGSM,resnet,30/70,resnet,google,20/80,0.31,0.38666666666666666,0.23333333333333334
137,bing,True,TIFGSM,resnet,30/70,resnet,google,30/70,0.43666667,0.4533333333333333,0.42
138,bing,True,TIFGSM,resnet,30/70,resnet,google,40/60,0.37333333,0.26666666666666666,0.48
139,bing,True,TIFGSM,resnet,30/70,resnet,google,50/50,0.34,0.22,0.46
140,bing,True,TIFGSM,resnet,30/70,vgg,google,20/80,0.11666667,0.18666666666666668,0.04666666666666667
141,bing,True,TIFGSM,resnet,30/70,vgg,google,30/70,0.10333334,0.08666666666666667,0.12
142,bing,True,TIFGSM,resnet,30/70,vgg,google,40/60,0.11666667,0.08,0.15333333333333332
143,bing,True,TIFGSM,resnet,30/70,vgg,google,50/50,0.11666667,0.06,0.17333333333333334
144,bing,True,TIFGSM,resnet,40/60,alexnet,bing,20/80,0.061016947,0.06896551724137931,0.05333333333333334
145,bing,True,TIFGSM,resnet,40/60,alexnet,bing,30/70,0.037931032,0.05,0.02666666666666667
146,bing,True,TIFGSM,resnet,40/60,alexnet,bing,40/60,0.054421768,0.006896551724137931,0.10067114093959731
147,bing,True,TIFGSM,resnet,40/60,alexnet,bing,50/50,0.058020476,0.006944444444444444,0.10738255033557047
148,bing,True,TIFGSM,resnet,40/60,resnet,bing,20/80,0.39590442,0.4755244755244755,0.32
149,bing,True,TIFGSM,resnet,40/60,resnet,bing,30/70,0.44709897,0.42657342657342656,0.4666666666666667
150,bing,True,TIFGSM,resnet,40/60,resnet,bing,40/60,0.58305085,0.4068965517241379,0.7533333333333333
151,bing,True,TIFGSM,resnet,40/60,resnet,bing,50/50,0.5118644,0.33793103448275863,0.68
152,bing,True,TIFGSM,resnet,40/60,vgg,bing,20/80,0.1462585,0.20833333333333334,0.08666666666666667
153,bing,True,TIFGSM,resnet,40/60,vgg,bing,30/70,0.14576271,0.12413793103448276,0.16666666666666666
154,bing,True,TIFGSM,resnet,40/60,vgg,bing,40/60,0.18305084,0.1724137931034483,0.19333333333333333
155,bing,True,TIFGSM,resnet,40/60,vgg,bing,50/50,0.1418919,0.0821917808219178,0.2
156,bing,True,TIFGSM,resnet,40/60,alexnet,google,20/80,0.06666667,0.11333333333333333,0.02
157,bing,True,TIFGSM,resnet,40/60,alexnet,google,30/70,0.07,0.06666666666666667,0.07333333333333333
158,bing,True,TIFGSM,resnet,40/60,alexnet,google,40/60,0.06333333,0.06,0.06666666666666667
159,bing,True,TIFGSM,resnet,40/60,alexnet,google,50/50,0.060000002,0.05333333333333334,0.06666666666666667
160,bing,True,TIFGSM,resnet,40/60,resnet,google,20/80,0.30666667,0.37333333333333335,0.24
161,bing,True,TIFGSM,resnet,40/60,resnet,google,30/70,0.37333333,0.4066666666666667,0.34
162,bing,True,TIFGSM,resnet,40/60,resnet,google,40/60,0.5566667,0.38,0.7333333333333333
163,bing,True,TIFGSM,resnet,40/60,resnet,google,50/50,0.4166667,0.2866666666666667,0.5466666666666666
164,bing,True,TIFGSM,resnet,40/60,vgg,google,20/80,0.13666667,0.20666666666666667,0.06666666666666667
165,bing,True,TIFGSM,resnet,40/60,vgg,google,30/70,0.11333334,0.1,0.12666666666666668
166,bing,True,TIFGSM,resnet,40/60,vgg,google,40/60,0.13666667,0.10666666666666667,0.16666666666666666
167,bing,True,TIFGSM,resnet,40/60,vgg,google,50/50,0.13000001,0.1,0.16
168,bing,True,TIFGSM,resnet,50/50,alexnet,bing,20/80,0.047457628,0.06896551724137931,0.02666666666666667
169,bing,True,TIFGSM,resnet,50/50,alexnet,bing,30/70,0.031034483,0.04285714285714286,0.02
170,bing,True,TIFGSM,resnet,50/50,alexnet,bing,40/60,0.037414964,0.0,0.0738255033557047
171,bing,True,TIFGSM,resnet,50/50,alexnet,bing,50/50,0.047781568,0.0,0.09395973154362416
172,bing,True,TIFGSM,resnet,50/50,resnet,bing,20/80,0.34470987,0.44755244755244755,0.24666666666666667
173,bing,True,TIFGSM,resnet,50/50,resnet,bing,30/70,0.3890785,0.3986013986013986,0.38
174,bing,True,TIFGSM,resnet,50/50,resnet,bing,40/60,0.4440678,0.3586206896551724,0.5266666666666666
175,bing,True,TIFGSM,resnet,50/50,resnet,bing,50/50,0.5423729,0.4068965517241379,0.6733333333333333
176,bing,True,TIFGSM,resnet,50/50,vgg,bing,20/80,0.1292517,0.19444444444444445,0.06666666666666667
177,bing,True,TIFGSM,resnet,50/50,vgg,bing,30/70,0.118644066,0.0896551724137931,0.14666666666666667
178,bing,True,TIFGSM,resnet,50/50,vgg,bing,40/60,0.14915255,0.11724137931034483,0.18
179,bing,True,TIFGSM,resnet,50/50,vgg,bing,50/50,0.1418919,0.0684931506849315,0.21333333333333335
180,bing,True,TIFGSM,resnet,50/50,alexnet,google,20/80,0.06333333,0.1,0.02666666666666667
181,bing,True,TIFGSM,resnet,50/50,alexnet,google,30/70,0.07,0.08,0.06
182,bing,True,TIFGSM,resnet,50/50,alexnet,google,40/60,0.043333333,0.04666666666666667,0.04
183,bing,True,TIFGSM,resnet,50/50,alexnet,google,50/50,0.060000002,0.05333333333333334,0.06666666666666667
184,bing,True,TIFGSM,resnet,50/50,resnet,google,20/80,0.31333333,0.37333333333333335,0.25333333333333335
185,bing,True,TIFGSM,resnet,50/50,resnet,google,30/70,0.34333333,0.3933333333333333,0.29333333333333333
186,bing,True,TIFGSM,resnet,50/50,resnet,google,40/60,0.42333335,0.32666666666666666,0.52
187,bing,True,TIFGSM,resnet,50/50,resnet,google,50/50,0.46333334,0.3333333333333333,0.5933333333333334
188,bing,True,TIFGSM,resnet,50/50,vgg,google,20/80,0.11666667,0.17333333333333334,0.06
189,bing,True,TIFGSM,resnet,50/50,vgg,google,30/70,0.11333334,0.1,0.12666666666666668
190,bing,True,TIFGSM,resnet,50/50,vgg,google,40/60,0.13333334,0.1,0.16666666666666666
191,bing,True,TIFGSM,resnet,50/50,vgg,google,50/50,0.14333333,0.09333333333333334,0.19333333333333333
192,bing,True,TIFGSM,vgg,20/80,alexnet,bing,20/80,0.040677965,0.041379310344827586,0.04
193,bing,True,TIFGSM,vgg,20/80,alexnet,bing,30/70,0.031034483,0.03571428571428571,0.02666666666666667
194,bing,True,TIFGSM,vgg,20/80,alexnet,bing,40/60,0.044217687,0.0,0.087248322147651
195,bing,True,TIFGSM,vgg,20/80,alexnet,bing,50/50,0.061433446,0.0,0.12080536912751678
196,bing,True,TIFGSM,vgg,20/80,resnet,bing,20/80,0.0887372,0.16783216783216784,0.013333333333333334
197,bing,True,TIFGSM,vgg,20/80,resnet,bing,30/70,0.07849829,0.11888111888111888,0.04
198,bing,True,TIFGSM,vgg,20/80,resnet,bing,40/60,0.050847456,0.020689655172413793,0.08
199,bing,True,TIFGSM,vgg,20/80,resnet,bing,50/50,0.06779661,0.020689655172413793,0.11333333333333333
200,bing,True,TIFGSM,vgg,20/80,vgg,bing,20/80,0.67687076,0.5555555555555556,0.7933333333333333
201,bing,True,TIFGSM,vgg,20/80,vgg,bing,30/70,0.6406779,0.45517241379310347,0.82
202,bing,True,TIFGSM,vgg,20/80,vgg,bing,40/60,0.6745763,0.47586206896551725,0.8666666666666667
203,bing,True,TIFGSM,vgg,20/80,vgg,bing,50/50,0.6013514,0.410958904109589,0.7866666666666666
204,bing,True,TIFGSM,vgg,20/80,alexnet,google,20/80,0.05,0.06666666666666667,0.03333333333333333
205,bing,True,TIFGSM,vgg,20/80,alexnet,google,30/70,0.06333333,0.06,0.06666666666666667
206,bing,True,TIFGSM,vgg,20/80,alexnet,google,40/60,0.060000002,0.04666666666666667,0.07333333333333333
207,bing,True,TIFGSM,vgg,20/80,alexnet,google,50/50,0.05,0.03333333333333333,0.06666666666666667
208,bing,True,TIFGSM,vgg,20/80,resnet,google,20/80,0.093333334,0.15333333333333332,0.03333333333333333
209,bing,True,TIFGSM,vgg,20/80,resnet,google,30/70,0.083333336,0.13333333333333333,0.03333333333333333
210,bing,True,TIFGSM,vgg,20/80,resnet,google,40/60,0.07,0.05333333333333334,0.08666666666666667
211,bing,True,TIFGSM,vgg,20/80,resnet,google,50/50,0.07,0.04,0.1
212,bing,True,TIFGSM,vgg,20/80,vgg,google,20/80,0.61,0.52,0.7
213,bing,True,TIFGSM,vgg,20/80,vgg,google,30/70,0.59333336,0.4533333333333333,0.7333333333333333
214,bing,True,TIFGSM,vgg,20/80,vgg,google,40/60,0.6333333,0.44666666666666666,0.82
215,bing,True,TIFGSM,vgg,20/80,vgg,google,50/50,0.60333335,0.4266666666666667,0.78
216,bing,True,TIFGSM,vgg,30/70,alexnet,bing,20/80,0.033898305,0.041379310344827586,0.02666666666666667
217,bing,True,TIFGSM,vgg,30/70,alexnet,bing,30/70,0.027586207,0.02142857142857143,0.03333333333333333
218,bing,True,TIFGSM,vgg,30/70,alexnet,bing,40/60,0.044217687,0.0,0.087248322147651
219,bing,True,TIFGSM,vgg,30/70,alexnet,bing,50/50,0.054607507,0.0,0.10738255033557047
220,bing,True,TIFGSM,vgg,30/70,resnet,bing,20/80,0.0887372,0.16083916083916083,0.02
221,bing,True,TIFGSM,vgg,30/70,resnet,bing,30/70,0.07508532,0.1048951048951049,0.04666666666666667
222,bing,True,TIFGSM,vgg,30/70,resnet,bing,40/60,0.054237287,0.027586206896551724,0.08
223,bing,True,TIFGSM,vgg,30/70,resnet,bing,50/50,0.06440678,0.027586206896551724,0.1
224,bing,True,TIFGSM,vgg,30/70,vgg,bing,20/80,0.5986394,0.5138888888888888,0.68
225,bing,True,TIFGSM,vgg,30/70,vgg,bing,30/70,0.6542373,0.45517241379310347,0.8466666666666667
226,bing,True,TIFGSM,vgg,30/70,vgg,bing,40/60,0.6677966,0.4827586206896552,0.8466666666666667
227,bing,True,TIFGSM,vgg,30/70,vgg,bing,50/50,0.6216216,0.4383561643835616,0.8
228,bing,True,TIFGSM,vgg,30/70,alexnet,google,20/80,0.046666667,0.06666666666666667,0.02666666666666667
229,bing,True,TIFGSM,vgg,30/70,alexnet,google,30/70,0.07333334,0.06666666666666667,0.08
230,bing,True,TIFGSM,vgg,30/70,alexnet,google,40/60,0.05666667,0.04666666666666667,0.06666666666666667
231,bing,True,TIFGSM,vgg,30/70,alexnet,google,50/50,0.060000002,0.04666666666666667,0.07333333333333333
232,bing,True,TIFGSM,vgg,30/70,resnet,google,20/80,0.09,0.16666666666666666,0.013333333333333334
233,bing,True,TIFGSM,vgg,30/70,resnet,google,30/70,0.083333336,0.14,0.02666666666666667
234,bing,True,TIFGSM,vgg,30/70,resnet,google,40/60,0.06666667,0.05333333333333334,0.08
235,bing,True,TIFGSM,vgg,30/70,resnet,google,50/50,0.06666667,0.05333333333333334,0.08
236,bing,True,TIFGSM,vgg,30/70,vgg,google,20/80,0.5566667,0.48,0.6333333333333333
237,bing,True,TIFGSM,vgg,30/70,vgg,google,30/70,0.6066667,0.4533333333333333,0.76
238,bing,True,TIFGSM,vgg,30/70,vgg,google,40/60,0.63,0.44,0.82
239,bing,True,TIFGSM,vgg,30/70,vgg,google,50/50,0.5966667,0.44666666666666666,0.7466666666666667
240,bing,True,TIFGSM,vgg,40/60,alexnet,bing,20/80,0.040677965,0.05517241379310345,0.02666666666666667
241,bing,True,TIFGSM,vgg,40/60,alexnet,bing,30/70,0.020689655,0.02142857142857143,0.02
242,bing,True,TIFGSM,vgg,40/60,alexnet,bing,40/60,0.044217687,0.0,0.087248322147651
243,bing,True,TIFGSM,vgg,40/60,alexnet,bing,50/50,0.054607507,0.0,0.10738255033557047
244,bing,True,TIFGSM,vgg,40/60,resnet,bing,20/80,0.095563136,0.1888111888111888,0.006666666666666667
245,bing,True,TIFGSM,vgg,40/60,resnet,bing,30/70,0.07167235,0.11188811188811189,0.03333333333333333
246,bing,True,TIFGSM,vgg,40/60,resnet,bing,40/60,0.044067796,0.013793103448275862,0.07333333333333333
247,bing,True,TIFGSM,vgg,40/60,resnet,bing,50/50,0.06440678,0.034482758620689655,0.09333333333333334
248,bing,True,TIFGSM,vgg,40/60,vgg,bing,20/80,0.5442177,0.4861111111111111,0.6
249,bing,True,TIFGSM,vgg,40/60,vgg,bing,30/70,0.5966102,0.4413793103448276,0.7466666666666667
250,bing,True,TIFGSM,vgg,40/60,vgg,bing,40/60,0.6474576,0.4896551724137931,0.8
251,bing,True,TIFGSM,vgg,40/60,vgg,bing,50/50,0.5878379,0.410958904109589,0.76
252,bing,True,TIFGSM,vgg,40/60,alexnet,google,20/80,0.053333335,0.08,0.02666666666666667
253,bing,True,TIFGSM,vgg,40/60,alexnet,google,30/70,0.05666667,0.06666666666666667,0.04666666666666667
254,bing,True,TIFGSM,vgg,40/60,alexnet,google,40/60,0.053333335,0.05333333333333334,0.05333333333333334
255,bing,True,TIFGSM,vgg,40/60,alexnet,google,50/50,0.046666667,0.04666666666666667,0.04666666666666667
256,bing,True,TIFGSM,vgg,40/60,resnet,google,20/80,0.09666667,0.18,0.013333333333333334
257,bing,True,TIFGSM,vgg,40/60,resnet,google,30/70,0.083333336,0.14,0.02666666666666667
258,bing,True,TIFGSM,vgg,40/60,resnet,google,40/60,0.060000002,0.05333333333333334,0.06666666666666667
259,bing,True,TIFGSM,vgg,40/60,resnet,google,50/50,0.07333334,0.06666666666666667,0.08
260,bing,True,TIFGSM,vgg,40/60,vgg,google,20/80,0.5266667,0.47333333333333333,0.58
261,bing,True,TIFGSM,vgg,40/60,vgg,google,30/70,0.55,0.44,0.66
262,bing,True,TIFGSM,vgg,40/60,vgg,google,40/60,0.62333333,0.46,0.7866666666666666
263,bing,True,TIFGSM,vgg,40/60,vgg,google,50/50,0.57666665,0.44,0.7133333333333334
264,bing,True,TIFGSM,vgg,50/50,alexnet,bing,20/80,0.033898305,0.034482758620689655,0.03333333333333333
265,bing,True,TIFGSM,vgg,50/50,alexnet,bing,30/70,0.024137931,0.014285714285714285,0.03333333333333333
266,bing,True,TIFGSM,vgg,50/50,alexnet,bing,40/60,0.034013607,0.0,0.06711409395973154
267,bing,True,TIFGSM,vgg,50/50,alexnet,bing,50/50,0.054607507,0.0,0.10738255033557047
268,bing,True,TIFGSM,vgg,50/50,resnet,bing,20/80,0.095563136,0.1958041958041958,0.0
269,bing,True,TIFGSM,vgg,50/50,resnet,bing,30/70,0.06484641,0.11188811188811189,0.02
270,bing,True,TIFGSM,vgg,50/50,resnet,bing,40/60,0.040677965,0.027586206896551724,0.05333333333333334
271,bing,True,TIFGSM,vgg,50/50,resnet,bing,50/50,0.06440678,0.041379310344827586,0.08666666666666667
272,bing,True,TIFGSM,vgg,50/50,vgg,bing,20/80,0.5170068,0.4861111111111111,0.5466666666666666
273,bing,True,TIFGSM,vgg,50/50,vgg,bing,30/70,0.5864407,0.4413793103448276,0.7266666666666667
274,bing,True,TIFGSM,vgg,50/50,vgg,bing,40/60,0.66101694,0.4896551724137931,0.8266666666666667
275,bing,True,TIFGSM,vgg,50/50,vgg,bing,50/50,0.6216216,0.4383561643835616,0.8
276,bing,True,TIFGSM,vgg,50/50,alexnet,google,20/80,0.046666667,0.07333333333333333,0.02
277,bing,True,TIFGSM,vgg,50/50,alexnet,google,30/70,0.05666667,0.06666666666666667,0.04666666666666667
278,bing,True,TIFGSM,vgg,50/50,alexnet,google,40/60,0.05666667,0.05333333333333334,0.06
279,bing,True,TIFGSM,vgg,50/50,alexnet,google,50/50,0.04,0.03333333333333333,0.04666666666666667
280,bing,True,TIFGSM,vgg,50/50,resnet,google,20/80,0.086666666,0.16666666666666666,0.006666666666666667
281,bing,True,TIFGSM,vgg,50/50,resnet,google,30/70,0.09,0.16,0.02
282,bing,True,TIFGSM,vgg,50/50,resnet,google,40/60,0.053333335,0.05333333333333334,0.05333333333333334
283,bing,True,TIFGSM,vgg,50/50,resnet,google,50/50,0.06666667,0.06,0.07333333333333333
284,bing,True,TIFGSM,vgg,50/50,vgg,google,20/80,0.51,0.46,0.56
285,bing,True,TIFGSM,vgg,50/50,vgg,google,30/70,0.54,0.42,0.66
286,bing,True,TIFGSM,vgg,50/50,vgg,google,40/60,0.5866667,0.4266666666666667,0.7466666666666667
287,bing,True,TIFGSM,vgg,50/50,vgg,google,50/50,0.61,0.46,0.76
288,google,True,TIFGSM,alexnet,20/80,alexnet,bing,20/80,0.29666668,0.16,0.43333333333333335
289,google,True,TIFGSM,alexnet,20/80,alexnet,bing,30/70,0.29333335,0.18,0.4066666666666667
290,google,True,TIFGSM,alexnet,20/80,alexnet,bing,40/60,0.35333335,0.06666666666666667,0.64
291,google,True,TIFGSM,alexnet,20/80,alexnet,bing,50/50,0.37,0.04,0.7
292,google,True,TIFGSM,alexnet,20/80,resnet,bing,20/80,0.05,0.06,0.04
293,google,True,TIFGSM,alexnet,20/80,resnet,bing,30/70,0.04,0.04,0.04
294,google,True,TIFGSM,alexnet,20/80,resnet,bing,40/60,0.05666667,0.02,0.09333333333333334
295,google,True,TIFGSM,alexnet,20/80,resnet,bing,50/50,0.060000002,0.013333333333333334,0.10666666666666667
296,google,True,TIFGSM,alexnet,20/80,vgg,bing,20/80,0.033333335,0.04666666666666667,0.02
297,google,True,TIFGSM,alexnet,20/80,vgg,bing,30/70,0.04,0.02,0.06
298,google,True,TIFGSM,alexnet,20/80,vgg,bing,40/60,0.03666667,0.006666666666666667,0.06666666666666667
299,google,True,TIFGSM,alexnet,20/80,vgg,bing,50/50,0.03666667,0.006666666666666667,0.06666666666666667
300,google,True,TIFGSM,alexnet,20/80,alexnet,google,20/80,0.36271185,0.19310344827586207,0.5266666666666666
301,google,True,TIFGSM,alexnet,20/80,alexnet,google,30/70,0.3898305,0.11564625850340136,0.6621621621621622
302,google,True,TIFGSM,alexnet,20/80,alexnet,google,40/60,0.3559322,0.08783783783783784,0.6258503401360545
303,google,True,TIFGSM,alexnet,20/80,alexnet,google,50/50,0.3333333,0.07333333333333333,0.5986394557823129
304,google,True,TIFGSM,alexnet,20/80,resnet,google,20/80,0.030405406,0.00684931506849315,0.05333333333333334
305,google,True,TIFGSM,alexnet,20/80,resnet,google,30/70,0.033557046,0.013513513513513514,0.05333333333333334
306,google,True,TIFGSM,alexnet,20/80,resnet,google,40/60,0.043771043,0.006711409395973154,0.08108108108108109
307,google,True,TIFGSM,alexnet,20/80,resnet,google,50/50,0.033783786,0.0,0.06802721088435375
308,google,True,TIFGSM,alexnet,20/80,vgg,google,20/80,0.016835017,0.013605442176870748,0.02
309,google,True,TIFGSM,alexnet,20/80,vgg,google,30/70,0.02341137,0.0,0.04666666666666667
310,google,True,TIFGSM,alexnet,20/80,vgg,google,40/60,0.030201342,0.0,0.06040268456375839
311,google,True,TIFGSM,alexnet,20/80,vgg,google,50/50,0.04026846,0.0,0.08053691275167785
312,google,True,TIFGSM,alexnet,30/70,alexnet,bing,20/80,0.30666667,0.14666666666666667,0.4666666666666667
313,google,True,TIFGSM,alexnet,30/70,alexnet,bing,30/70,0.32,0.19333333333333333,0.44666666666666666
314,google,True,TIFGSM,alexnet,30/70,alexnet,bing,40/60,0.38,0.09333333333333334,0.6666666666666666
315,google,True,TIFGSM,alexnet,30/70,alexnet,bing,50/50,0.3866667,0.04666666666666667,0.7266666666666667
316,google,True,TIFGSM,alexnet,30/70,resnet,bing,20/80,0.043333333,0.05333333333333334,0.03333333333333333
317,google,True,TIFGSM,alexnet,30/70,resnet,bing,30/70,0.04,0.04666666666666667,0.03333333333333333
318,google,True,TIFGSM,alexnet,30/70,resnet,bing,40/60,0.053333335,0.013333333333333334,0.09333333333333334
319,google,True,TIFGSM,alexnet,30/70,resnet,bing,50/50,0.053333335,0.006666666666666667,0.1
320,google,True,TIFGSM,alexnet,30/70,vgg,bing,20/80,0.033333335,0.04,0.02666666666666667
321,google,True,TIFGSM,alexnet,30/70,vgg,bing,30/70,0.043333333,0.013333333333333334,0.07333333333333333
322,google,True,TIFGSM,alexnet,30/70,vgg,bing,40/60,0.053333335,0.013333333333333334,0.09333333333333334
323,google,True,TIFGSM,alexnet,30/70,vgg,bing,50/50,0.07,0.006666666666666667,0.13333333333333333
324,google,True,TIFGSM,alexnet,30/70,alexnet,google,20/80,0.32203388,0.1310344827586207,0.5066666666666667
325,google,True,TIFGSM,alexnet,30/70,alexnet,google,30/70,0.42711863,0.16326530612244897,0.6891891891891891
326,google,True,TIFGSM,alexnet,30/70,alexnet,google,40/60,0.36949152,0.08108108108108109,0.6598639455782312
327,google,True,TIFGSM,alexnet,30/70,alexnet,google,50/50,0.36026934,0.08666666666666667,0.6394557823129252
328,google,True,TIFGSM,alexnet,30/70,resnet,google,20/80,0.040540542,0.0136986301369863,0.06666666666666667
329,google,True,TIFGSM,alexnet,30/70,resnet,google,30/70,0.026845638,0.013513513513513514,0.04
330,google,True,TIFGSM,alexnet,30/70,resnet,google,40/60,0.05050505,0.0,0.10135135135135136
331,google,True,TIFGSM,alexnet,30/70,resnet,google,50/50,0.033783786,0.0,0.06802721088435375
332,google,True,TIFGSM,alexnet,30/70,vgg,google,20/80,0.026936026,0.02040816326530612,0.03333333333333333
333,google,True,TIFGSM,alexnet,30/70,vgg,google,30/70,0.04347826,0.006711409395973154,0.08
334,google,True,TIFGSM,alexnet,30/70,vgg,google,40/60,0.05704698,0.006711409395973154,0.10738255033557047
335,google,True,TIFGSM,alexnet,30/70,vgg,google,50/50,0.06375839,0.0,0.12751677852348994
336,google,True,TIFGSM,alexnet,40/60,alexnet,bing,20/80,0.36666667,0.21333333333333335,0.52
337,google,True,TIFGSM,alexnet,40/60,alexnet,bing,30/70,0.34666666,0.22,0.47333333333333333
338,google,True,TIFGSM,alexnet,40/60,alexnet,bing,40/60,0.40666667,0.1,0.7133333333333334
339,google,True,TIFGSM,alexnet,40/60,alexnet,bing,50/50,0.41,0.06,0.76
340,google,True,TIFGSM,alexnet,40/60,resnet,bing,20/80,0.053333335,0.06,0.04666666666666667
341,google,True,TIFGSM,alexnet,40/60,resnet,bing,30/70,0.05666667,0.06,0.05333333333333334
342,google,True,TIFGSM,alexnet,40/60,resnet,bing,40/60,0.05666667,0.013333333333333334,0.1
343,google,True,TIFGSM,alexnet,40/60,resnet,bing,50/50,0.06333333,0.02,0.10666666666666667
344,google,True,TIFGSM,alexnet,40/60,vgg,bing,20/80,0.04,0.06,0.02
345,google,True,TIFGSM,alexnet,40/60,vgg,bing,30/70,0.04,0.02,0.06
346,google,True,TIFGSM,alexnet,40/60,vgg,bing,40/60,0.046666667,0.02666666666666667,0.06666666666666667
347,google,True,TIFGSM,alexnet,40/60,vgg,bing,50/50,0.05666667,0.02,0.09333333333333334
348,google,True,TIFGSM,alexnet,40/60,alexnet,google,20/80,0.3762712,0.16551724137931034,0.58
349,google,True,TIFGSM,alexnet,40/60,alexnet,google,30/70,0.39322034,0.11564625850340136,0.668918918918919
350,google,True,TIFGSM,alexnet,40/60,alexnet,google,40/60,0.4237288,0.13513513513513514,0.7142857142857143
351,google,True,TIFGSM,alexnet,40/60,alexnet,google,50/50,0.4040404,0.11333333333333333,0.7006802721088435
352,google,True,TIFGSM,alexnet,40/60,resnet,google,20/80,0.037162162,0.02054794520547945,0.05333333333333334
353,google,True,TIFGSM,alexnet,40/60,resnet,google,30/70,0.04026846,0.02027027027027027,0.06
354,google,True,TIFGSM,alexnet,40/60,resnet,google,40/60,0.057239056,0.006711409395973154,0.10810810810810811
355,google,True,TIFGSM,alexnet,40/60,resnet,google,50/50,0.04391892,0.006711409395973154,0.08163265306122448
356,google,True,TIFGSM,alexnet,40/60,vgg,google,20/80,0.026936026,0.013605442176870748,0.04
357,google,True,TIFGSM,alexnet,40/60,vgg,google,30/70,0.040133778,0.013422818791946308,0.06666666666666667
358,google,True,TIFGSM,alexnet,40/60,vgg,google,40/60,0.053691275,0.013422818791946308,0.09395973154362416
359,google,True,TIFGSM,alexnet,40/60,vgg,google,50/50,0.053691275,0.006711409395973154,0.10067114093959731
360,google,True,TIFGSM,alexnet,50/50,alexnet,bing,20/80,0.32,0.18666666666666668,0.4533333333333333
361,google,True,TIFGSM,alexnet,50/50,alexnet,bing,30/70,0.29333335,0.18666666666666668,0.4
362,google,True,TIFGSM,alexnet,50/50,alexnet,bing,40/60,0.39000002,0.08,0.7
363,google,True,TIFGSM,alexnet,50/50,alexnet,bing,50/50,0.40666667,0.08666666666666667,0.7266666666666667
364,google,True,TIFGSM,alexnet,50/50,resnet,bing,20/80,0.053333335,0.07333333333333333,0.03333333333333333
365,google,True,TIFGSM,alexnet,50/50,resnet,bing,30/70,0.03666667,0.04666666666666667,0.02666666666666667
366,google,True,TIFGSM,alexnet,50/50,resnet,bing,40/60,0.060000002,0.02666666666666667,0.09333333333333334
367,google,True,TIFGSM,alexnet,50/50,resnet,bing,50/50,0.06666667,0.02666666666666667,0.10666666666666667
368,google,True,TIFGSM,alexnet,50/50,vgg,bing,20/80,0.04,0.05333333333333334,0.02666666666666667
369,google,True,TIFGSM,alexnet,50/50,vgg,bing,30/70,0.046666667,0.03333333333333333,0.06
370,google,True,TIFGSM,alexnet,50/50,vgg,bing,40/60,0.05,0.02666666666666667,0.07333333333333333
371,google,True,TIFGSM,alexnet,50/50,vgg,bing,50/50,0.046666667,0.02,0.07333333333333333
372,google,True,TIFGSM,alexnet,50/50,alexnet,google,20/80,0.32203388,0.14482758620689656,0.49333333333333335
373,google,True,TIFGSM,alexnet,50/50,alexnet,google,30/70,0.39322034,0.14285714285714285,0.6418918918918919
374,google,True,TIFGSM,alexnet,50/50,alexnet,google,40/60,0.37288135,0.10135135135135136,0.6462585034013606
375,google,True,TIFGSM,alexnet,50/50,alexnet,google,50/50,0.4006734,0.12,0.6870748299319728
376,google,True,TIFGSM,alexnet,50/50,resnet,google,20/80,0.037162162,0.0136986301369863,0.06
377,google,True,TIFGSM,alexnet,50/50,resnet,google,30/70,0.030201342,0.02702702702702703,0.03333333333333333
378,google,True,TIFGSM,alexnet,50/50,resnet,google,40/60,0.05050505,0.013422818791946308,0.08783783783783784
379,google,True,TIFGSM,alexnet,50/50,resnet,google,50/50,0.050675675,0.006711409395973154,0.09523809523809523
380,google,True,TIFGSM,alexnet,50/50,vgg,google,20/80,0.03030303,0.02040816326530612,0.04
381,google,True,TIFGSM,alexnet,50/50,vgg,google,30/70,0.033444814,0.013422818791946308,0.05333333333333334
382,google,True,TIFGSM,alexnet,50/50,vgg,google,40/60,0.053691275,0.013422818791946308,0.09395973154362416
383,google,True,TIFGSM,alexnet,50/50,vgg,google,50/50,0.05704698,0.013422818791946308,0.10067114093959731
384,google,True,TIFGSM,resnet,20/80,alexnet,bing,20/80,0.043333333,0.04,0.04666666666666667
385,google,True,TIFGSM,resnet,20/80,alexnet,bing,30/70,0.026666667,0.02,0.03333333333333333
386,google,True,TIFGSM,resnet,20/80,alexnet,bing,40/60,0.07333334,0.0,0.14666666666666667
387,google,True,TIFGSM,resnet,20/80,alexnet,bing,50/50,0.10666667,0.0,0.21333333333333335
388,google,True,TIFGSM,resnet,20/80,resnet,bing,20/80,0.33666667,0.3,0.37333333333333335
389,google,True,TIFGSM,resnet,20/80,resnet,bing,30/70,0.25666666,0.16,0.35333333333333333
390,google,True,TIFGSM,resnet,20/80,resnet,bing,40/60,0.29666668,0.08666666666666667,0.5066666666666667
391,google,True,TIFGSM,resnet,20/80,resnet,bing,50/50,0.31,0.06666666666666667,0.5533333333333333
392,google,True,TIFGSM,resnet,20/80,vgg,bing,20/80,0.08,0.08666666666666667,0.07333333333333333
393,google,True,TIFGSM,resnet,20/80,vgg,bing,30/70,0.10333334,0.03333333333333333,0.17333333333333334
394,google,True,TIFGSM,resnet,20/80,vgg,bing,40/60,0.13000001,0.04,0.22
395,google,True,TIFGSM,resnet,20/80,vgg,bing,50/50,0.123333335,0.02,0.22666666666666666
396,google,True,TIFGSM,resnet,20/80,alexnet,google,20/80,0.033898305,0.0,0.06666666666666667
397,google,True,TIFGSM,resnet,20/80,alexnet,google,30/70,0.06779661,0.0,0.13513513513513514
398,google,True,TIFGSM,resnet,20/80,alexnet,google,40/60,0.05762712,0.006756756756756757,0.10884353741496598
399,google,True,TIFGSM,resnet,20/80,alexnet,google,50/50,0.07070707,0.006666666666666667,0.1360544217687075
400,google,True,TIFGSM,resnet,20/80,resnet,google,20/80,0.43581083,0.2534246575342466,0.6133333333333333
401,google,True,TIFGSM,resnet,20/80,resnet,google,30/70,0.26174498,0.12162162162162163,0.4
402,google,True,TIFGSM,resnet,20/80,resnet,google,40/60,0.3131313,0.053691275167785234,0.5743243243243243
403,google,True,TIFGSM,resnet,20/80,resnet,google,50/50,0.29054055,0.053691275167785234,0.5306122448979592
404,google,True,TIFGSM,resnet,20/80,vgg,google,20/80,0.077441074,0.04081632653061224,0.11333333333333333
405,google,True,TIFGSM,resnet,20/80,vgg,google,30/70,0.09364548,0.013422818791946308,0.17333333333333334
406,google,True,TIFGSM,resnet,20/80,vgg,google,40/60,0.15771812,0.013422818791946308,0.30201342281879195
407,google,True,TIFGSM,resnet,20/80,vgg,google,50/50,0.16442953,0.026845637583892617,0.30201342281879195
408,google,True,TIFGSM,resnet,30/70,alexnet,bing,20/80,0.033333335,0.03333333333333333,0.03333333333333333
409,google,True,TIFGSM,resnet,30/70,alexnet,bing,30/70,0.023333333,0.02,0.02666666666666667
410,google,True,TIFGSM,resnet,30/70,alexnet,bing,40/60,0.07666667,0.0,0.15333333333333332
411,google,True,TIFGSM,resnet,30/70,alexnet,bing,50/50,0.10333334,0.0,0.20666666666666667
412,google,True,TIFGSM,resnet,30/70,resnet,bing,20/80,0.28,0.24,0.32
413,google,True,TIFGSM,resnet,30/70,resnet,bing,30/70,0.41,0.24,0.58
414,google,True,TIFGSM,resnet,30/70,resnet,bing,40/60,0.37333333,0.12,0.6266666666666667
415,google,True,TIFGSM,resnet,30/70,resnet,bing,50/50,0.39666668,0.10666666666666667,0.6866666666666666
416,google,True,TIFGSM,resnet,30/70,vgg,bing,20/80,0.1,0.1,0.1
417,google,True,TIFGSM,resnet,30/70,vgg,bing,30/70,0.16,0.06666666666666667,0.25333333333333335
418,google,True,TIFGSM,resnet,30/70,vgg,bing,40/60,0.16,0.07333333333333333,0.24666666666666667
419,google,True,TIFGSM,resnet,30/70,vgg,bing,50/50,0.18333334,0.04666666666666667,0.32
420,google,True,TIFGSM,resnet,30/70,alexnet,google,20/80,0.037288137,0.006896551724137931,0.06666666666666667
421,google,True,TIFGSM,resnet,30/70,alexnet,google,30/70,0.07118644,0.006802721088435374,0.13513513513513514
422,google,True,TIFGSM,resnet,30/70,alexnet,google,40/60,0.06440678,0.006756756756756757,0.12244897959183673
