,source_dataset,isMath,attack,source_model,source_balancing,target_model,target_dataset,target_balancing,asr,asr_0,asr_1
0,bing,True,FGSM,alexnet,20/80,alexnet,bing,20/80,0.45238096,0.16666666666666666,0.7266666666666667
1,bing,True,FGSM,alexnet,20/80,alexnet,bing,30/70,0.3862069,0.05714285714285714,0.6933333333333334
2,bing,True,FGSM,alexnet,20/80,alexnet,bing,40/60,0.44557822,0.04827586206896552,0.8322147651006712
3,bing,True,FGSM,alexnet,20/80,alexnet,bing,50/50,0.43003413,0.0,0.8456375838926175
4,bing,True,FGSM,alexnet,20/80,resnet,bing,20/80,0.18430033,0.25874125874125875,0.11333333333333333
5,bing,True,FGSM,alexnet,20/80,resnet,bing,30/70,0.1672355,0.16783216783216784,0.16666666666666666
6,bing,True,FGSM,alexnet,20/80,resnet,bing,40/60,0.3118644,0.034482758620689655,0.58
7,bing,True,FGSM,alexnet,20/80,resnet,bing,50/50,0.32881355,0.0,0.6466666666666666
8,bing,True,FGSM,alexnet,20/80,vgg,bing,20/80,0.21428572,0.4236111111111111,0.013333333333333334
9,bing,True,FGSM,alexnet,20/80,vgg,bing,30/70,0.13220339,0.1793103448275862,0.08666666666666667
10,bing,True,FGSM,alexnet,20/80,vgg,bing,40/60,0.14576271,0.19310344827586207,0.1
11,bing,True,FGSM,alexnet,20/80,vgg,bing,50/50,0.17905405,0.11643835616438356,0.24
12,bing,True,FGSM,alexnet,20/80,alexnet,google,20/80,0.43666667,0.09333333333333334,0.78
13,bing,True,FGSM,alexnet,20/80,alexnet,google,30/70,0.45000002,0.07333333333333333,0.8266666666666667
14,bing,True,FGSM,alexnet,20/80,alexnet,google,40/60,0.46,0.08,0.84
15,bing,True,FGSM,alexnet,20/80,alexnet,google,50/50,0.41,0.06,0.76
16,bing,True,FGSM,alexnet,20/80,resnet,google,20/80,0.20666668,0.14666666666666667,0.26666666666666666
17,bing,True,FGSM,alexnet,20/80,resnet,google,30/70,0.18333334,0.14,0.22666666666666666
18,bing,True,FGSM,alexnet,20/80,resnet,google,40/60,0.33666667,0.04,0.6333333333333333
19,bing,True,FGSM,alexnet,20/80,resnet,google,50/50,0.28,0.02666666666666667,0.5333333333333333
20,bing,True,FGSM,alexnet,20/80,vgg,google,20/80,0.14666668,0.22666666666666666,0.06666666666666667
21,bing,True,FGSM,alexnet,20/80,vgg,google,30/70,0.11666667,0.12666666666666668,0.10666666666666667
22,bing,True,FGSM,alexnet,20/80,vgg,google,40/60,0.14666668,0.12666666666666668,0.16666666666666666
23,bing,True,FGSM,alexnet,20/80,vgg,google,50/50,0.15,0.12666666666666668,0.17333333333333334
24,bing,True,FGSM,alexnet,30/70,alexnet,bing,20/80,0.40816325,0.14583333333333334,0.66
25,bing,True,FGSM,alexnet,30/70,alexnet,bing,30/70,0.38965517,0.07857142857142857,0.68
26,bing,True,FGSM,alexnet,30/70,alexnet,bing,40/60,0.42857143,0.020689655172413793,0.825503355704698
27,bing,True,FGSM,alexnet,30/70,alexnet,bing,50/50,0.42320818,0.0,0.8322147651006712
28,bing,True,FGSM,alexnet,30/70,resnet,bing,20/80,0.15699658,0.2517482517482518,0.06666666666666667
29,bing,True,FGSM,alexnet,30/70,resnet,bing,30/70,0.1331058,0.17482517482517482,0.09333333333333334
30,bing,True,FGSM,alexnet,30/70,resnet,bing,40/60,0.2779661,0.027586206896551724,0.52
31,bing,True,FGSM,alexnet,30/70,resnet,bing,50/50,0.28135592,0.0,0.5533333333333333
32,bing,True,FGSM,alexnet,30/70,vgg,bing,20/80,0.19387755,0.3888888888888889,0.006666666666666667
33,bing,True,FGSM,alexnet,30/70,vgg,bing,30/70,0.11525424,0.1724137931034483,0.06
34,bing,True,FGSM,alexnet,30/70,vgg,bing,40/60,0.122033894,0.1724137931034483,0.07333333333333333
35,bing,True,FGSM,alexnet,30/70,vgg,bing,50/50,0.11486487,0.08904109589041095,0.14
36,bing,True,FGSM,alexnet,30/70,alexnet,google,20/80,0.42333335,0.08666666666666667,0.76
37,bing,True,FGSM,alexnet,30/70,alexnet,google,30/70,0.45333335,0.06666666666666667,0.84
38,bing,True,FGSM,alexnet,30/70,alexnet,google,40/60,0.44,0.06,0.82
39,bing,True,FGSM,alexnet,30/70,alexnet,google,50/50,0.39666668,0.04666666666666667,0.7466666666666667
40,bing,True,FGSM,alexnet,30/70,resnet,google,20/80,0.18,0.12666666666666668,0.23333333333333334
41,bing,True,FGSM,alexnet,30/70,resnet,google,30/70,0.14333333,0.14,0.14666666666666667
42,bing,True,FGSM,alexnet,30/70,resnet,google,40/60,0.32,0.03333333333333333,0.6066666666666667
43,bing,True,FGSM,alexnet,30/70,resnet,google,50/50,0.27333334,0.02666666666666667,0.52
44,bing,True,FGSM,alexnet,30/70,vgg,google,20/80,0.14666668,0.24666666666666667,0.04666666666666667
45,bing,True,FGSM,alexnet,30/70,vgg,google,30/70,0.11,0.12666666666666668,0.09333333333333334
46,bing,True,FGSM,alexnet,30/70,vgg,google,40/60,0.11,0.10666666666666667,0.11333333333333333
47,bing,True,FGSM,alexnet,30/70,vgg,google,50/50,0.13000001,0.14,0.12
48,bing,True,FGSM,alexnet,40/60,alexnet,bing,20/80,0.43537414,0.13194444444444445,0.7266666666666667
49,bing,True,FGSM,alexnet,40/60,alexnet,bing,30/70,0.41724136,0.06428571428571428,0.7466666666666667
50,bing,True,FGSM,alexnet,40/60,alexnet,bing,40/60,0.4829932,0.027586206896551724,0.9261744966442953
51,bing,True,FGSM,alexnet,40/60,alexnet,bing,50/50,0.45733786,0.0,0.8993288590604027
52,bing,True,FGSM,alexnet,40/60,resnet,bing,20/80,0.1774744,0.22377622377622378,0.13333333333333333
53,bing,True,FGSM,alexnet,40/60,resnet,bing,30/70,0.16382252,0.14685314685314685,0.18
54,bing,True,FGSM,alexnet,40/60,resnet,bing,40/60,0.32203388,0.027586206896551724,0.6066666666666667
55,bing,True,FGSM,alexnet,40/60,resnet,bing,50/50,0.3457627,0.006896551724137931,0.6733333333333333
56,bing,True,FGSM,alexnet,40/60,vgg,bing,20/80,0.1802721,0.3611111111111111,0.006666666666666667
57,bing,True,FGSM,alexnet,40/60,vgg,bing,30/70,0.11525424,0.13793103448275862,0.09333333333333334
58,bing,True,FGSM,alexnet,40/60,vgg,bing,40/60,0.13898306,0.16551724137931034,0.11333333333333333
59,bing,True,FGSM,alexnet,40/60,vgg,bing,50/50,0.14864865,0.0821917808219178,0.21333333333333335
60,bing,True,FGSM,alexnet,40/60,alexnet,google,20/80,0.4766667,0.10666666666666667,0.8466666666666667
61,bing,True,FGSM,alexnet,40/60,alexnet,google,30/70,0.46666667,0.06666666666666667,0.8666666666666667
62,bing,True,FGSM,alexnet,40/60,alexnet,google,40/60,0.46333334,0.05333333333333334,0.8733333333333333
63,bing,True,FGSM,alexnet,40/60,alexnet,google,50/50,0.44333336,0.06666666666666667,0.82
64,bing,True,FGSM,alexnet,40/60,resnet,google,20/80,0.24333334,0.14666666666666667,0.34
65,bing,True,FGSM,alexnet,40/60,resnet,google,30/70,0.18,0.14,0.22
66,bing,True,FGSM,alexnet,40/60,resnet,google,40/60,0.36333334,0.04666666666666667,0.68
67,bing,True,FGSM,alexnet,40/60,resnet,google,50/50,0.31666666,0.03333333333333333,0.6
68,bing,True,FGSM,alexnet,40/60,vgg,google,20/80,0.14666668,0.24,0.05333333333333334
69,bing,True,FGSM,alexnet,40/60,vgg,google,30/70,0.12666667,0.12666666666666668,0.12666666666666668
70,bing,True,FGSM,alexnet,40/60,vgg,google,40/60,0.14333333,0.1,0.18666666666666668
71,bing,True,FGSM,alexnet,40/60,vgg,google,50/50,0.15,0.12,0.18
72,bing,True,FGSM,alexnet,50/50,alexnet,bing,20/80,0.43537414,0.1388888888888889,0.72
73,bing,True,FGSM,alexnet,50/50,alexnet,bing,30/70,0.4,0.04285714285714286,0.7333333333333333
74,bing,True,FGSM,alexnet,50/50,alexnet,bing,40/60,0.4557823,0.027586206896551724,0.87248322147651
75,bing,True,FGSM,alexnet,50/50,alexnet,bing,50/50,0.4641638,0.0,0.912751677852349
76,bing,True,FGSM,alexnet,50/50,resnet,bing,20/80,0.22525597,0.2727272727272727,0.18
77,bing,True,FGSM,alexnet,50/50,resnet,bing,30/70,0.19453925,0.17482517482517482,0.21333333333333335
78,bing,True,FGSM,alexnet,50/50,resnet,bing,40/60,0.33898306,0.020689655172413793,0.6466666666666666
79,bing,True,FGSM,alexnet,50/50,resnet,bing,50/50,0.3457627,0.006896551724137931,0.6733333333333333
80,bing,True,FGSM,alexnet,50/50,vgg,bing,20/80,0.20068027,0.3958333333333333,0.013333333333333334
81,bing,True,FGSM,alexnet,50/50,vgg,bing,30/70,0.15254237,0.1724137931034483,0.13333333333333333
82,bing,True,FGSM,alexnet,50/50,vgg,bing,40/60,0.14915255,0.1793103448275862,0.12
83,bing,True,FGSM,alexnet,50/50,vgg,bing,50/50,0.18243244,0.0958904109589041,0.26666666666666666
84,bing,True,FGSM,alexnet,50/50,alexnet,google,20/80,0.45666668,0.10666666666666667,0.8066666666666666
85,bing,True,FGSM,alexnet,50/50,alexnet,google,30/70,0.45000002,0.06,0.84
86,bing,True,FGSM,alexnet,50/50,alexnet,google,40/60,0.47,0.07333333333333333,0.8666666666666667
87,bing,True,FGSM,alexnet,50/50,alexnet,google,50/50,0.4466667,0.05333333333333334,0.84
88,bing,True,FGSM,alexnet,50/50,resnet,google,20/80,0.23666668,0.12666666666666668,0.3466666666666667
89,bing,True,FGSM,alexnet,50/50,resnet,google,30/70,0.19333334,0.12,0.26666666666666666
90,bing,True,FGSM,alexnet,50/50,resnet,google,40/60,0.39000002,0.04,0.74
91,bing,True,FGSM,alexnet,50/50,resnet,google,50/50,0.32666668,0.03333333333333333,0.62
92,bing,True,FGSM,alexnet,50/50,vgg,google,20/80,0.16333334,0.26,0.06666666666666667
93,bing,True,FGSM,alexnet,50/50,vgg,google,30/70,0.15,0.13333333333333333,0.16666666666666666
94,bing,True,FGSM,alexnet,50/50,vgg,google,40/60,0.17333333,0.11333333333333333,0.23333333333333334
95,bing,True,FGSM,alexnet,50/50,vgg,google,50/50,0.17666668,0.13333333333333333,0.22
96,bing,True,FGSM,resnet,20/80,alexnet,bing,20/80,0.20408162,0.020833333333333332,0.38
97,bing,True,FGSM,resnet,20/80,alexnet,bing,30/70,0.19655173,0.007142857142857143,0.37333333333333335
98,bing,True,FGSM,resnet,20/80,alexnet,bing,40/60,0.33673468,0.0,0.6644295302013423
99,bing,True,FGSM,resnet,20/80,alexnet,bing,50/50,0.31740615,0.0,0.6241610738255033
100,bing,True,FGSM,resnet,20/80,resnet,bing,20/80,0.39249146,0.3146853146853147,0.4666666666666667
101,bing,True,FGSM,resnet,20/80,resnet,bing,30/70,0.331058,0.22377622377622378,0.43333333333333335
102,bing,True,FGSM,resnet,20/80,resnet,bing,40/60,0.43728814,0.034482758620689655,0.8266666666666667
103,bing,True,FGSM,resnet,20/80,resnet,bing,50/50,0.4440678,0.0,0.8733333333333333
104,bing,True,FGSM,resnet,20/80,vgg,bing,20/80,0.21088435,0.3819444444444444,0.04666666666666667
105,bing,True,FGSM,resnet,20/80,vgg,bing,30/70,0.2237288,0.11724137931034483,0.32666666666666666
106,bing,True,FGSM,resnet,20/80,vgg,bing,40/60,0.2237288,0.12413793103448276,0.32
107,bing,True,FGSM,resnet,20/80,vgg,bing,50/50,0.26013514,0.07534246575342465,0.44
108,bing,True,FGSM,resnet,20/80,alexnet,google,20/80,0.28,0.02,0.54
109,bing,True,FGSM,resnet,20/80,alexnet,google,30/70,0.32,0.02,0.62
110,bing,True,FGSM,resnet,20/80,alexnet,google,40/60,0.31333333,0.02,0.6066666666666667
111,bing,True,FGSM,resnet,20/80,alexnet,google,50/50,0.31,0.013333333333333334,0.6066666666666667
112,bing,True,FGSM,resnet,20/80,resnet,google,20/80,0.42666668,0.18666666666666668,0.6666666666666666
113,bing,True,FGSM,resnet,20/80,resnet,google,30/70,0.31333333,0.16666666666666666,0.46
114,bing,True,FGSM,resnet,20/80,resnet,google,40/60,0.45666668,0.04666666666666667,0.8666666666666667
115,bing,True,FGSM,resnet,20/80,resnet,google,50/50,0.44333336,0.04,0.8466666666666667
116,bing,True,FGSM,resnet,20/80,vgg,google,20/80,0.20666668,0.19333333333333333,0.22
117,bing,True,FGSM,resnet,20/80,vgg,google,30/70,0.27666667,0.09333333333333334,0.46
118,bing,True,FGSM,resnet,20/80,vgg,google,40/60,0.3,0.1,0.5
119,bing,True,FGSM,resnet,20/80,vgg,google,50/50,0.27666667,0.09333333333333334,0.46
120,bing,True,FGSM,resnet,30/70,alexnet,bing,20/80,0.207483,0.006944444444444444,0.4
121,bing,True,FGSM,resnet,30/70,alexnet,bing,30/70,0.2137931,0.0,0.41333333333333333
122,bing,True,FGSM,resnet,30/70,alexnet,bing,40/60,0.3333333,0.0,0.6577181208053692
123,bing,True,FGSM,resnet,30/70,alexnet,bing,50/50,0.32764503,0.0,0.6442953020134228
124,bing,True,FGSM,resnet,30/70,resnet,bing,20/80,0.31740615,0.2517482517482518,0.38
125,bing,True,FGSM,resnet,30/70,resnet,bing,30/70,0.37542662,0.1888111888111888,0.5533333333333333
126,bing,True,FGSM,resnet,30/70,resnet,bing,40/60,0.43050846,0.034482758620689655,0.8133333333333334
127,bing,True,FGSM,resnet,30/70,resnet,bing,50/50,0.4237288,0.006896551724137931,0.8266666666666667
128,bing,True,FGSM,resnet,30/70,vgg,bing,20/80,0.1972789,0.3472222222222222,0.05333333333333334
129,bing,True,FGSM,resnet,30/70,vgg,bing,30/70,0.22033899,0.11724137931034483,0.32
130,bing,True,FGSM,resnet,30/70,vgg,bing,40/60,0.23050848,0.1310344827586207,0.32666666666666666
131,bing,True,FGSM,resnet,30/70,vgg,bing,50/50,0.26013514,0.07534246575342465,0.44
132,bing,True,FGSM,resnet,30/70,alexnet,google,20/80,0.28666666,0.02,0.5533333333333333
133,bing,True,FGSM,resnet,30/70,alexnet,google,30/70,0.33666667,0.02666666666666667,0.6466666666666666
134,bing,True,FGSM,resnet,30/70,alexnet,google,40/60,0.33333334,0.02666666666666667,0.64
135,bing,True,FGSM,resnet,30/70,alexnet,google,50/50,0.3,0.02,0.58
136,bing,True,FGSM,resnet,30/70,resnet,google,20/80,0.36333334,0.12,0.6066666666666667
137,bing,True,FGSM,resnet,30/70,resnet,google,30/70,0.35666668,0.14666666666666667,0.5666666666666667
138,bing,True,FGSM,resnet,30/70,resnet,google,40/60,0.45333335,0.04,0.8666666666666667
139,bing,True,FGSM,resnet,30/70,resnet,google,50/50,0.43,0.04,0.82
140,bing,True,FGSM,resnet,30/70,vgg,google,20/80,0.22333334,0.2,0.24666666666666667
141,bing,True,FGSM,resnet,30/70,vgg,google,30/70,0.26333335,0.08,0.44666666666666666
142,bing,True,FGSM,resnet,30/70,vgg,google,40/60,0.29666668,0.08,0.5133333333333333
143,bing,True,FGSM,resnet,30/70,vgg,google,50/50,0.26666668,0.07333333333333333,0.46
144,bing,True,FGSM,resnet,40/60,alexnet,bing,20/80,0.15646258,0.006944444444444444,0.3
145,bing,True,FGSM,resnet,40/60,alexnet,bing,30/70,0.15517241,0.0,0.3
146,bing,True,FGSM,resnet,40/60,alexnet,bing,40/60,0.30612245,0.0,0.6040268456375839
147,bing,True,FGSM,resnet,40/60,alexnet,bing,50/50,0.30375427,0.0,0.5973154362416108
148,bing,True,FGSM,resnet,40/60,resnet,bing,20/80,0.33788395,0.2517482517482518,0.42
149,bing,True,FGSM,resnet,40/60,resnet,bing,30/70,0.3549488,0.2097902097902098,0.49333333333333335
150,bing,True,FGSM,resnet,40/60,resnet,bing,40/60,0.47118643,0.08275862068965517,0.8466666666666667
151,bing,True,FGSM,resnet,40/60,resnet,bing,50/50,0.44067797,0.013793103448275862,0.8533333333333334
152,bing,True,FGSM,resnet,40/60,vgg,bing,20/80,0.19387755,0.3333333333333333,0.06
153,bing,True,FGSM,resnet,40/60,vgg,bing,30/70,0.24406779,0.09655172413793103,0.38666666666666666
154,bing,True,FGSM,resnet,40/60,vgg,bing,40/60,0.2338983,0.11724137931034483,0.3466666666666667
155,bing,True,FGSM,resnet,40/60,vgg,bing,50/50,0.2702703,0.0684931506849315,0.4666666666666667
156,bing,True,FGSM,resnet,40/60,alexnet,google,20/80,0.24666667,0.02,0.47333333333333333
157,bing,True,FGSM,resnet,40/60,alexnet,google,30/70,0.30666667,0.02666666666666667,0.5866666666666667
158,bing,True,FGSM,resnet,40/60,alexnet,google,40/60,0.29333335,0.02666666666666667,0.56
159,bing,True,FGSM,resnet,40/60,alexnet,google,50/50,0.28666666,0.02,0.5533333333333333
160,bing,True,FGSM,resnet,40/60,resnet,google,20/80,0.38,0.16666666666666666,0.5933333333333334
161,bing,True,FGSM,resnet,40/60,resnet,google,30/70,0.34333333,0.18,0.5066666666666667
162,bing,True,FGSM,resnet,40/60,resnet,google,40/60,0.48333335,0.08,0.8866666666666667
163,bing,True,FGSM,resnet,40/60,resnet,google,50/50,0.43333334,0.05333333333333334,0.8133333333333334
164,bing,True,FGSM,resnet,40/60,vgg,google,20/80,0.23,0.20666666666666667,0.25333333333333335
165,bing,True,FGSM,resnet,40/60,vgg,google,30/70,0.26666668,0.07333333333333333,0.46
166,bing,True,FGSM,resnet,40/60,vgg,google,40/60,0.27333334,0.06666666666666667,0.48
167,bing,True,FGSM,resnet,40/60,vgg,google,50/50,0.25666666,0.06666666666666667,0.44666666666666666
168,bing,True,FGSM,resnet,50/50,alexnet,bing,20/80,0.21088435,0.013888888888888888,0.4
169,bing,True,FGSM,resnet,50/50,alexnet,bing,30/70,0.2137931,0.007142857142857143,0.4066666666666667
170,bing,True,FGSM,resnet,50/50,alexnet,bing,40/60,0.34693876,0.0,0.6845637583892618
171,bing,True,FGSM,resnet,50/50,alexnet,bing,50/50,0.32764503,0.0,0.6442953020134228
172,bing,True,FGSM,resnet,50/50,resnet,bing,20/80,0.35836175,0.26573426573426573,0.44666666666666666
173,bing,True,FGSM,resnet,50/50,resnet,bing,30/70,0.331058,0.18181818181818182,0.47333333333333333
174,bing,True,FGSM,resnet,50/50,resnet,bing,40/60,0.45423728,0.020689655172413793,0.8733333333333333
175,bing,True,FGSM,resnet,50/50,resnet,bing,50/50,0.47118643,0.013793103448275862,0.9133333333333333
176,bing,True,FGSM,resnet,50/50,vgg,bing,20/80,0.20408162,0.3402777777777778,0.07333333333333333
177,bing,True,FGSM,resnet,50/50,vgg,bing,30/70,0.2983051,0.1310344827586207,0.46
178,bing,True,FGSM,resnet,50/50,vgg,bing,40/60,0.29491526,0.15172413793103448,0.43333333333333335
179,bing,True,FGSM,resnet,50/50,vgg,bing,50/50,0.347973,0.08904109589041095,0.6
180,bing,True,FGSM,resnet,50/50,alexnet,google,20/80,0.28666666,0.013333333333333334,0.56
181,bing,True,FGSM,resnet,50/50,alexnet,google,30/70,0.33666667,0.02,0.6533333333333333
182,bing,True,FGSM,resnet,50/50,alexnet,google,40/60,0.32333335,0.02,0.6266666666666667
183,bing,True,FGSM,resnet,50/50,alexnet,google,50/50,0.30333334,0.013333333333333334,0.5933333333333334
184,bing,True,FGSM,resnet,50/50,resnet,google,20/80,0.42000002,0.16666666666666666,0.6733333333333333
185,bing,True,FGSM,resnet,50/50,resnet,google,30/70,0.35666668,0.18666666666666668,0.5266666666666666
186,bing,True,FGSM,resnet,50/50,resnet,google,40/60,0.46,0.03333333333333333,0.8866666666666667
187,bing,True,FGSM,resnet,50/50,resnet,google,50/50,0.45333335,0.04666666666666667,0.86
188,bing,True,FGSM,resnet,50/50,vgg,google,20/80,0.27666667,0.2,0.35333333333333333
189,bing,True,FGSM,resnet,50/50,vgg,google,30/70,0.32333335,0.09333333333333334,0.5533333333333333
190,bing,True,FGSM,resnet,50/50,vgg,google,40/60,0.34333333,0.09333333333333334,0.5933333333333334
191,bing,True,FGSM,resnet,50/50,vgg,google,50/50,0.34333333,0.08666666666666667,0.6
192,bing,True,FGSM,vgg,20/80,alexnet,bing,20/80,0.13605443,0.006944444444444444,0.26
193,bing,True,FGSM,vgg,20/80,alexnet,bing,30/70,0.14482759,0.0,0.28
194,bing,True,FGSM,vgg,20/80,alexnet,bing,40/60,0.292517,0.0,0.5771812080536913
195,bing,True,FGSM,vgg,20/80,alexnet,bing,50/50,0.2662116,0.0,0.5234899328859061
196,bing,True,FGSM,vgg,20/80,resnet,bing,20/80,0.13651876,0.1048951048951049,0.16666666666666666
197,bing,True,FGSM,vgg,20/80,resnet,bing,30/70,0.15358362,0.07692307692307693,0.22666666666666666
198,bing,True,FGSM,vgg,20/80,resnet,bing,40/60,0.31864408,0.0,0.6266666666666667
199,bing,True,FGSM,vgg,20/80,resnet,bing,50/50,0.33898306,0.0,0.6666666666666666
200,bing,True,FGSM,vgg,20/80,vgg,bing,20/80,0.3095238,0.5069444444444444,0.12
201,bing,True,FGSM,vgg,20/80,vgg,bing,30/70,0.3898305,0.30344827586206896,0.47333333333333333
202,bing,True,FGSM,vgg,20/80,vgg,bing,40/60,0.43050846,0.27586206896551724,0.58
203,bing,True,FGSM,vgg,20/80,vgg,bing,50/50,0.41216218,0.21232876712328766,0.6066666666666667
204,bing,True,FGSM,vgg,20/80,alexnet,google,20/80,0.20666668,0.02,0.3933333333333333
205,bing,True,FGSM,vgg,20/80,alexnet,google,30/70,0.27,0.02666666666666667,0.5133333333333333
206,bing,True,FGSM,vgg,20/80,alexnet,google,40/60,0.26000002,0.02666666666666667,0.49333333333333335
207,bing,True,FGSM,vgg,20/80,alexnet,google,50/50,0.25666666,0.02,0.49333333333333335
208,bing,True,FGSM,vgg,20/80,resnet,google,20/80,0.21000001,0.04666666666666667,0.37333333333333335
209,bing,True,FGSM,vgg,20/80,resnet,google,30/70,0.17666668,0.08666666666666667,0.26666666666666666
210,bing,True,FGSM,vgg,20/80,resnet,google,40/60,0.36333334,0.02666666666666667,0.7
211,bing,True,FGSM,vgg,20/80,resnet,google,50/50,0.30666667,0.02,0.5933333333333334
212,bing,True,FGSM,vgg,20/80,vgg,google,20/80,0.38333336,0.36,0.4066666666666667
213,bing,True,FGSM,vgg,20/80,vgg,google,30/70,0.39333335,0.24666666666666667,0.54
214,bing,True,FGSM,vgg,20/80,vgg,google,40/60,0.42000002,0.20666666666666667,0.6333333333333333
215,bing,True,FGSM,vgg,20/80,vgg,google,50/50,0.38333336,0.20666666666666667,0.56
216,bing,True,FGSM,vgg,30/70,alexnet,bing,20/80,0.14285713,0.006944444444444444,0.2733333333333333
217,bing,True,FGSM,vgg,30/70,alexnet,bing,30/70,0.15517241,0.0,0.3
218,bing,True,FGSM,vgg,30/70,alexnet,bing,40/60,0.28571427,0.0,0.5637583892617449
219,bing,True,FGSM,vgg,30/70,alexnet,bing,50/50,0.26279864,0.0,0.5167785234899329
220,bing,True,FGSM,vgg,30/70,resnet,bing,20/80,0.102389075,0.08391608391608392,0.12
221,bing,True,FGSM,vgg,30/70,resnet,bing,30/70,0.12969282,0.07692307692307693,0.18
222,bing,True,FGSM,vgg,30/70,resnet,bing,40/60,0.3322034,0.0,0.6533333333333333
223,bing,True,FGSM,vgg,30/70,resnet,bing,50/50,0.35254237,0.0,0.6933333333333334
224,bing,True,FGSM,vgg,30/70,vgg,bing,20/80,0.292517,0.4930555555555556,0.1
225,bing,True,FGSM,vgg,30/70,vgg,bing,30/70,0.37966102,0.30344827586206896,0.4533333333333333
226,bing,True,FGSM,vgg,30/70,vgg,bing,40/60,0.420339,0.2896551724137931,0.5466666666666666
227,bing,True,FGSM,vgg,30/70,vgg,bing,50/50,0.41554055,0.23972602739726026,0.5866666666666667
228,bing,True,FGSM,vgg,30/70,alexnet,google,20/80,0.23666668,0.02,0.4533333333333333
229,bing,True,FGSM,vgg,30/70,alexnet,google,30/70,0.27666667,0.02666666666666667,0.5266666666666666
230,bing,True,FGSM,vgg,30/70,alexnet,google,40/60,0.28,0.02,0.54
231,bing,True,FGSM,vgg,30/70,alexnet,google,50/50,0.27,0.006666666666666667,0.5333333333333333
232,bing,True,FGSM,vgg,30/70,resnet,google,20/80,0.19333334,0.05333333333333334,0.3333333333333333
233,bing,True,FGSM,vgg,30/70,resnet,google,30/70,0.16,0.07333333333333333,0.24666666666666667
234,bing,True,FGSM,vgg,30/70,resnet,google,40/60,0.35666668,0.02666666666666667,0.6866666666666666
235,bing,True,FGSM,vgg,30/70,resnet,google,50/50,0.30333334,0.02,0.5866666666666667
236,bing,True,FGSM,vgg,30/70,vgg,google,20/80,0.37333333,0.3933333333333333,0.35333333333333333
237,bing,True,FGSM,vgg,30/70,vgg,google,30/70,0.4,0.25333333333333335,0.5466666666666666
238,bing,True,FGSM,vgg,30/70,vgg,google,40/60,0.43666667,0.23333333333333334,0.64
239,bing,True,FGSM,vgg,30/70,vgg,google,50/50,0.39000002,0.22,0.56
240,bing,True,FGSM,vgg,40/60,alexnet,bing,20/80,0.13265306,0.013888888888888888,0.24666666666666667
241,bing,True,FGSM,vgg,40/60,alexnet,bing,30/70,0.15862069,0.0,0.30666666666666664
242,bing,True,FGSM,vgg,40/60,alexnet,bing,40/60,0.28571427,0.0,0.5637583892617449
243,bing,True,FGSM,vgg,40/60,alexnet,bing,50/50,0.28327644,0.0,0.5570469798657718
244,bing,True,FGSM,vgg,40/60,resnet,bing,20/80,0.14675768,0.1258741258741259,0.16666666666666666
245,bing,True,FGSM,vgg,40/60,resnet,bing,30/70,0.12627986,0.055944055944055944,0.19333333333333333
246,bing,True,FGSM,vgg,40/60,resnet,bing,40/60,0.3118644,0.0,0.6133333333333333
247,bing,True,FGSM,vgg,40/60,resnet,bing,50/50,0.33898306,0.0,0.6666666666666666
248,bing,True,FGSM,vgg,40/60,vgg,bing,20/80,0.30272108,0.5069444444444444,0.10666666666666667
249,bing,True,FGSM,vgg,40/60,vgg,bing,30/70,0.4033898,0.32413793103448274,0.48
250,bing,True,FGSM,vgg,40/60,vgg,bing,40/60,0.4474576,0.31724137931034485,0.5733333333333334
251,bing,True,FGSM,vgg,40/60,vgg,bing,50/50,0.44594595,0.2328767123287671,0.6533333333333333
252,bing,True,FGSM,vgg,40/60,alexnet,google,20/80,0.23333333,0.02,0.44666666666666666
253,bing,True,FGSM,vgg,40/60,alexnet,google,30/70,0.26333335,0.02,0.5066666666666667
254,bing,True,FGSM,vgg,40/60,alexnet,google,40/60,0.26000002,0.02,0.5
255,bing,True,FGSM,vgg,40/60,alexnet,google,50/50,0.26666668,0.006666666666666667,0.5266666666666666
256,bing,True,FGSM,vgg,40/60,resnet,google,20/80,0.23,0.06,0.4
257,bing,True,FGSM,vgg,40/60,resnet,google,30/70,0.15666667,0.08666666666666667,0.22666666666666666
258,bing,True,FGSM,vgg,40/60,resnet,google,40/60,0.35,0.02666666666666667,0.6733333333333333
259,bing,True,FGSM,vgg,40/60,resnet,google,50/50,0.30333334,0.02,0.5866666666666667
260,bing,True,FGSM,vgg,40/60,vgg,google,20/80,0.39666668,0.3933333333333333,0.4
261,bing,True,FGSM,vgg,40/60,vgg,google,30/70,0.38333336,0.24666666666666667,0.52
262,bing,True,FGSM,vgg,40/60,vgg,google,40/60,0.45333335,0.24666666666666667,0.66
263,bing,True,FGSM,vgg,40/60,vgg,google,50/50,0.39666668,0.23333333333333334,0.56
264,bing,True,FGSM,vgg,50/50,alexnet,bing,20/80,0.13265306,0.006944444444444444,0.25333333333333335
265,bing,True,FGSM,vgg,50/50,alexnet,bing,30/70,0.14827587,0.0,0.2866666666666667
266,bing,True,FGSM,vgg,50/50,alexnet,bing,40/60,0.2755102,0.0,0.5436241610738255
267,bing,True,FGSM,vgg,50/50,alexnet,bing,50/50,0.2764505,0.0,0.5436241610738255
268,bing,True,FGSM,vgg,50/50,resnet,bing,20/80,0.12969282,0.1048951048951049,0.15333333333333332
269,bing,True,FGSM,vgg,50/50,resnet,bing,30/70,0.12627986,0.06993006993006994,0.18
270,bing,True,FGSM,vgg,50/50,resnet,bing,40/60,0.31525424,0.0,0.62
271,bing,True,FGSM,vgg,50/50,resnet,bing,50/50,0.34915254,0.0,0.6866666666666666
272,bing,True,FGSM,vgg,50/50,vgg,bing,20/80,0.30272108,0.5,0.11333333333333333
273,bing,True,FGSM,vgg,50/50,vgg,bing,30/70,0.39661017,0.296551724137931,0.49333333333333335
274,bing,True,FGSM,vgg,50/50,vgg,bing,40/60,0.4644068,0.31724137931034485,0.6066666666666667
275,bing,True,FGSM,vgg,50/50,vgg,bing,50/50,0.4527027,0.2465753424657534,0.6533333333333333
276,bing,True,FGSM,vgg,50/50,alexnet,google,20/80,0.22666667,0.02,0.43333333333333335
277,bing,True,FGSM,vgg,50/50,alexnet,google,30/70,0.28,0.02,0.54
278,bing,True,FGSM,vgg,50/50,alexnet,google,40/60,0.26000002,0.02,0.5
279,bing,True,FGSM,vgg,50/50,alexnet,google,50/50,0.25666666,0.006666666666666667,0.5066666666666667
280,bing,True,FGSM,vgg,50/50,resnet,google,20/80,0.20333333,0.04666666666666667,0.36
281,bing,True,FGSM,vgg,50/50,resnet,google,30/70,0.14666668,0.04666666666666667,0.24666666666666667
282,bing,True,FGSM,vgg,50/50,resnet,google,40/60,0.35,0.02,0.68
283,bing,True,FGSM,vgg,50/50,resnet,google,50/50,0.31,0.02,0.6
284,bing,True,FGSM,vgg,50/50,vgg,google,20/80,0.40333334,0.4,0.4066666666666667
285,bing,True,FGSM,vgg,50/50,vgg,google,30/70,0.42000002,0.26,0.58
286,bing,True,FGSM,vgg,50/50,vgg,google,40/60,0.45333335,0.26,0.6466666666666666
287,bing,True,FGSM,vgg,50/50,vgg,google,50/50,0.43666667,0.24666666666666667,0.6266666666666667
288,google,True,FGSM,alexnet,20/80,alexnet,bing,20/80,0.37,0.04,0.7
289,google,True,FGSM,alexnet,20/80,alexnet,bing,30/70,0.34666666,0.03333333333333333,0.66
290,google,True,FGSM,alexnet,20/80,alexnet,bing,40/60,0.41,0.0,0.82
291,google,True,FGSM,alexnet,20/80,alexnet,bing,50/50,0.42000002,0.0,0.84
292,google,True,FGSM,alexnet,20/80,resnet,bing,20/80,0.13333334,0.08666666666666667,0.18
293,google,True,FGSM,alexnet,20/80,resnet,bing,30/70,0.1,0.04666666666666667,0.15333333333333332
294,google,True,FGSM,alexnet,20/80,resnet,bing,40/60,0.33333334,0.013333333333333334,0.6533333333333333
295,google,True,FGSM,alexnet,20/80,resnet,bing,50/50,0.33,0.0,0.66
296,google,True,FGSM,alexnet,20/80,vgg,bing,20/80,0.093333334,0.18,0.006666666666666667
297,google,True,FGSM,alexnet,20/80,vgg,bing,30/70,0.07666667,0.03333333333333333,0.12
298,google,True,FGSM,alexnet,20/80,vgg,bing,40/60,0.09,0.04,0.14
299,google,True,FGSM,alexnet,20/80,vgg,bing,50/50,0.17,0.03333333333333333,0.30666666666666664
300,google,True,FGSM,alexnet,20/80,alexnet,google,20/80,0.41355932,0.013793103448275862,0.8
301,google,True,FGSM,alexnet,20/80,alexnet,google,30/70,0.41694915,0.0,0.831081081081081
302,google,True,FGSM,alexnet,20/80,alexnet,google,40/60,0.41216218,0.0,0.8187919463087249
303,google,True,FGSM,alexnet,20/80,alexnet,google,50/50,0.4054054,0.006666666666666667,0.815068493150685
304,google,True,FGSM,alexnet,20/80,resnet,google,20/80,0.2364865,0.00684931506849315,0.46
305,google,True,FGSM,alexnet,20/80,resnet,google,30/70,0.1442953,0.02027027027027027,0.26666666666666666
306,google,True,FGSM,alexnet,20/80,resnet,google,40/60,0.31986532,0.0,0.6418918918918919
307,google,True,FGSM,alexnet,20/80,resnet,google,50/50,0.29054055,0.0,0.5850340136054422
308,google,True,FGSM,alexnet,20/80,vgg,google,20/80,0.06060606,0.034013605442176874,0.08666666666666667
309,google,True,FGSM,alexnet,20/80,vgg,google,30/70,0.10702341,0.013422818791946308,0.2
310,google,True,FGSM,alexnet,20/80,vgg,google,40/60,0.15436241,0.020134228187919462,0.28859060402684567
311,google,True,FGSM,alexnet,20/80,vgg,google,50/50,0.16778524,0.013422818791946308,0.3221476510067114
312,google,True,FGSM,alexnet,30/70,alexnet,bing,20/80,0.35,0.04666666666666667,0.6533333333333333
313,google,True,FGSM,alexnet,30/70,alexnet,bing,30/70,0.36666667,0.04,0.6933333333333334
314,google,True,FGSM,alexnet,30/70,alexnet,bing,40/60,0.40666667,0.006666666666666667,0.8066666666666666
315,google,True,FGSM,alexnet,30/70,alexnet,bing,50/50,0.4166667,0.006666666666666667,0.8266666666666667
316,google,True,FGSM,alexnet,30/70,resnet,bing,20/80,0.11666667,0.09333333333333334,0.14
317,google,True,FGSM,alexnet,30/70,resnet,bing,30/70,0.11333334,0.06,0.16666666666666666
318,google,True,FGSM,alexnet,30/70,resnet,bing,40/60,0.31666666,0.006666666666666667,0.6266666666666667
319,google,True,FGSM,alexnet,30/70,resnet,bing,50/50,0.33666667,0.0,0.6733333333333333
320,google,True,FGSM,alexnet,30/70,vgg,bing,20/80,0.11,0.21333333333333335,0.006666666666666667
321,google,True,FGSM,alexnet,30/70,vgg,bing,30/70,0.09666667,0.06,0.13333333333333333
322,google,True,FGSM,alexnet,30/70,vgg,bing,40/60,0.11666667,0.05333333333333334,0.18
323,google,True,FGSM,alexnet,30/70,vgg,bing,50/50,0.17666668,0.02666666666666667,0.32666666666666666
324,google,True,FGSM,alexnet,30/70,alexnet,google,20/80,0.40677965,0.020689655172413793,0.78
325,google,True,FGSM,alexnet,30/70,alexnet,google,30/70,0.41694915,0.0,0.831081081081081
326,google,True,FGSM,alexnet,30/70,alexnet,google,40/60,0.41216218,0.006802721088435374,0.8120805369127517
327,google,True,FGSM,alexnet,30/70,alexnet,google,50/50,0.4054054,0.006666666666666667,0.815068493150685
328,google,True,FGSM,alexnet,30/70,resnet,google,20/80,0.22297297,0.02054794520547945,0.42
329,google,True,FGSM,alexnet,30/70,resnet,google,30/70,0.16778524,0.013513513513513514,0.32
330,google,True,FGSM,alexnet,30/70,resnet,google,40/60,0.33670032,0.0,0.6756756756756757
331,google,True,FGSM,alexnet,30/70,resnet,google,50/50,0.3141892,0.0,0.6326530612244898
332,google,True,FGSM,alexnet,30/70,vgg,google,20/80,0.074074075,0.047619047619047616,0.1
333,google,True,FGSM,alexnet,30/70,vgg,google,30/70,0.15050167,0.026845637583892617,0.2733333333333333
334,google,True,FGSM,alexnet,30/70,vgg,google,40/60,0.18791947,0.013422818791946308,0.3624161073825503
335,google,True,FGSM,alexnet,30/70,vgg,google,50/50,0.18791947,0.026845637583892617,0.348993288590604
336,google,True,FGSM,alexnet,40/60,alexnet,bing,20/80,0.37333333,0.05333333333333334,0.6933333333333334
337,google,True,FGSM,alexnet,40/60,alexnet,bing,30/70,0.36,0.03333333333333333,0.6866666666666666
338,google,True,FGSM,alexnet,40/60,alexnet,bing,40/60,0.42000002,0.006666666666666667,0.8333333333333334
339,google,True,FGSM,alexnet,40/60,alexnet,bing,50/50,0.42666668,0.006666666666666667,0.8466666666666667
340,google,True,FGSM,alexnet,40/60,resnet,bing,20/80,0.10666667,0.08,0.13333333333333333
341,google,True,FGSM,alexnet,40/60,resnet,bing,30/70,0.11666667,0.04666666666666667,0.18666666666666668
342,google,True,FGSM,alexnet,40/60,resnet,bing,40/60,0.33,0.0,0.66
343,google,True,FGSM,alexnet,40/60,resnet,bing,50/50,0.33333334,0.0,0.6666666666666666
344,google,True,FGSM,alexnet,40/60,vgg,bing,20/80,0.11666667,0.21333333333333335,0.02
345,google,True,FGSM,alexnet,40/60,vgg,bing,30/70,0.10666667,0.04666666666666667,0.16666666666666666
346,google,True,FGSM,alexnet,40/60,vgg,bing,40/60,0.13000001,0.06,0.2
347,google,True,FGSM,alexnet,40/60,vgg,bing,50/50,0.19,0.03333333333333333,0.3466666666666667
348,google,True,FGSM,alexnet,40/60,alexnet,google,20/80,0.40677965,0.013793103448275862,0.7866666666666666
349,google,True,FGSM,alexnet,40/60,alexnet,google,30/70,0.420339,0.0,0.8378378378378378
350,google,True,FGSM,alexnet,40/60,alexnet,google,40/60,0.4222973,0.0,0.8389261744966443
351,google,True,FGSM,alexnet,40/60,alexnet,google,50/50,0.4054054,0.006666666666666667,0.815068493150685
352,google,True,FGSM,alexnet,40/60,resnet,google,20/80,0.2195946,0.02054794520547945,0.41333333333333333
353,google,True,FGSM,alexnet,40/60,resnet,google,30/70,0.17114094,0.02702702702702703,0.31333333333333335
354,google,True,FGSM,alexnet,40/60,resnet,google,40/60,0.36026934,0.0,0.722972972972973
355,google,True,FGSM,alexnet,40/60,resnet,google,50/50,0.28716215,0.0,0.5782312925170068
356,google,True,FGSM,alexnet,40/60,vgg,google,20/80,0.090909086,0.04081632653061224,0.14
357,google,True,FGSM,alexnet,40/60,vgg,google,30/70,0.16053511,0.03355704697986577,0.2866666666666667
358,google,True,FGSM,alexnet,40/60,vgg,google,40/60,0.17785235,0.020134228187919462,0.33557046979865773
359,google,True,FGSM,alexnet,40/60,vgg,google,50/50,0.19127516,0.026845637583892617,0.35570469798657717
360,google,True,FGSM,alexnet,50/50,alexnet,bing,20/80,0.35,0.03333333333333333,0.6666666666666666
361,google,True,FGSM,alexnet,50/50,alexnet,bing,30/70,0.35,0.02666666666666667,0.6733333333333333
362,google,True,FGSM,alexnet,50/50,alexnet,bing,40/60,0.4166667,0.0,0.8333333333333334
363,google,True,FGSM,alexnet,50/50,alexnet,bing,50/50,0.41333336,0.0,0.8266666666666667
364,google,True,FGSM,alexnet,50/50,resnet,bing,20/80,0.11333334,0.07333333333333333,0.15333333333333332
365,google,True,FGSM,alexnet,50/50,resnet,bing,30/70,0.13000001,0.06666666666666667,0.19333333333333333
366,google,True,FGSM,alexnet,50/50,resnet,bing,40/60,0.32,0.013333333333333334,0.6266666666666667
367,google,True,FGSM,alexnet,50/50,resnet,bing,50/50,0.35,0.006666666666666667,0.6933333333333334
368,google,True,FGSM,alexnet,50/50,vgg,bing,20/80,0.093333334,0.17333333333333334,0.013333333333333334
369,google,True,FGSM,alexnet,50/50,vgg,bing,30/70,0.11666667,0.04666666666666667,0.18666666666666668
370,google,True,FGSM,alexnet,50/50,vgg,bing,40/60,0.13666667,0.06,0.21333333333333335
371,google,True,FGSM,alexnet,50/50,vgg,bing,50/50,0.18333334,0.02666666666666667,0.34
372,google,True,FGSM,alexnet,50/50,alexnet,google,20/80,0.41016948,0.013793103448275862,0.7933333333333333
373,google,True,FGSM,alexnet,50/50,alexnet,google,30/70,0.420339,0.006802721088435374,0.831081081081081
374,google,True,FGSM,alexnet,50/50,alexnet,google,40/60,0.41891894,0.006802721088435374,0.825503355704698
375,google,True,FGSM,alexnet,50/50,alexnet,google,50/50,0.41216218,0.006666666666666667,0.8287671232876712
376,google,True,FGSM,alexnet,50/50,resnet,google,20/80,0.23986487,0.0273972602739726,0.44666666666666666
377,google,True,FGSM,alexnet,50/50,resnet,google,30/70,0.18456376,0.02027027027027027,0.3466666666666667
378,google,True,FGSM,alexnet,50/50,resnet,google,40/60,0.35016835,0.006711409395973154,0.6959459459459459
379,google,True,FGSM,alexnet,50/50,resnet,google,50/50,0.3175676,0.0,0.6394557823129252
380,google,True,FGSM,alexnet,50/50,vgg,google,20/80,0.077441074,0.047619047619047616,0.10666666666666667
381,google,True,FGSM,alexnet,50/50,vgg,google,30/70,0.15719064,0.026845637583892617,0.2866666666666667
382,google,True,FGSM,alexnet,50/50,vgg,google,40/60,0.19463088,0.020134228187919462,0.3691275167785235
383,google,True,FGSM,alexnet,50/50,vgg,google,50/50,0.19798657,0.026845637583892617,0.3691275167785235
384,google,True,FGSM,resnet,20/80,alexnet,bing,20/80,0.17,0.006666666666666667,0.3333333333333333
385,google,True,FGSM,resnet,20/80,alexnet,bing,30/70,0.16333334,0.0,0.32666666666666666
386,google,True,FGSM,resnet,20/80,alexnet,bing,40/60,0.32333335,0.0,0.6466666666666666
387,google,True,FGSM,resnet,20/80,alexnet,bing,50/50,0.35333335,0.0,0.7066666666666667
388,google,True,FGSM,resnet,20/80,resnet,bing,20/80,0.26000002,0.09333333333333334,0.4266666666666667
389,google,True,FGSM,resnet,20/80,resnet,bing,30/70,0.24666667,0.05333333333333334,0.44
390,google,True,FGSM,resnet,20/80,resnet,bing,40/60,0.40333334,0.013333333333333334,0.7933333333333333
391,google,True,FGSM,resnet,20/80,resnet,bing,50/50,0.40666667,0.0,0.8133333333333334
392,google,True,FGSM,resnet,20/80,vgg,bing,20/80,0.07,0.1,0.04
393,google,True,FGSM,resnet,20/80,vgg,bing,30/70,0.16333334,0.02666666666666667,0.3
394,google,True,FGSM,resnet,20/80,vgg,bing,40/60,0.18666667,0.03333333333333333,0.34
395,google,True,FGSM,resnet,20/80,vgg,bing,50/50,0.25333333,0.02666666666666667,0.48
396,google,True,FGSM,resnet,20/80,alexnet,google,20/80,0.29152542,0.0,0.5733333333333334
397,google,True,FGSM,resnet,20/80,alexnet,google,30/70,0.31864408,0.0,0.6351351351351351
398,google,True,FGSM,resnet,20/80,alexnet,google,40/60,0.3141892,0.0,0.6241610738255033
399,google,True,FGSM,resnet,20/80,alexnet,google,50/50,0.3141892,0.0,0.636986301369863
400,google,True,FGSM,resnet,20/80,resnet,google,20/80,0.38851354,0.04794520547945205,0.72
401,google,True,FGSM,resnet,20/80,resnet,google,30/70,0.31208053,0.04054054054054054,0.58
402,google,True,FGSM,resnet,20/80,resnet,google,40/60,0.4006734,0.006711409395973154,0.7972972972972973
403,google,True,FGSM,resnet,20/80,resnet,google,50/50,0.38513514,0.0,0.7755102040816326
404,google,True,FGSM,resnet,20/80,vgg,google,20/80,0.14478114,0.02040816326530612,0.26666666666666666
405,google,True,FGSM,resnet,20/80,vgg,google,30/70,0.26086956,0.020134228187919462,0.5
406,google,True,FGSM,resnet,20/80,vgg,google,40/60,0.2785235,0.020134228187919462,0.5369127516778524
407,google,True,FGSM,resnet,20/80,vgg,google,50/50,0.26174498,0.020134228187919462,0.5033557046979866
408,google,True,FGSM,resnet,30/70,alexnet,bing,20/80,0.16,0.006666666666666667,0.31333333333333335
409,google,True,FGSM,resnet,30/70,alexnet,bing,30/70,0.15333334,0.0,0.30666666666666664
410,google,True,FGSM,resnet,30/70,alexnet,bing,40/60,0.31666666,0.0,0.6333333333333333
411,google,True,FGSM,resnet,30/70,alexnet,bing,50/50,0.34333333,0.0,0.6866666666666666
412,google,True,FGSM,resnet,30/70,resnet,bing,20/80,0.23,0.12,0.34
413,google,True,FGSM,resnet,30/70,resnet,bing,30/70,0.32,0.08666666666666667,0.5533333333333333
414,google,True,FGSM,resnet,30/70,resnet,bing,40/60,0.40333334,0.02,0.7866666666666666
415,google,True,FGSM,resnet,30/70,resnet,bing,50/50,0.42000002,0.006666666666666667,0.8333333333333334
416,google,True,FGSM,resnet,30/70,vgg,bing,20/80,0.1,0.12666666666666668,0.07333333333333333
417,google,True,FGSM,resnet,30/70,vgg,bing,30/70,0.20666668,0.02666666666666667,0.38666666666666666
418,google,True,FGSM,resnet,30/70,vgg,bing,40/60,0.21000001,0.04666666666666667,0.37333333333333335
419,google,True,FGSM,resnet,30/70,vgg,bing,50/50,0.27666667,0.02666666666666667,0.5266666666666666
420,google,True,FGSM,resnet,30/70,alexnet,google,20/80,0.28135592,0.0,0.5533333333333333
421,google,True,FGSM,resnet,30/70,alexnet,google,30/70,0.3118644,0.0,0.6216216216216216
422,google,True,FGSM,resnet,30/70,alexnet,google,40/60,0.32432434,0.0,0.6442953020134228
423,google,True,FGSM,resnet,30/70,alexnet,google,50/50,0.3006757,0.0,0.6095890410958904
424,google,True,FGSM,resnet,30/70,resnet,google,20/80,0.3581081,0.0547945205479452,0.6533333333333333
425,google,True,FGSM,resnet,30/70,resnet,google,30/70,0.3657718,0.060810810810810814,0.6666666666666666
426,google,True,FGSM,resnet,30/70,resnet,google,40/60,0.4040404,0.013422818791946308,0.7972972972972973
427,google,True,FGSM,resnet,30/70,resnet,google,50/50,0.39864865,0.0,0.8027210884353742
428,google,True,FGSM,resnet,30/70,vgg,google,20/80,0.17508417,0.027210884353741496,0.32
429,google,True,FGSM,resnet,30/70,vgg,google,30/70,0.26086956,0.013422818791946308,0.5066666666666667
430,google,True,FGSM,resnet,30/70,vgg,google,40/60,0.295302,0.013422818791946308,0.5771812080536913
431,google,True,FGSM,resnet,30/70,vgg,google,50/50,0.2785235,0.013422818791946308,0.5436241610738255
432,google,True,FGSM,resnet,40/60,alexnet,bing,20/80,0.18,0.013333333333333334,0.3466666666666667
433,google,True,FGSM,resnet,40/60,alexnet,bing,30/70,0.17333333,0.0,0.3466666666666667
434,google,True,FGSM,resnet,40/60,alexnet,bing,40/60,0.32666668,0.0,0.6533333333333333
435,google,True,FGSM,resnet,40/60,alexnet,bing,50/50,0.35,0.0,0.7
436,google,True,FGSM,resnet,40/60,resnet,bing,20/80,0.27,0.12,0.42
437,google,True,FGSM,resnet,40/60,resnet,bing,30/70,0.29333335,0.07333333333333333,0.5133333333333333
438,google,True,FGSM,resnet,40/60,resnet,bing,40/60,0.41333336,0.02666666666666667,0.8
