,source_dataset,isMath,attack,source_model,source_balancing,target_model,target_dataset,target_balancing,asr,asr_0,asr_1
0,bing,True,BIM,alexnet,20/80,alexnet,bing,20/80,0.1802721,0.2569444444444444,0.10666666666666667
1,bing,True,BIM,alexnet,20/80,alexnet,bing,30/70,0.10344827,0.17857142857142858,0.03333333333333333
2,bing,True,BIM,alexnet,20/80,alexnet,bing,40/60,0.1292517,0.12413793103448276,0.1342281879194631
3,bing,True,BIM,alexnet,20/80,alexnet,bing,50/50,0.10921501,0.08333333333333333,0.1342281879194631
4,bing,True,BIM,alexnet,20/80,resnet,bing,20/80,0.0443686,0.09090909090909091,0.0
5,bing,True,BIM,alexnet,20/80,resnet,bing,30/70,0.030716723,0.06293706293706294,0.0
6,bing,True,BIM,alexnet,20/80,resnet,bing,40/60,0.016949153,0.027586206896551724,0.006666666666666667
7,bing,True,BIM,alexnet,20/80,resnet,bing,50/50,0.013559322,0.020689655172413793,0.006666666666666667
8,bing,True,BIM,alexnet,20/80,vgg,bing,20/80,0.030612245,0.0625,0.0
9,bing,True,BIM,alexnet,20/80,vgg,bing,30/70,0.016949153,0.034482758620689655,0.0
10,bing,True,BIM,alexnet,20/80,vgg,bing,40/60,0.010169491,0.020689655172413793,0.0
11,bing,True,BIM,alexnet,20/80,vgg,bing,50/50,0.006756757,0.0136986301369863,0.0
12,bing,True,BIM,alexnet,20/80,alexnet,google,20/80,0.15666667,0.28,0.03333333333333333
13,bing,True,BIM,alexnet,20/80,alexnet,google,30/70,0.15,0.22666666666666666,0.07333333333333333
14,bing,True,BIM,alexnet,20/80,alexnet,google,40/60,0.14333333,0.2,0.08666666666666667
15,bing,True,BIM,alexnet,20/80,alexnet,google,50/50,0.120000005,0.17333333333333334,0.06666666666666667
16,bing,True,BIM,alexnet,20/80,resnet,google,20/80,0.06666667,0.13333333333333333,0.0
17,bing,True,BIM,alexnet,20/80,resnet,google,30/70,0.060000002,0.11333333333333333,0.006666666666666667
18,bing,True,BIM,alexnet,20/80,resnet,google,40/60,0.03666667,0.06666666666666667,0.006666666666666667
19,bing,True,BIM,alexnet,20/80,resnet,google,50/50,0.023333333,0.04,0.006666666666666667
20,bing,True,BIM,alexnet,20/80,vgg,google,20/80,0.060000002,0.12,0.0
21,bing,True,BIM,alexnet,20/80,vgg,google,30/70,0.04,0.08,0.0
22,bing,True,BIM,alexnet,20/80,vgg,google,40/60,0.03666667,0.06666666666666667,0.006666666666666667
23,bing,True,BIM,alexnet,20/80,vgg,google,50/50,0.033333335,0.05333333333333334,0.013333333333333334
24,bing,True,BIM,alexnet,30/70,alexnet,bing,20/80,0.13605443,0.18055555555555555,0.09333333333333334
25,bing,True,BIM,alexnet,30/70,alexnet,bing,30/70,0.10344827,0.16428571428571428,0.04666666666666667
26,bing,True,BIM,alexnet,30/70,alexnet,bing,40/60,0.1122449,0.08275862068965517,0.14093959731543623
27,bing,True,BIM,alexnet,30/70,alexnet,bing,50/50,0.102389075,0.041666666666666664,0.1610738255033557
28,bing,True,BIM,alexnet,30/70,resnet,bing,20/80,0.027303753,0.055944055944055944,0.0
29,bing,True,BIM,alexnet,30/70,resnet,bing,30/70,0.020477815,0.04195804195804196,0.0
30,bing,True,BIM,alexnet,30/70,resnet,bing,40/60,0.020338982,0.034482758620689655,0.006666666666666667
31,bing,True,BIM,alexnet,30/70,resnet,bing,50/50,0.006779661,0.006896551724137931,0.006666666666666667
32,bing,True,BIM,alexnet,30/70,vgg,bing,20/80,0.023809522,0.04861111111111111,0.0
33,bing,True,BIM,alexnet,30/70,vgg,bing,30/70,0.013559322,0.027586206896551724,0.0
34,bing,True,BIM,alexnet,30/70,vgg,bing,40/60,0.013559322,0.020689655172413793,0.006666666666666667
35,bing,True,BIM,alexnet,30/70,vgg,bing,50/50,0.006756757,0.0136986301369863,0.0
36,bing,True,BIM,alexnet,30/70,alexnet,google,20/80,0.13333334,0.24,0.02666666666666667
37,bing,True,BIM,alexnet,30/70,alexnet,google,30/70,0.13333334,0.18666666666666668,0.08
38,bing,True,BIM,alexnet,30/70,alexnet,google,40/60,0.120000005,0.16,0.08
39,bing,True,BIM,alexnet,30/70,alexnet,google,50/50,0.10666667,0.12666666666666668,0.08666666666666667
40,bing,True,BIM,alexnet,30/70,resnet,google,20/80,0.060000002,0.12,0.0
41,bing,True,BIM,alexnet,30/70,resnet,google,30/70,0.05,0.09333333333333334,0.006666666666666667
42,bing,True,BIM,alexnet,30/70,resnet,google,40/60,0.03666667,0.06666666666666667,0.006666666666666667
43,bing,True,BIM,alexnet,30/70,resnet,google,50/50,0.023333333,0.04,0.006666666666666667
44,bing,True,BIM,alexnet,30/70,vgg,google,20/80,0.053333335,0.10666666666666667,0.0
45,bing,True,BIM,alexnet,30/70,vgg,google,30/70,0.033333335,0.06666666666666667,0.0
46,bing,True,BIM,alexnet,30/70,vgg,google,40/60,0.033333335,0.06,0.006666666666666667
47,bing,True,BIM,alexnet,30/70,vgg,google,50/50,0.026666667,0.04666666666666667,0.006666666666666667
48,bing,True,BIM,alexnet,40/60,alexnet,bing,20/80,0.1802721,0.2569444444444444,0.10666666666666667
49,bing,True,BIM,alexnet,40/60,alexnet,bing,30/70,0.10689655,0.18571428571428572,0.03333333333333333
50,bing,True,BIM,alexnet,40/60,alexnet,bing,40/60,0.1462585,0.14482758620689656,0.1476510067114094
51,bing,True,BIM,alexnet,40/60,alexnet,bing,50/50,0.13993174,0.09722222222222222,0.18120805369127516
52,bing,True,BIM,alexnet,40/60,resnet,bing,20/80,0.051194537,0.1048951048951049,0.0
53,bing,True,BIM,alexnet,40/60,resnet,bing,30/70,0.023890784,0.04895104895104895,0.0
54,bing,True,BIM,alexnet,40/60,resnet,bing,40/60,0.020338982,0.034482758620689655,0.006666666666666667
55,bing,True,BIM,alexnet,40/60,resnet,bing,50/50,0.020338982,0.027586206896551724,0.013333333333333334
56,bing,True,BIM,alexnet,40/60,vgg,bing,20/80,0.044217687,0.09027777777777778,0.0
57,bing,True,BIM,alexnet,40/60,vgg,bing,30/70,0.016949153,0.034482758620689655,0.0
58,bing,True,BIM,alexnet,40/60,vgg,bing,40/60,0.010169491,0.020689655172413793,0.0
59,bing,True,BIM,alexnet,40/60,vgg,bing,50/50,0.010135136,0.02054794520547945,0.0
60,bing,True,BIM,alexnet,40/60,alexnet,google,20/80,0.17,0.30666666666666664,0.03333333333333333
61,bing,True,BIM,alexnet,40/60,alexnet,google,30/70,0.15,0.22666666666666666,0.07333333333333333
62,bing,True,BIM,alexnet,40/60,alexnet,google,40/60,0.15,0.23333333333333334,0.06666666666666667
63,bing,True,BIM,alexnet,40/60,alexnet,google,50/50,0.13000001,0.18666666666666668,0.07333333333333333
64,bing,True,BIM,alexnet,40/60,resnet,google,20/80,0.07333334,0.14666666666666667,0.0
65,bing,True,BIM,alexnet,40/60,resnet,google,30/70,0.053333335,0.1,0.006666666666666667
66,bing,True,BIM,alexnet,40/60,resnet,google,40/60,0.04,0.07333333333333333,0.006666666666666667
67,bing,True,BIM,alexnet,40/60,resnet,google,50/50,0.033333335,0.05333333333333334,0.013333333333333334
68,bing,True,BIM,alexnet,40/60,vgg,google,20/80,0.07333334,0.14666666666666667,0.0
69,bing,True,BIM,alexnet,40/60,vgg,google,30/70,0.04,0.08,0.0
70,bing,True,BIM,alexnet,40/60,vgg,google,40/60,0.030000001,0.06,0.0
71,bing,True,BIM,alexnet,40/60,vgg,google,50/50,0.023333333,0.04666666666666667,0.0
72,bing,True,BIM,alexnet,50/50,alexnet,bing,20/80,0.17687075,0.24305555555555555,0.11333333333333333
73,bing,True,BIM,alexnet,50/50,alexnet,bing,30/70,0.10344827,0.15714285714285714,0.05333333333333334
74,bing,True,BIM,alexnet,50/50,alexnet,bing,40/60,0.1292517,0.12413793103448276,0.1342281879194631
75,bing,True,BIM,alexnet,50/50,alexnet,bing,50/50,0.15699658,0.09027777777777778,0.2214765100671141
76,bing,True,BIM,alexnet,50/50,resnet,bing,20/80,0.047781568,0.0979020979020979,0.0
77,bing,True,BIM,alexnet,50/50,resnet,bing,30/70,0.0443686,0.08391608391608392,0.006666666666666667
78,bing,True,BIM,alexnet,50/50,resnet,bing,40/60,0.020338982,0.034482758620689655,0.006666666666666667
79,bing,True,BIM,alexnet,50/50,resnet,bing,50/50,0.030508474,0.04827586206896552,0.013333333333333334
80,bing,True,BIM,alexnet,50/50,vgg,bing,20/80,0.054421768,0.1111111111111111,0.0
81,bing,True,BIM,alexnet,50/50,vgg,bing,30/70,0.030508474,0.06206896551724138,0.0
82,bing,True,BIM,alexnet,50/50,vgg,bing,40/60,0.027118644,0.04827586206896552,0.006666666666666667
83,bing,True,BIM,alexnet,50/50,vgg,bing,50/50,0.013513514,0.0273972602739726,0.0
84,bing,True,BIM,alexnet,50/50,alexnet,google,20/80,0.15333334,0.25333333333333335,0.05333333333333334
85,bing,True,BIM,alexnet,50/50,alexnet,google,30/70,0.14333333,0.2,0.08666666666666667
86,bing,True,BIM,alexnet,50/50,alexnet,google,40/60,0.15666667,0.20666666666666667,0.10666666666666667
87,bing,True,BIM,alexnet,50/50,alexnet,google,50/50,0.14,0.16,0.12
88,bing,True,BIM,alexnet,50/50,resnet,google,20/80,0.09666667,0.18666666666666668,0.006666666666666667
89,bing,True,BIM,alexnet,50/50,resnet,google,30/70,0.053333335,0.1,0.006666666666666667
90,bing,True,BIM,alexnet,50/50,resnet,google,40/60,0.04,0.06666666666666667,0.013333333333333334
91,bing,True,BIM,alexnet,50/50,resnet,google,50/50,0.030000001,0.04666666666666667,0.013333333333333334
92,bing,True,BIM,alexnet,50/50,vgg,google,20/80,0.093333334,0.18666666666666668,0.0
93,bing,True,BIM,alexnet,50/50,vgg,google,30/70,0.043333333,0.08666666666666667,0.0
94,bing,True,BIM,alexnet,50/50,vgg,google,40/60,0.04,0.07333333333333333,0.006666666666666667
95,bing,True,BIM,alexnet,50/50,vgg,google,50/50,0.030000001,0.06,0.0
96,bing,True,BIM,resnet,20/80,alexnet,bing,20/80,0.020408163,0.041666666666666664,0.0
97,bing,True,BIM,resnet,20/80,alexnet,bing,30/70,0.020689655,0.03571428571428571,0.006666666666666667
98,bing,True,BIM,resnet,20/80,alexnet,bing,40/60,0.0034013605,0.0,0.006711409395973154
99,bing,True,BIM,resnet,20/80,alexnet,bing,50/50,0.0034129692,0.0,0.006711409395973154
100,bing,True,BIM,resnet,20/80,resnet,bing,20/80,0.13993174,0.2867132867132867,0.0
101,bing,True,BIM,resnet,20/80,resnet,bing,30/70,0.095563136,0.17482517482517482,0.02
102,bing,True,BIM,resnet,20/80,resnet,bing,40/60,0.047457628,0.06896551724137931,0.02666666666666667
103,bing,True,BIM,resnet,20/80,resnet,bing,50/50,0.044067796,0.04827586206896552,0.04
104,bing,True,BIM,resnet,20/80,vgg,bing,20/80,0.06462585,0.13194444444444445,0.0
105,bing,True,BIM,resnet,20/80,vgg,bing,30/70,0.013559322,0.027586206896551724,0.0
106,bing,True,BIM,resnet,20/80,vgg,bing,40/60,0.020338982,0.041379310344827586,0.0
107,bing,True,BIM,resnet,20/80,vgg,bing,50/50,0.010135136,0.02054794520547945,0.0
108,bing,True,BIM,resnet,20/80,alexnet,google,20/80,0.043333333,0.08666666666666667,0.0
109,bing,True,BIM,resnet,20/80,alexnet,google,30/70,0.033333335,0.06666666666666667,0.0
110,bing,True,BIM,resnet,20/80,alexnet,google,40/60,0.033333335,0.06666666666666667,0.0
111,bing,True,BIM,resnet,20/80,alexnet,google,50/50,0.023333333,0.04666666666666667,0.0
112,bing,True,BIM,resnet,20/80,resnet,google,20/80,0.15,0.28,0.02
113,bing,True,BIM,resnet,20/80,resnet,google,30/70,0.11333334,0.21333333333333335,0.013333333333333334
114,bing,True,BIM,resnet,20/80,resnet,google,40/60,0.05666667,0.08666666666666667,0.02666666666666667
115,bing,True,BIM,resnet,20/80,resnet,google,50/50,0.06333333,0.08,0.04666666666666667
116,bing,True,BIM,resnet,20/80,vgg,google,20/80,0.083333336,0.16666666666666666,0.0
117,bing,True,BIM,resnet,20/80,vgg,google,30/70,0.043333333,0.08666666666666667,0.0
118,bing,True,BIM,resnet,20/80,vgg,google,40/60,0.033333335,0.06666666666666667,0.0
119,bing,True,BIM,resnet,20/80,vgg,google,50/50,0.026666667,0.04666666666666667,0.006666666666666667
120,bing,True,BIM,resnet,30/70,alexnet,bing,20/80,0.030612245,0.05555555555555555,0.006666666666666667
121,bing,True,BIM,resnet,30/70,alexnet,bing,30/70,0.020689655,0.03571428571428571,0.006666666666666667
122,bing,True,BIM,resnet,30/70,alexnet,bing,40/60,0.006802721,0.006896551724137931,0.006711409395973154
123,bing,True,BIM,resnet,30/70,alexnet,bing,50/50,0.0034129692,0.0,0.006711409395973154
124,bing,True,BIM,resnet,30/70,resnet,bing,20/80,0.11262798,0.23076923076923078,0.0
125,bing,True,BIM,resnet,30/70,resnet,bing,30/70,0.13651876,0.2517482517482518,0.02666666666666667
126,bing,True,BIM,resnet,30/70,resnet,bing,40/60,0.05762712,0.08275862068965517,0.03333333333333333
127,bing,True,BIM,resnet,30/70,resnet,bing,50/50,0.050847456,0.04827586206896552,0.05333333333333334
128,bing,True,BIM,resnet,30/70,vgg,bing,20/80,0.06802721,0.1388888888888889,0.0
129,bing,True,BIM,resnet,30/70,vgg,bing,30/70,0.023728814,0.041379310344827586,0.006666666666666667
130,bing,True,BIM,resnet,30/70,vgg,bing,40/60,0.020338982,0.034482758620689655,0.006666666666666667
131,bing,True,BIM,resnet,30/70,vgg,bing,50/50,0.016891893,0.02054794520547945,0.013333333333333334
132,bing,True,BIM,resnet,30/70,alexnet,google,20/80,0.046666667,0.09333333333333334,0.0
133,bing,True,BIM,resnet,30/70,alexnet,google,30/70,0.046666667,0.08,0.013333333333333334
134,bing,True,BIM,resnet,30/70,alexnet,google,40/60,0.03666667,0.06666666666666667,0.006666666666666667
135,bing,True,BIM,resnet,30/70,alexnet,google,50/50,0.026666667,0.04666666666666667,0.006666666666666667
136,bing,True,BIM,resnet,30/70,resnet,google,20/80,0.13333334,0.26,0.006666666666666667
137,bing,True,BIM,resnet,30/70,resnet,google,30/70,0.15,0.28,0.02
138,bing,True,BIM,resnet,30/70,resnet,google,40/60,0.08,0.10666666666666667,0.05333333333333334
139,bing,True,BIM,resnet,30/70,resnet,google,50/50,0.06666667,0.07333333333333333,0.06
140,bing,True,BIM,resnet,30/70,vgg,google,20/80,0.086666666,0.17333333333333334,0.0
141,bing,True,BIM,resnet,30/70,vgg,google,30/70,0.046666667,0.09333333333333334,0.0
142,bing,True,BIM,resnet,30/70,vgg,google,40/60,0.043333333,0.08,0.006666666666666667
143,bing,True,BIM,resnet,30/70,vgg,google,50/50,0.03666667,0.06666666666666667,0.006666666666666667
144,bing,True,BIM,resnet,40/60,alexnet,bing,20/80,0.030612245,0.05555555555555555,0.006666666666666667
145,bing,True,BIM,resnet,40/60,alexnet,bing,30/70,0.01724138,0.02857142857142857,0.006666666666666667
146,bing,True,BIM,resnet,40/60,alexnet,bing,40/60,0.0034013605,0.0,0.006711409395973154
147,bing,True,BIM,resnet,40/60,alexnet,bing,50/50,0.0034129692,0.0,0.006711409395973154
148,bing,True,BIM,resnet,40/60,resnet,bing,20/80,0.12969282,0.26573426573426573,0.0
149,bing,True,BIM,resnet,40/60,resnet,bing,30/70,0.1331058,0.2517482517482518,0.02
150,bing,True,BIM,resnet,40/60,resnet,bing,40/60,0.12881356,0.20689655172413793,0.05333333333333334
151,bing,True,BIM,resnet,40/60,resnet,bing,50/50,0.094915256,0.14482758620689656,0.04666666666666667
152,bing,True,BIM,resnet,40/60,vgg,bing,20/80,0.07482993,0.1527777777777778,0.0
153,bing,True,BIM,resnet,40/60,vgg,bing,30/70,0.047457628,0.09655172413793103,0.0
154,bing,True,BIM,resnet,40/60,vgg,bing,40/60,0.050847456,0.10344827586206896,0.0
155,bing,True,BIM,resnet,40/60,vgg,bing,50/50,0.02364865,0.0410958904109589,0.006666666666666667
156,bing,True,BIM,resnet,40/60,alexnet,google,20/80,0.046666667,0.08666666666666667,0.006666666666666667
157,bing,True,BIM,resnet,40/60,alexnet,google,30/70,0.05,0.08666666666666667,0.013333333333333334
158,bing,True,BIM,resnet,40/60,alexnet,google,40/60,0.043333333,0.08,0.006666666666666667
159,bing,True,BIM,resnet,40/60,alexnet,google,50/50,0.023333333,0.04666666666666667,0.0
160,bing,True,BIM,resnet,40/60,resnet,google,20/80,0.12666667,0.24666666666666667,0.006666666666666667
161,bing,True,BIM,resnet,40/60,resnet,google,30/70,0.15,0.2866666666666667,0.013333333333333334
162,bing,True,BIM,resnet,40/60,resnet,google,40/60,0.13000001,0.2,0.06
163,bing,True,BIM,resnet,40/60,resnet,google,50/50,0.086666666,0.12666666666666668,0.04666666666666667
164,bing,True,BIM,resnet,40/60,vgg,google,20/80,0.093333334,0.18666666666666668,0.0
165,bing,True,BIM,resnet,40/60,vgg,google,30/70,0.06333333,0.12666666666666668,0.0
166,bing,True,BIM,resnet,40/60,vgg,google,40/60,0.05,0.1,0.0
167,bing,True,BIM,resnet,40/60,vgg,google,50/50,0.04,0.07333333333333333,0.006666666666666667
168,bing,True,BIM,resnet,50/50,alexnet,bing,20/80,0.027210884,0.04861111111111111,0.006666666666666667
169,bing,True,BIM,resnet,50/50,alexnet,bing,30/70,0.013793103,0.02142857142857143,0.006666666666666667
170,bing,True,BIM,resnet,50/50,alexnet,bing,40/60,0.0034013605,0.0,0.006711409395973154
171,bing,True,BIM,resnet,50/50,alexnet,bing,50/50,0.0034129692,0.0,0.006711409395973154
172,bing,True,BIM,resnet,50/50,resnet,bing,20/80,0.12286689,0.2517482517482518,0.0
173,bing,True,BIM,resnet,50/50,resnet,bing,30/70,0.102389075,0.18181818181818182,0.02666666666666667
174,bing,True,BIM,resnet,50/50,resnet,bing,40/60,0.08813559,0.13793103448275862,0.04
175,bing,True,BIM,resnet,50/50,resnet,bing,50/50,0.12881356,0.16551724137931034,0.09333333333333334
176,bing,True,BIM,resnet,50/50,vgg,bing,20/80,0.06462585,0.13194444444444445,0.0
177,bing,True,BIM,resnet,50/50,vgg,bing,30/70,0.040677965,0.08275862068965517,0.0
178,bing,True,BIM,resnet,50/50,vgg,bing,40/60,0.044067796,0.07586206896551724,0.013333333333333334
179,bing,True,BIM,resnet,50/50,vgg,bing,50/50,0.016891893,0.0273972602739726,0.006666666666666667
180,bing,True,BIM,resnet,50/50,alexnet,google,20/80,0.046666667,0.09333333333333334,0.0
181,bing,True,BIM,resnet,50/50,alexnet,google,30/70,0.03666667,0.06666666666666667,0.006666666666666667
182,bing,True,BIM,resnet,50/50,alexnet,google,40/60,0.03666667,0.07333333333333333,0.0
183,bing,True,BIM,resnet,50/50,alexnet,google,50/50,0.026666667,0.04666666666666667,0.006666666666666667
184,bing,True,BIM,resnet,50/50,resnet,google,20/80,0.12666667,0.24666666666666667,0.006666666666666667
185,bing,True,BIM,resnet,50/50,resnet,google,30/70,0.13666667,0.25333333333333335,0.02
186,bing,True,BIM,resnet,50/50,resnet,google,40/60,0.10666667,0.15333333333333332,0.06
187,bing,True,BIM,resnet,50/50,resnet,google,50/50,0.123333335,0.15333333333333332,0.09333333333333334
188,bing,True,BIM,resnet,50/50,vgg,google,20/80,0.086666666,0.17333333333333334,0.0
189,bing,True,BIM,resnet,50/50,vgg,google,30/70,0.05666667,0.10666666666666667,0.006666666666666667
190,bing,True,BIM,resnet,50/50,vgg,google,40/60,0.053333335,0.08666666666666667,0.02
191,bing,True,BIM,resnet,50/50,vgg,google,50/50,0.033333335,0.06,0.006666666666666667
192,bing,True,BIM,vgg,20/80,alexnet,bing,20/80,0.013605442,0.027777777777777776,0.0
193,bing,True,BIM,vgg,20/80,alexnet,bing,30/70,0.013793103,0.02142857142857143,0.006666666666666667
194,bing,True,BIM,vgg,20/80,alexnet,bing,40/60,0.0034013605,0.0,0.006711409395973154
195,bing,True,BIM,vgg,20/80,alexnet,bing,50/50,0.0034129692,0.0,0.006711409395973154
196,bing,True,BIM,vgg,20/80,resnet,bing,20/80,0.030716723,0.06293706293706294,0.0
197,bing,True,BIM,vgg,20/80,resnet,bing,30/70,0.013651877,0.027972027972027972,0.0
198,bing,True,BIM,vgg,20/80,resnet,bing,40/60,0.010169491,0.013793103448275862,0.006666666666666667
199,bing,True,BIM,vgg,20/80,resnet,bing,50/50,0.0033898305,0.0,0.006666666666666667
200,bing,True,BIM,vgg,20/80,vgg,bing,20/80,0.17687075,0.2916666666666667,0.06666666666666667
201,bing,True,BIM,vgg,20/80,vgg,bing,30/70,0.14576271,0.2,0.09333333333333334
202,bing,True,BIM,vgg,20/80,vgg,bing,40/60,0.13898306,0.15862068965517243,0.12
203,bing,True,BIM,vgg,20/80,vgg,bing,50/50,0.11148649,0.10273972602739725,0.12
204,bing,True,BIM,vgg,20/80,alexnet,google,20/80,0.046666667,0.09333333333333334,0.0
205,bing,True,BIM,vgg,20/80,alexnet,google,30/70,0.03666667,0.07333333333333333,0.0
206,bing,True,BIM,vgg,20/80,alexnet,google,40/60,0.033333335,0.06666666666666667,0.0
207,bing,True,BIM,vgg,20/80,alexnet,google,50/50,0.023333333,0.04666666666666667,0.0
208,bing,True,BIM,vgg,20/80,resnet,google,20/80,0.053333335,0.10666666666666667,0.0
209,bing,True,BIM,vgg,20/80,resnet,google,30/70,0.033333335,0.06666666666666667,0.0
210,bing,True,BIM,vgg,20/80,resnet,google,40/60,0.026666667,0.04666666666666667,0.006666666666666667
211,bing,True,BIM,vgg,20/80,resnet,google,50/50,0.02,0.03333333333333333,0.006666666666666667
212,bing,True,BIM,vgg,20/80,vgg,google,20/80,0.17666668,0.29333333333333333,0.06
213,bing,True,BIM,vgg,20/80,vgg,google,30/70,0.14666668,0.22666666666666666,0.06666666666666667
214,bing,True,BIM,vgg,20/80,vgg,google,40/60,0.13000001,0.16,0.1
215,bing,True,BIM,vgg,20/80,vgg,google,50/50,0.10333334,0.12,0.08666666666666667
216,bing,True,BIM,vgg,30/70,alexnet,bing,20/80,0.017006803,0.034722222222222224,0.0
217,bing,True,BIM,vgg,30/70,alexnet,bing,30/70,0.013793103,0.02142857142857143,0.006666666666666667
218,bing,True,BIM,vgg,30/70,alexnet,bing,40/60,0.0034013605,0.0,0.006711409395973154
219,bing,True,BIM,vgg,30/70,alexnet,bing,50/50,0.0034129692,0.0,0.006711409395973154
220,bing,True,BIM,vgg,30/70,resnet,bing,20/80,0.027303753,0.055944055944055944,0.0
221,bing,True,BIM,vgg,30/70,resnet,bing,30/70,0.020477815,0.04195804195804196,0.0
222,bing,True,BIM,vgg,30/70,resnet,bing,40/60,0.010169491,0.013793103448275862,0.006666666666666667
223,bing,True,BIM,vgg,30/70,resnet,bing,50/50,0.010169491,0.013793103448275862,0.006666666666666667
224,bing,True,BIM,vgg,30/70,vgg,bing,20/80,0.15306123,0.2847222222222222,0.02666666666666667
225,bing,True,BIM,vgg,30/70,vgg,bing,30/70,0.13559322,0.19310344827586207,0.08
226,bing,True,BIM,vgg,30/70,vgg,bing,40/60,0.13898306,0.1724137931034483,0.10666666666666667
227,bing,True,BIM,vgg,30/70,vgg,bing,50/50,0.104729734,0.11643835616438356,0.09333333333333334
228,bing,True,BIM,vgg,30/70,alexnet,google,20/80,0.043333333,0.08666666666666667,0.0
229,bing,True,BIM,vgg,30/70,alexnet,google,30/70,0.04,0.07333333333333333,0.006666666666666667
230,bing,True,BIM,vgg,30/70,alexnet,google,40/60,0.033333335,0.06666666666666667,0.0
231,bing,True,BIM,vgg,30/70,alexnet,google,50/50,0.023333333,0.04666666666666667,0.0
232,bing,True,BIM,vgg,30/70,resnet,google,20/80,0.05,0.1,0.0
233,bing,True,BIM,vgg,30/70,resnet,google,30/70,0.030000001,0.06,0.0
234,bing,True,BIM,vgg,30/70,resnet,google,40/60,0.030000001,0.05333333333333334,0.006666666666666667
235,bing,True,BIM,vgg,30/70,resnet,google,50/50,0.02,0.03333333333333333,0.006666666666666667
236,bing,True,BIM,vgg,30/70,vgg,google,20/80,0.16,0.29333333333333333,0.02666666666666667
237,bing,True,BIM,vgg,30/70,vgg,google,30/70,0.12666667,0.22,0.03333333333333333
238,bing,True,BIM,vgg,30/70,vgg,google,40/60,0.120000005,0.16666666666666666,0.07333333333333333
239,bing,True,BIM,vgg,30/70,vgg,google,50/50,0.11,0.12666666666666668,0.09333333333333334
240,bing,True,BIM,vgg,40/60,alexnet,bing,20/80,0.013605442,0.027777777777777776,0.0
241,bing,True,BIM,vgg,40/60,alexnet,bing,30/70,0.010344828,0.014285714285714285,0.006666666666666667
242,bing,True,BIM,vgg,40/60,alexnet,bing,40/60,0.0034013605,0.0,0.006711409395973154
243,bing,True,BIM,vgg,40/60,alexnet,bing,50/50,0.0034129692,0.0,0.006711409395973154
244,bing,True,BIM,vgg,40/60,resnet,bing,20/80,0.030716723,0.06293706293706294,0.0
245,bing,True,BIM,vgg,40/60,resnet,bing,30/70,0.017064845,0.03496503496503497,0.0
246,bing,True,BIM,vgg,40/60,resnet,bing,40/60,0.013559322,0.013793103448275862,0.013333333333333334
247,bing,True,BIM,vgg,40/60,resnet,bing,50/50,0.006779661,0.013793103448275862,0.0
248,bing,True,BIM,vgg,40/60,vgg,bing,20/80,0.15646258,0.2847222222222222,0.03333333333333333
249,bing,True,BIM,vgg,40/60,vgg,bing,30/70,0.13559322,0.19310344827586207,0.08
250,bing,True,BIM,vgg,40/60,vgg,bing,40/60,0.14915255,0.21379310344827587,0.08666666666666667
251,bing,True,BIM,vgg,40/60,vgg,bing,50/50,0.10810811,0.1232876712328767,0.09333333333333334
252,bing,True,BIM,vgg,40/60,alexnet,google,20/80,0.04,0.08,0.0
253,bing,True,BIM,vgg,40/60,alexnet,google,30/70,0.046666667,0.08666666666666667,0.006666666666666667
254,bing,True,BIM,vgg,40/60,alexnet,google,40/60,0.03666667,0.07333333333333333,0.0
255,bing,True,BIM,vgg,40/60,alexnet,google,50/50,0.023333333,0.04666666666666667,0.0
256,bing,True,BIM,vgg,40/60,resnet,google,20/80,0.05666667,0.11333333333333333,0.0
257,bing,True,BIM,vgg,40/60,resnet,google,30/70,0.033333335,0.06666666666666667,0.0
258,bing,True,BIM,vgg,40/60,resnet,google,40/60,0.030000001,0.05333333333333334,0.006666666666666667
259,bing,True,BIM,vgg,40/60,resnet,google,50/50,0.016666668,0.02666666666666667,0.006666666666666667
260,bing,True,BIM,vgg,40/60,vgg,google,20/80,0.16333334,0.29333333333333333,0.03333333333333333
261,bing,True,BIM,vgg,40/60,vgg,google,30/70,0.12666667,0.22,0.03333333333333333
262,bing,True,BIM,vgg,40/60,vgg,google,40/60,0.13666667,0.18666666666666668,0.08666666666666667
263,bing,True,BIM,vgg,40/60,vgg,google,50/50,0.13333334,0.16666666666666666,0.1
264,bing,True,BIM,vgg,50/50,alexnet,bing,20/80,0.017006803,0.034722222222222224,0.0
265,bing,True,BIM,vgg,50/50,alexnet,bing,30/70,0.013793103,0.02142857142857143,0.006666666666666667
266,bing,True,BIM,vgg,50/50,alexnet,bing,40/60,0.0034013605,0.0,0.006711409395973154
267,bing,True,BIM,vgg,50/50,alexnet,bing,50/50,0.0034129692,0.0,0.006711409395973154
268,bing,True,BIM,vgg,50/50,resnet,bing,20/80,0.030716723,0.06293706293706294,0.0
269,bing,True,BIM,vgg,50/50,resnet,bing,30/70,0.017064845,0.03496503496503497,0.0
270,bing,True,BIM,vgg,50/50,resnet,bing,40/60,0.010169491,0.013793103448275862,0.006666666666666667
271,bing,True,BIM,vgg,50/50,resnet,bing,50/50,0.006779661,0.006896551724137931,0.006666666666666667
272,bing,True,BIM,vgg,50/50,vgg,bing,20/80,0.15306123,0.2847222222222222,0.02666666666666667
273,bing,True,BIM,vgg,50/50,vgg,bing,30/70,0.12881356,0.21379310344827587,0.04666666666666667
274,bing,True,BIM,vgg,50/50,vgg,bing,40/60,0.13220339,0.1793103448275862,0.08666666666666667
275,bing,True,BIM,vgg,50/50,vgg,bing,50/50,0.104729734,0.1232876712328767,0.08666666666666667
276,bing,True,BIM,vgg,50/50,alexnet,google,20/80,0.046666667,0.09333333333333334,0.0
277,bing,True,BIM,vgg,50/50,alexnet,google,30/70,0.043333333,0.08,0.006666666666666667
278,bing,True,BIM,vgg,50/50,alexnet,google,40/60,0.033333335,0.06666666666666667,0.0
279,bing,True,BIM,vgg,50/50,alexnet,google,50/50,0.023333333,0.04666666666666667,0.0
280,bing,True,BIM,vgg,50/50,resnet,google,20/80,0.053333335,0.10666666666666667,0.0
281,bing,True,BIM,vgg,50/50,resnet,google,30/70,0.043333333,0.08666666666666667,0.0
282,bing,True,BIM,vgg,50/50,resnet,google,40/60,0.030000001,0.05333333333333334,0.006666666666666667
283,bing,True,BIM,vgg,50/50,resnet,google,50/50,0.023333333,0.03333333333333333,0.013333333333333334
284,bing,True,BIM,vgg,50/50,vgg,google,20/80,0.15666667,0.29333333333333333,0.02
285,bing,True,BIM,vgg,50/50,vgg,google,30/70,0.13000001,0.24,0.02
286,bing,True,BIM,vgg,50/50,vgg,google,40/60,0.13333334,0.18666666666666668,0.08
287,bing,True,BIM,vgg,50/50,vgg,google,50/50,0.11333334,0.16666666666666666,0.06
288,google,True,BIM,alexnet,20/80,alexnet,bing,20/80,0.086666666,0.08666666666666667,0.08666666666666667
289,google,True,BIM,alexnet,20/80,alexnet,bing,30/70,0.07666667,0.09333333333333334,0.06
290,google,True,BIM,alexnet,20/80,alexnet,bing,40/60,0.086666666,0.03333333333333333,0.14
291,google,True,BIM,alexnet,20/80,alexnet,bing,50/50,0.120000005,0.02666666666666667,0.21333333333333335
292,google,True,BIM,alexnet,20/80,resnet,bing,20/80,0.03666667,0.06,0.013333333333333334
293,google,True,BIM,alexnet,20/80,resnet,bing,30/70,0.033333335,0.04666666666666667,0.02
294,google,True,BIM,alexnet,20/80,resnet,bing,40/60,0.03666667,0.02,0.05333333333333334
295,google,True,BIM,alexnet,20/80,resnet,bing,50/50,0.030000001,0.013333333333333334,0.04666666666666667
296,google,True,BIM,alexnet,20/80,vgg,bing,20/80,0.03666667,0.06666666666666667,0.006666666666666667
297,google,True,BIM,alexnet,20/80,vgg,bing,30/70,0.013333334,0.006666666666666667,0.02
298,google,True,BIM,alexnet,20/80,vgg,bing,40/60,0.02,0.02,0.02
299,google,True,BIM,alexnet,20/80,vgg,bing,50/50,0.02,0.006666666666666667,0.03333333333333333
300,google,True,BIM,alexnet,20/80,alexnet,google,20/80,0.0779661,0.04827586206896552,0.10666666666666667
301,google,True,BIM,alexnet,20/80,alexnet,google,30/70,0.0779661,0.034013605442176874,0.12162162162162163
302,google,True,BIM,alexnet,20/80,alexnet,google,40/60,0.074324325,0.034013605442176874,0.11409395973154363
303,google,True,BIM,alexnet,20/80,alexnet,google,50/50,0.09121622,0.04,0.14383561643835616
304,google,True,BIM,alexnet,20/80,resnet,google,20/80,0.027027028,0.0273972602739726,0.02666666666666667
305,google,True,BIM,alexnet,20/80,resnet,google,30/70,0.02013423,0.02027027027027027,0.02
306,google,True,BIM,alexnet,20/80,resnet,google,40/60,0.02020202,0.0,0.04054054054054054
307,google,True,BIM,alexnet,20/80,resnet,google,50/50,0.020270271,0.0,0.04081632653061224
308,google,True,BIM,alexnet,20/80,vgg,google,20/80,0.016835017,0.027210884353741496,0.006666666666666667
309,google,True,BIM,alexnet,20/80,vgg,google,30/70,0.006688963,0.006711409395973154,0.006666666666666667
310,google,True,BIM,alexnet,20/80,vgg,google,40/60,0.013422819,0.006711409395973154,0.020134228187919462
311,google,True,BIM,alexnet,20/80,vgg,google,50/50,0.02013423,0.006711409395973154,0.03355704697986577
312,google,True,BIM,alexnet,30/70,alexnet,bing,20/80,0.08,0.09333333333333334,0.06666666666666667
313,google,True,BIM,alexnet,30/70,alexnet,bing,30/70,0.07666667,0.1,0.05333333333333334
314,google,True,BIM,alexnet,30/70,alexnet,bing,40/60,0.10333334,0.05333333333333334,0.15333333333333332
315,google,True,BIM,alexnet,30/70,alexnet,bing,50/50,0.13333334,0.04666666666666667,0.22
316,google,True,BIM,alexnet,30/70,resnet,bing,20/80,0.030000001,0.04666666666666667,0.013333333333333334
317,google,True,BIM,alexnet,30/70,resnet,bing,30/70,0.026666667,0.04,0.013333333333333334
318,google,True,BIM,alexnet,30/70,resnet,bing,40/60,0.03666667,0.03333333333333333,0.04
319,google,True,BIM,alexnet,30/70,resnet,bing,50/50,0.030000001,0.013333333333333334,0.04666666666666667
320,google,True,BIM,alexnet,30/70,vgg,bing,20/80,0.016666668,0.02666666666666667,0.006666666666666667
321,google,True,BIM,alexnet,30/70,vgg,bing,30/70,0.006666667,0.006666666666666667,0.006666666666666667
322,google,True,BIM,alexnet,30/70,vgg,bing,40/60,0.016666668,0.006666666666666667,0.02666666666666667
323,google,True,BIM,alexnet,30/70,vgg,bing,50/50,0.023333333,0.006666666666666667,0.04
324,google,True,BIM,alexnet,30/70,alexnet,google,20/80,0.06779661,0.05517241379310345,0.08
325,google,True,BIM,alexnet,30/70,alexnet,google,30/70,0.084745765,0.05442176870748299,0.11486486486486487
326,google,True,BIM,alexnet,30/70,alexnet,google,40/60,0.10810811,0.061224489795918366,0.15436241610738255
327,google,True,BIM,alexnet,30/70,alexnet,google,50/50,0.10135135,0.04666666666666667,0.15753424657534246
328,google,True,BIM,alexnet,30/70,resnet,google,20/80,0.040540542,0.03424657534246575,0.04666666666666667
329,google,True,BIM,alexnet,30/70,resnet,google,30/70,0.016778523,0.02027027027027027,0.013333333333333334
330,google,True,BIM,alexnet,30/70,resnet,google,40/60,0.037037037,0.013422818791946308,0.060810810810810814
331,google,True,BIM,alexnet,30/70,resnet,google,50/50,0.020270271,0.0,0.04081632653061224
332,google,True,BIM,alexnet,30/70,vgg,google,20/80,0.0067340066,0.013605442176870748,0.0
333,google,True,BIM,alexnet,30/70,vgg,google,30/70,0.0100334445,0.006711409395973154,0.013333333333333334
334,google,True,BIM,alexnet,30/70,vgg,google,40/60,0.023489933,0.006711409395973154,0.040268456375838924
335,google,True,BIM,alexnet,30/70,vgg,google,50/50,0.023489933,0.0,0.04697986577181208
336,google,True,BIM,alexnet,40/60,alexnet,bing,20/80,0.07666667,0.08666666666666667,0.06666666666666667
337,google,True,BIM,alexnet,40/60,alexnet,bing,30/70,0.08,0.11333333333333333,0.04666666666666667
338,google,True,BIM,alexnet,40/60,alexnet,bing,40/60,0.10666667,0.06666666666666667,0.14666666666666667
339,google,True,BIM,alexnet,40/60,alexnet,bing,50/50,0.13666667,0.05333333333333334,0.22
340,google,True,BIM,alexnet,40/60,resnet,bing,20/80,0.033333335,0.06,0.006666666666666667
341,google,True,BIM,alexnet,40/60,resnet,bing,30/70,0.026666667,0.04666666666666667,0.006666666666666667
342,google,True,BIM,alexnet,40/60,resnet,bing,40/60,0.03666667,0.02,0.05333333333333334
343,google,True,BIM,alexnet,40/60,resnet,bing,50/50,0.03666667,0.02,0.05333333333333334
344,google,True,BIM,alexnet,40/60,vgg,bing,20/80,0.030000001,0.06,0.0
345,google,True,BIM,alexnet,40/60,vgg,bing,30/70,0.013333334,0.013333333333333334,0.013333333333333334
346,google,True,BIM,alexnet,40/60,vgg,bing,40/60,0.023333333,0.02666666666666667,0.02
347,google,True,BIM,alexnet,40/60,vgg,bing,50/50,0.026666667,0.02,0.03333333333333333
348,google,True,BIM,alexnet,40/60,alexnet,google,20/80,0.06440678,0.06206896551724138,0.06666666666666667
349,google,True,BIM,alexnet,40/60,alexnet,google,30/70,0.07118644,0.05442176870748299,0.08783783783783784
350,google,True,BIM,alexnet,40/60,alexnet,google,40/60,0.104729734,0.06802721088435375,0.14093959731543623
351,google,True,BIM,alexnet,40/60,alexnet,google,50/50,0.11148649,0.07333333333333333,0.1506849315068493
352,google,True,BIM,alexnet,40/60,resnet,google,20/80,0.027027028,0.03424657534246575,0.02
353,google,True,BIM,alexnet,40/60,resnet,google,30/70,0.02013423,0.02702702702702703,0.013333333333333334
354,google,True,BIM,alexnet,40/60,resnet,google,40/60,0.013468013,0.0,0.02702702702702703
355,google,True,BIM,alexnet,40/60,resnet,google,50/50,0.020270271,0.0,0.04081632653061224
356,google,True,BIM,alexnet,40/60,vgg,google,20/80,0.013468013,0.027210884353741496,0.0
357,google,True,BIM,alexnet,40/60,vgg,google,30/70,0.0100334445,0.013422818791946308,0.006666666666666667
358,google,True,BIM,alexnet,40/60,vgg,google,40/60,0.016778523,0.013422818791946308,0.020134228187919462
359,google,True,BIM,alexnet,40/60,vgg,google,50/50,0.030201342,0.006711409395973154,0.053691275167785234
360,google,True,BIM,alexnet,50/50,alexnet,bing,20/80,0.083333336,0.08666666666666667,0.08
361,google,True,BIM,alexnet,50/50,alexnet,bing,30/70,0.07666667,0.09333333333333334,0.06
362,google,True,BIM,alexnet,50/50,alexnet,bing,40/60,0.11666667,0.05333333333333334,0.18
363,google,True,BIM,alexnet,50/50,alexnet,bing,50/50,0.14666668,0.05333333333333334,0.24
364,google,True,BIM,alexnet,50/50,resnet,bing,20/80,0.026666667,0.04666666666666667,0.006666666666666667
365,google,True,BIM,alexnet,50/50,resnet,bing,30/70,0.033333335,0.04666666666666667,0.02
366,google,True,BIM,alexnet,50/50,resnet,bing,40/60,0.04,0.03333333333333333,0.04666666666666667
367,google,True,BIM,alexnet,50/50,resnet,bing,50/50,0.03666667,0.02,0.05333333333333334
368,google,True,BIM,alexnet,50/50,vgg,bing,20/80,0.02,0.04,0.0
369,google,True,BIM,alexnet,50/50,vgg,bing,30/70,0.01,0.013333333333333334,0.006666666666666667
370,google,True,BIM,alexnet,50/50,vgg,bing,40/60,0.016666668,0.013333333333333334,0.02
371,google,True,BIM,alexnet,50/50,vgg,bing,50/50,0.023333333,0.006666666666666667,0.04
372,google,True,BIM,alexnet,50/50,alexnet,google,20/80,0.05762712,0.04827586206896552,0.06666666666666667
373,google,True,BIM,alexnet,50/50,alexnet,google,30/70,0.0779661,0.05442176870748299,0.10135135135135136
374,google,True,BIM,alexnet,50/50,alexnet,google,40/60,0.11148649,0.06802721088435375,0.15436241610738255
375,google,True,BIM,alexnet,50/50,alexnet,google,50/50,0.10810811,0.05333333333333334,0.1643835616438356
376,google,True,BIM,alexnet,50/50,resnet,google,20/80,0.030405406,0.0273972602739726,0.03333333333333333
377,google,True,BIM,alexnet,50/50,resnet,google,30/70,0.016778523,0.02027027027027027,0.013333333333333334
378,google,True,BIM,alexnet,50/50,resnet,google,40/60,0.026936026,0.013422818791946308,0.04054054054054054
379,google,True,BIM,alexnet,50/50,resnet,google,50/50,0.02364865,0.0,0.047619047619047616
380,google,True,BIM,alexnet,50/50,vgg,google,20/80,0.0067340066,0.013605442176870748,0.0
381,google,True,BIM,alexnet,50/50,vgg,google,30/70,0.013377926,0.013422818791946308,0.013333333333333334
382,google,True,BIM,alexnet,50/50,vgg,google,40/60,0.016778523,0.006711409395973154,0.026845637583892617
383,google,True,BIM,alexnet,50/50,vgg,google,50/50,0.033557046,0.0,0.06711409395973154
384,google,True,BIM,resnet,20/80,alexnet,bing,20/80,0.016666668,0.03333333333333333,0.0
385,google,True,BIM,resnet,20/80,alexnet,bing,30/70,0.006666667,0.013333333333333334,0.0
386,google,True,BIM,resnet,20/80,alexnet,bing,40/60,0.016666668,0.006666666666666667,0.02666666666666667
387,google,True,BIM,resnet,20/80,alexnet,bing,50/50,0.023333333,0.0,0.04666666666666667
388,google,True,BIM,resnet,20/80,resnet,bing,20/80,0.083333336,0.12666666666666668,0.04
389,google,True,BIM,resnet,20/80,resnet,bing,30/70,0.043333333,0.06,0.02666666666666667
390,google,True,BIM,resnet,20/80,resnet,bing,40/60,0.046666667,0.03333333333333333,0.06
391,google,True,BIM,resnet,20/80,resnet,bing,50/50,0.07333334,0.04,0.10666666666666667
392,google,True,BIM,resnet,20/80,vgg,bing,20/80,0.03666667,0.07333333333333333,0.0
393,google,True,BIM,resnet,20/80,vgg,bing,30/70,0.023333333,0.02666666666666667,0.02
394,google,True,BIM,resnet,20/80,vgg,bing,40/60,0.030000001,0.02,0.04
395,google,True,BIM,resnet,20/80,vgg,bing,50/50,0.026666667,0.013333333333333334,0.04
396,google,True,BIM,resnet,20/80,alexnet,google,20/80,0.0033898305,0.006896551724137931,0.0
397,google,True,BIM,resnet,20/80,alexnet,google,30/70,0.016949153,0.006802721088435374,0.02702702702702703
398,google,True,BIM,resnet,20/80,alexnet,google,40/60,0.013513514,0.0,0.026845637583892617
399,google,True,BIM,resnet,20/80,alexnet,google,50/50,0.016891893,0.006666666666666667,0.0273972602739726
400,google,True,BIM,resnet,20/80,resnet,google,20/80,0.07094595,0.08904109589041095,0.05333333333333334
401,google,True,BIM,resnet,20/80,resnet,google,30/70,0.033557046,0.04054054054054054,0.02666666666666667
402,google,True,BIM,resnet,20/80,resnet,google,40/60,0.037037037,0.020134228187919462,0.05405405405405406
403,google,True,BIM,resnet,20/80,resnet,google,50/50,0.054054055,0.020134228187919462,0.08843537414965986
404,google,True,BIM,resnet,20/80,vgg,google,20/80,0.02020202,0.034013605442176874,0.006666666666666667
405,google,True,BIM,resnet,20/80,vgg,google,30/70,0.016722407,0.020134228187919462,0.013333333333333334
406,google,True,BIM,resnet,20/80,vgg,google,40/60,0.04026846,0.013422818791946308,0.06711409395973154
407,google,True,BIM,resnet,20/80,vgg,google,50/50,0.03691275,0.006711409395973154,0.06711409395973154
408,google,True,BIM,resnet,30/70,alexnet,bing,20/80,0.016666668,0.03333333333333333,0.0
409,google,True,BIM,resnet,30/70,alexnet,bing,30/70,0.01,0.02,0.0
410,google,True,BIM,resnet,30/70,alexnet,bing,40/60,0.01,0.006666666666666667,0.013333333333333334
411,google,True,BIM,resnet,30/70,alexnet,bing,50/50,0.026666667,0.0,0.05333333333333334
412,google,True,BIM,resnet,30/70,resnet,bing,20/80,0.06333333,0.1,0.02666666666666667
413,google,True,BIM,resnet,30/70,resnet,bing,30/70,0.07666667,0.08666666666666667,0.06666666666666667
414,google,True,BIM,resnet,30/70,resnet,bing,40/60,0.07,0.04,0.1
415,google,True,BIM,resnet,30/70,resnet,bing,50/50,0.083333336,0.03333333333333333,0.13333333333333333
416,google,True,BIM,resnet,30/70,vgg,bing,20/80,0.05,0.08666666666666667,0.013333333333333334
417,google,True,BIM,resnet,30/70,vgg,bing,30/70,0.05,0.04666666666666667,0.05333333333333334
418,google,True,BIM,resnet,30/70,vgg,bing,40/60,0.046666667,0.04666666666666667,0.04666666666666667
419,google,True,BIM,resnet,30/70,vgg,bing,50/50,0.03666667,0.02,0.05333333333333334
420,google,True,BIM,resnet,30/70,alexnet,google,20/80,0.0033898305,0.006896551724137931,0.0
421,google,True,BIM,resnet,30/70,alexnet,google,30/70,0.013559322,0.006802721088435374,0.02027027027027027
422,google,True,BIM,resnet,30/70,alexnet,google,40/60,0.013513514,0.006802721088435374,0.020134228187919462
423,google,True,BIM,resnet,30/70,alexnet,google,50/50,0.016891893,0.006666666666666667,0.0273972602739726
424,google,True,BIM,resnet,30/70,resnet,google,20/80,0.06418919,0.07534246575342465,0.05333333333333334
425,google,True,BIM,resnet,30/70,resnet,google,30/70,0.0738255,0.07432432432432433,0.07333333333333333
426,google,True,BIM,resnet,30/70,resnet,google,40/60,0.08417508,0.03355704697986577,0.13513513513513514
427,google,True,BIM,resnet,30/70,resnet,google,50/50,0.07094595,0.026845637583892617,0.11564625850340136
428,google,True,BIM,resnet,30/70,vgg,google,20/80,0.026936026,0.04081632653061224,0.013333333333333334
429,google,True,BIM,resnet,30/70,vgg,google,30/70,0.036789298,0.03355704697986577,0.04
430,google,True,BIM,resnet,30/70,vgg,google,40/60,0.05033557,0.020134228187919462,0.08053691275167785
431,google,True,BIM,resnet,30/70,vgg,google,50/50,0.046979867,0.006711409395973154,0.087248322147651
432,google,True,BIM,resnet,40/60,alexnet,bing,20/80,0.02,0.04,0.0
