,source_dataset,isMath,attack,source_model,source_balancing,target_model,target_dataset,target_balancing,asr,asr_0,asr_1
0,bing,True,DeepFool,alexnet,20/80,alexnet,bing,20/80,0.44557822,0.6527777777777778,0.24666666666666667
1,bing,True,DeepFool,alexnet,20/80,alexnet,bing,30/70,0.4862069,0.7714285714285715,0.22
2,bing,True,DeepFool,alexnet,20/80,alexnet,bing,40/60,0.28911564,0.27586206896551724,0.30201342281879195
3,bing,True,DeepFool,alexnet,20/80,alexnet,bing,50/50,0.19112627,0.020833333333333332,0.35570469798657717
4,bing,True,DeepFool,alexnet,20/80,resnet,bing,20/80,0.45051193,0.916083916083916,0.006666666666666667
5,bing,True,DeepFool,alexnet,20/80,resnet,bing,30/70,0.11262798,0.16083916083916083,0.06666666666666667
6,bing,True,DeepFool,alexnet,20/80,resnet,bing,40/60,0.14915255,0.034482758620689655,0.26
7,bing,True,DeepFool,alexnet,20/80,resnet,bing,50/50,0.15254237,0.020689655172413793,0.28
8,bing,True,DeepFool,alexnet,20/80,vgg,bing,20/80,0.43197277,0.8819444444444444,0.0
9,bing,True,DeepFool,alexnet,20/80,vgg,bing,30/70,0.094915256,0.13793103448275862,0.05333333333333334
10,bing,True,DeepFool,alexnet,20/80,vgg,bing,40/60,0.098305084,0.13793103448275862,0.06
11,bing,True,DeepFool,alexnet,20/80,vgg,bing,50/50,0.081081085,0.06164383561643835,0.1
12,bing,True,DeepFool,alexnet,20/80,alexnet,google,20/80,0.26333335,0.3,0.22666666666666666
13,bing,True,DeepFool,alexnet,20/80,alexnet,google,30/70,0.19666667,0.06,0.3333333333333333
14,bing,True,DeepFool,alexnet,20/80,alexnet,google,40/60,0.20666668,0.07333333333333333,0.34
15,bing,True,DeepFool,alexnet,20/80,alexnet,google,50/50,0.19666667,0.06666666666666667,0.32666666666666666
16,bing,True,DeepFool,alexnet,20/80,resnet,google,20/80,0.26666668,0.5,0.03333333333333333
17,bing,True,DeepFool,alexnet,20/80,resnet,google,30/70,0.123333335,0.16666666666666666,0.08
18,bing,True,DeepFool,alexnet,20/80,resnet,google,40/60,0.15666667,0.06,0.25333333333333335
19,bing,True,DeepFool,alexnet,20/80,resnet,google,50/50,0.10666667,0.02666666666666667,0.18666666666666668
20,bing,True,DeepFool,alexnet,20/80,vgg,google,20/80,0.24000001,0.46,0.02
21,bing,True,DeepFool,alexnet,20/80,vgg,google,30/70,0.11,0.18,0.04
22,bing,True,DeepFool,alexnet,20/80,vgg,google,40/60,0.1,0.12,0.08
23,bing,True,DeepFool,alexnet,20/80,vgg,google,50/50,0.1,0.12666666666666668,0.07333333333333333
24,bing,True,DeepFool,alexnet,30/70,alexnet,bing,20/80,0.2244898,0.3888888888888889,0.06666666666666667
25,bing,True,DeepFool,alexnet,30/70,alexnet,bing,30/70,0.45172414,0.8,0.12666666666666668
26,bing,True,DeepFool,alexnet,30/70,alexnet,bing,40/60,0.2244898,0.2896551724137931,0.1610738255033557
27,bing,True,DeepFool,alexnet,30/70,alexnet,bing,50/50,0.11262798,0.0,0.2214765100671141
28,bing,True,DeepFool,alexnet,30/70,resnet,bing,20/80,0.45051193,0.9230769230769231,0.0
29,bing,True,DeepFool,alexnet,30/70,resnet,bing,30/70,0.058020476,0.09090909090909091,0.02666666666666667
30,bing,True,DeepFool,alexnet,30/70,resnet,bing,40/60,0.06779661,0.020689655172413793,0.11333333333333333
31,bing,True,DeepFool,alexnet,30/70,resnet,bing,50/50,0.05762712,0.006896551724137931,0.10666666666666667
32,bing,True,DeepFool,alexnet,30/70,vgg,bing,20/80,0.42517006,0.8680555555555556,0.0
33,bing,True,DeepFool,alexnet,30/70,vgg,bing,30/70,0.023728814,0.020689655172413793,0.02666666666666667
34,bing,True,DeepFool,alexnet,30/70,vgg,bing,40/60,0.027118644,0.027586206896551724,0.02666666666666667
35,bing,True,DeepFool,alexnet,30/70,vgg,bing,50/50,0.040540542,0.0136986301369863,0.06666666666666667
36,bing,True,DeepFool,alexnet,30/70,alexnet,google,20/80,0.14666668,0.21333333333333335,0.08
37,bing,True,DeepFool,alexnet,30/70,alexnet,google,30/70,0.11,0.03333333333333333,0.18666666666666668
38,bing,True,DeepFool,alexnet,30/70,alexnet,google,40/60,0.11666667,0.04,0.19333333333333333
39,bing,True,DeepFool,alexnet,30/70,alexnet,google,50/50,0.1,0.02666666666666667,0.17333333333333334
40,bing,True,DeepFool,alexnet,30/70,resnet,google,20/80,0.28333333,0.56,0.006666666666666667
41,bing,True,DeepFool,alexnet,30/70,resnet,google,30/70,0.043333333,0.06,0.02666666666666667
42,bing,True,DeepFool,alexnet,30/70,resnet,google,40/60,0.07333334,0.02666666666666667,0.12
43,bing,True,DeepFool,alexnet,30/70,resnet,google,50/50,0.060000002,0.02666666666666667,0.09333333333333334
44,bing,True,DeepFool,alexnet,30/70,vgg,google,20/80,0.14666668,0.29333333333333333,0.0
45,bing,True,DeepFool,alexnet,30/70,vgg,google,30/70,0.043333333,0.05333333333333334,0.03333333333333333
46,bing,True,DeepFool,alexnet,30/70,vgg,google,40/60,0.043333333,0.04666666666666667,0.04
47,bing,True,DeepFool,alexnet,30/70,vgg,google,50/50,0.04,0.04,0.04
48,bing,True,DeepFool,alexnet,40/60,alexnet,bing,20/80,0.27210885,0.5486111111111112,0.006666666666666667
49,bing,True,DeepFool,alexnet,40/60,alexnet,bing,30/70,0.46551725,0.9642857142857143,0.0
50,bing,True,DeepFool,alexnet,40/60,alexnet,bing,40/60,0.2585034,0.496551724137931,0.026845637583892617
51,bing,True,DeepFool,alexnet,40/60,alexnet,bing,50/50,0.010238907,0.0,0.020134228187919462
52,bing,True,DeepFool,alexnet,40/60,resnet,bing,20/80,0.4880546,1.0,0.0
53,bing,True,DeepFool,alexnet,40/60,resnet,bing,30/70,0.0034129692,0.006993006993006993,0.0
54,bing,True,DeepFool,alexnet,40/60,resnet,bing,40/60,0.006779661,0.0,0.013333333333333334
55,bing,True,DeepFool,alexnet,40/60,resnet,bing,50/50,0.0033898305,0.0,0.006666666666666667
56,bing,True,DeepFool,alexnet,40/60,vgg,bing,20/80,0.2993197,0.6111111111111112,0.0
57,bing,True,DeepFool,alexnet,40/60,vgg,bing,30/70,0.0,0.0,0.0
58,bing,True,DeepFool,alexnet,40/60,vgg,bing,40/60,0.0033898305,0.006896551724137931,0.0
59,bing,True,DeepFool,alexnet,40/60,vgg,bing,50/50,0.0033783785,0.0,0.006666666666666667
60,bing,True,DeepFool,alexnet,40/60,alexnet,google,20/80,0.22666667,0.4533333333333333,0.0
61,bing,True,DeepFool,alexnet,40/60,alexnet,google,30/70,0.016666668,0.02,0.013333333333333334
62,bing,True,DeepFool,alexnet,40/60,alexnet,google,40/60,0.023333333,0.02,0.02666666666666667
63,bing,True,DeepFool,alexnet,40/60,alexnet,google,50/50,0.02,0.02,0.02
64,bing,True,DeepFool,alexnet,40/60,resnet,google,20/80,0.43333334,0.8666666666666667,0.0
65,bing,True,DeepFool,alexnet,40/60,resnet,google,30/70,0.013333334,0.02666666666666667,0.0
66,bing,True,DeepFool,alexnet,40/60,resnet,google,40/60,0.013333334,0.02,0.006666666666666667
67,bing,True,DeepFool,alexnet,40/60,resnet,google,50/50,0.01,0.013333333333333334,0.006666666666666667
68,bing,True,DeepFool,alexnet,40/60,vgg,google,20/80,0.033333335,0.06666666666666667,0.0
69,bing,True,DeepFool,alexnet,40/60,vgg,google,30/70,0.013333334,0.02666666666666667,0.0
70,bing,True,DeepFool,alexnet,40/60,vgg,google,40/60,0.01,0.02,0.0
71,bing,True,DeepFool,alexnet,40/60,vgg,google,50/50,0.01,0.02,0.0
72,bing,True,DeepFool,alexnet,50/50,alexnet,bing,20/80,0.25170067,0.5138888888888888,0.0
73,bing,True,DeepFool,alexnet,50/50,alexnet,bing,30/70,0.2,0.4142857142857143,0.0
74,bing,True,DeepFool,alexnet,50/50,alexnet,bing,40/60,0.091836736,0.18620689655172415,0.0
75,bing,True,DeepFool,alexnet,50/50,alexnet,bing,50/50,0.061433446,0.125,0.0
76,bing,True,DeepFool,alexnet,50/50,resnet,bing,20/80,0.22866893,0.46853146853146854,0.0
77,bing,True,DeepFool,alexnet,50/50,resnet,bing,30/70,0.12627986,0.25874125874125875,0.0
78,bing,True,DeepFool,alexnet,50/50,resnet,bing,40/60,0.044067796,0.0896551724137931,0.0
79,bing,True,DeepFool,alexnet,50/50,resnet,bing,50/50,0.023728814,0.04827586206896552,0.0
80,bing,True,DeepFool,alexnet,50/50,vgg,bing,20/80,0.3605442,0.7361111111111112,0.0
81,bing,True,DeepFool,alexnet,50/50,vgg,bing,30/70,0.17288135,0.35172413793103446,0.0
82,bing,True,DeepFool,alexnet,50/50,vgg,bing,40/60,0.14915255,0.30344827586206896,0.0
83,bing,True,DeepFool,alexnet,50/50,vgg,bing,50/50,0.10135135,0.2054794520547945,0.0
84,bing,True,DeepFool,alexnet,50/50,alexnet,google,20/80,0.19666667,0.3933333333333333,0.0
85,bing,True,DeepFool,alexnet,50/50,alexnet,google,30/70,0.12666667,0.25333333333333335,0.0
86,bing,True,DeepFool,alexnet,50/50,alexnet,google,40/60,0.093333334,0.18666666666666668,0.0
87,bing,True,DeepFool,alexnet,50/50,alexnet,google,50/50,0.11,0.22,0.0
88,bing,True,DeepFool,alexnet,50/50,resnet,google,20/80,0.17333333,0.3466666666666667,0.0
89,bing,True,DeepFool,alexnet,50/50,resnet,google,30/70,0.14,0.28,0.0
90,bing,True,DeepFool,alexnet,50/50,resnet,google,40/60,0.060000002,0.12,0.0
91,bing,True,DeepFool,alexnet,50/50,resnet,google,50/50,0.03666667,0.06666666666666667,0.006666666666666667
92,bing,True,DeepFool,alexnet,50/50,vgg,google,20/80,0.31,0.62,0.0
93,bing,True,DeepFool,alexnet,50/50,vgg,google,30/70,0.18666667,0.37333333333333335,0.0
94,bing,True,DeepFool,alexnet,50/50,vgg,google,40/60,0.13000001,0.26,0.0
95,bing,True,DeepFool,alexnet,50/50,vgg,google,50/50,0.16,0.32,0.0
96,bing,True,DeepFool,resnet,20/80,alexnet,bing,20/80,0.19047618,0.05555555555555555,0.32
97,bing,True,DeepFool,resnet,20/80,alexnet,bing,30/70,0.21034482,0.014285714285714285,0.3933333333333333
98,bing,True,DeepFool,resnet,20/80,alexnet,bing,40/60,0.28911564,0.0,0.5704697986577181
99,bing,True,DeepFool,resnet,20/80,alexnet,bing,50/50,0.30716723,0.0,0.6040268456375839
100,bing,True,DeepFool,resnet,20/80,resnet,bing,20/80,0.4334471,0.4825174825174825,0.38666666666666666
101,bing,True,DeepFool,resnet,20/80,resnet,bing,30/70,0.34812286,0.1958041958041958,0.49333333333333335
102,bing,True,DeepFool,resnet,20/80,resnet,bing,40/60,0.41016948,0.034482758620689655,0.7733333333333333
103,bing,True,DeepFool,resnet,20/80,resnet,bing,50/50,0.420339,0.020689655172413793,0.8066666666666666
104,bing,True,DeepFool,resnet,20/80,vgg,bing,20/80,0.29591838,0.5902777777777778,0.013333333333333334
105,bing,True,DeepFool,resnet,20/80,vgg,bing,30/70,0.24406779,0.14482758620689656,0.34
106,bing,True,DeepFool,resnet,20/80,vgg,bing,40/60,0.21694915,0.16551724137931034,0.26666666666666666
107,bing,True,DeepFool,resnet,20/80,vgg,bing,50/50,0.26013514,0.0684931506849315,0.44666666666666666
108,bing,True,DeepFool,resnet,20/80,alexnet,google,20/80,0.22666667,0.04666666666666667,0.4066666666666667
109,bing,True,DeepFool,resnet,20/80,alexnet,google,30/70,0.30333334,0.04,0.5666666666666667
110,bing,True,DeepFool,resnet,20/80,alexnet,google,40/60,0.31,0.04666666666666667,0.5733333333333334
111,bing,True,DeepFool,resnet,20/80,alexnet,google,50/50,0.28666666,0.03333333333333333,0.54
112,bing,True,DeepFool,resnet,20/80,resnet,google,20/80,0.41333336,0.2,0.6266666666666667
113,bing,True,DeepFool,resnet,20/80,resnet,google,30/70,0.33333334,0.12,0.5466666666666666
114,bing,True,DeepFool,resnet,20/80,resnet,google,40/60,0.43333334,0.06,0.8066666666666666
115,bing,True,DeepFool,resnet,20/80,resnet,google,50/50,0.40666667,0.02666666666666667,0.7866666666666666
116,bing,True,DeepFool,resnet,20/80,vgg,google,20/80,0.23,0.3333333333333333,0.12666666666666668
117,bing,True,DeepFool,resnet,20/80,vgg,google,30/70,0.26000002,0.12,0.4
118,bing,True,DeepFool,resnet,20/80,vgg,google,40/60,0.27,0.1,0.44
119,bing,True,DeepFool,resnet,20/80,vgg,google,50/50,0.26000002,0.08666666666666667,0.43333333333333335
120,bing,True,DeepFool,resnet,30/70,alexnet,bing,20/80,0.16666666,0.05555555555555555,0.2733333333333333
121,bing,True,DeepFool,resnet,30/70,alexnet,bing,30/70,0.18620689,0.02857142857142857,0.3333333333333333
122,bing,True,DeepFool,resnet,30/70,alexnet,bing,40/60,0.28571427,0.0,0.5637583892617449
123,bing,True,DeepFool,resnet,30/70,alexnet,bing,50/50,0.31399316,0.0,0.6174496644295302
124,bing,True,DeepFool,resnet,30/70,resnet,bing,20/80,0.41638225,0.6643356643356644,0.18
125,bing,True,DeepFool,resnet,30/70,resnet,bing,30/70,0.50511944,0.5244755244755245,0.4866666666666667
126,bing,True,DeepFool,resnet,30/70,resnet,bing,40/60,0.40677965,0.04827586206896552,0.7533333333333333
127,bing,True,DeepFool,resnet,30/70,resnet,bing,50/50,0.43728814,0.027586206896551724,0.8333333333333334
128,bing,True,DeepFool,resnet,30/70,vgg,bing,20/80,0.3605442,0.7361111111111112,0.0
129,bing,True,DeepFool,resnet,30/70,vgg,bing,30/70,0.20677966,0.16551724137931034,0.24666666666666667
130,bing,True,DeepFool,resnet,30/70,vgg,bing,40/60,0.21355931,0.2206896551724138,0.20666666666666667
131,bing,True,DeepFool,resnet,30/70,vgg,bing,50/50,0.22635135,0.0821917808219178,0.36666666666666664
132,bing,True,DeepFool,resnet,30/70,alexnet,google,20/80,0.22666667,0.05333333333333334,0.4
133,bing,True,DeepFool,resnet,30/70,alexnet,google,30/70,0.29666668,0.04666666666666667,0.5466666666666666
134,bing,True,DeepFool,resnet,30/70,alexnet,google,40/60,0.28,0.04666666666666667,0.5133333333333333
135,bing,True,DeepFool,resnet,30/70,alexnet,google,50/50,0.28666666,0.03333333333333333,0.54
136,bing,True,DeepFool,resnet,30/70,resnet,google,20/80,0.36,0.24,0.48
137,bing,True,DeepFool,resnet,30/70,resnet,google,30/70,0.46,0.34,0.58
138,bing,True,DeepFool,resnet,30/70,resnet,google,40/60,0.43666667,0.06666666666666667,0.8066666666666666
139,bing,True,DeepFool,resnet,30/70,resnet,google,50/50,0.42666668,0.06,0.7933333333333333
140,bing,True,DeepFool,resnet,30/70,vgg,google,20/80,0.23,0.3466666666666667,0.11333333333333333
141,bing,True,DeepFool,resnet,30/70,vgg,google,30/70,0.22666667,0.11333333333333333,0.34
142,bing,True,DeepFool,resnet,30/70,vgg,google,40/60,0.22666667,0.09333333333333334,0.36
143,bing,True,DeepFool,resnet,30/70,vgg,google,50/50,0.23666668,0.11333333333333333,0.36
144,bing,True,DeepFool,resnet,40/60,alexnet,bing,20/80,0.07142857,0.041666666666666664,0.1
145,bing,True,DeepFool,resnet,40/60,alexnet,bing,30/70,0.05862069,0.02142857142857143,0.09333333333333334
146,bing,True,DeepFool,resnet,40/60,alexnet,bing,40/60,0.15646258,0.0,0.3087248322147651
147,bing,True,DeepFool,resnet,40/60,alexnet,bing,50/50,0.17406143,0.0,0.3422818791946309
148,bing,True,DeepFool,resnet,40/60,resnet,bing,20/80,0.5153583,0.951048951048951,0.1
149,bing,True,DeepFool,resnet,40/60,resnet,bing,30/70,0.47098973,0.6923076923076923,0.26
150,bing,True,DeepFool,resnet,40/60,resnet,bing,40/60,0.38305083,0.19310344827586207,0.5666666666666667
151,bing,True,DeepFool,resnet,40/60,resnet,bing,50/50,0.30508474,0.020689655172413793,0.58
152,bing,True,DeepFool,resnet,40/60,vgg,bing,20/80,0.38095236,0.7777777777777778,0.0
153,bing,True,DeepFool,resnet,40/60,vgg,bing,30/70,0.118644066,0.14482758620689656,0.09333333333333334
154,bing,True,DeepFool,resnet,40/60,vgg,bing,40/60,0.13898306,0.2,0.08
155,bing,True,DeepFool,resnet,40/60,vgg,bing,50/50,0.12837838,0.0821917808219178,0.17333333333333334
156,bing,True,DeepFool,resnet,40/60,alexnet,google,20/80,0.10333334,0.05333333333333334,0.15333333333333332
157,bing,True,DeepFool,resnet,40/60,alexnet,google,30/70,0.15666667,0.03333333333333333,0.28
158,bing,True,DeepFool,resnet,40/60,alexnet,google,40/60,0.15333334,0.04,0.26666666666666666
159,bing,True,DeepFool,resnet,40/60,alexnet,google,50/50,0.13333334,0.03333333333333333,0.23333333333333334
160,bing,True,DeepFool,resnet,40/60,resnet,google,20/80,0.37,0.4533333333333333,0.2866666666666667
161,bing,True,DeepFool,resnet,40/60,resnet,google,30/70,0.34,0.38666666666666666,0.29333333333333333
162,bing,True,DeepFool,resnet,40/60,resnet,google,40/60,0.33666667,0.1,0.5733333333333334
163,bing,True,DeepFool,resnet,40/60,resnet,google,50/50,0.27666667,0.04666666666666667,0.5066666666666667
164,bing,True,DeepFool,resnet,40/60,vgg,google,20/80,0.21333334,0.38666666666666666,0.04
165,bing,True,DeepFool,resnet,40/60,vgg,google,30/70,0.120000005,0.11333333333333333,0.12666666666666668
166,bing,True,DeepFool,resnet,40/60,vgg,google,40/60,0.11,0.09333333333333334,0.12666666666666668
167,bing,True,DeepFool,resnet,40/60,vgg,google,50/50,0.120000005,0.09333333333333334,0.14666666666666667
168,bing,True,DeepFool,resnet,50/50,alexnet,bing,20/80,0.044217687,0.0625,0.02666666666666667
169,bing,True,DeepFool,resnet,50/50,alexnet,bing,30/70,0.2,0.36428571428571427,0.04666666666666667
170,bing,True,DeepFool,resnet,50/50,alexnet,bing,40/60,0.07482993,0.0,0.1476510067114094
171,bing,True,DeepFool,resnet,50/50,alexnet,bing,50/50,0.07849829,0.0,0.15436241610738255
172,bing,True,DeepFool,resnet,50/50,resnet,bing,20/80,0.4846416,0.958041958041958,0.03333333333333333
173,bing,True,DeepFool,resnet,50/50,resnet,bing,30/70,0.20477815,0.2517482517482518,0.16
174,bing,True,DeepFool,resnet,50/50,resnet,bing,40/60,0.16949153,0.041379310344827586,0.29333333333333333
175,bing,True,DeepFool,resnet,50/50,resnet,bing,50/50,0.2677966,0.041379310344827586,0.4866666666666667
176,bing,True,DeepFool,resnet,50/50,vgg,bing,20/80,0.35714284,0.7291666666666666,0.0
177,bing,True,DeepFool,resnet,50/50,vgg,bing,30/70,0.050847456,0.06896551724137931,0.03333333333333333
178,bing,True,DeepFool,resnet,50/50,vgg,bing,40/60,0.06779661,0.09655172413793103,0.04
179,bing,True,DeepFool,resnet,50/50,vgg,bing,50/50,0.06756757,0.04794520547945205,0.08666666666666667
180,bing,True,DeepFool,resnet,50/50,alexnet,google,20/80,0.060000002,0.06,0.06
181,bing,True,DeepFool,resnet,50/50,alexnet,google,30/70,0.07666667,0.03333333333333333,0.12
182,bing,True,DeepFool,resnet,50/50,alexnet,google,40/60,0.083333336,0.03333333333333333,0.13333333333333333
183,bing,True,DeepFool,resnet,50/50,alexnet,google,50/50,0.07333334,0.02666666666666667,0.12
184,bing,True,DeepFool,resnet,50/50,resnet,google,20/80,0.34666666,0.56,0.13333333333333333
185,bing,True,DeepFool,resnet,50/50,resnet,google,30/70,0.18,0.19333333333333333,0.16666666666666666
186,bing,True,DeepFool,resnet,50/50,resnet,google,40/60,0.19333334,0.04666666666666667,0.34
187,bing,True,DeepFool,resnet,50/50,resnet,google,50/50,0.22666667,0.04666666666666667,0.4066666666666667
188,bing,True,DeepFool,resnet,50/50,vgg,google,20/80,0.13666667,0.25333333333333335,0.02
189,bing,True,DeepFool,resnet,50/50,vgg,google,30/70,0.060000002,0.07333333333333333,0.04666666666666667
190,bing,True,DeepFool,resnet,50/50,vgg,google,40/60,0.06333333,0.06666666666666667,0.06
191,bing,True,DeepFool,resnet,50/50,vgg,google,50/50,0.08,0.06666666666666667,0.09333333333333334
192,bing,True,DeepFool,vgg,20/80,alexnet,bing,20/80,0.05782313,0.0625,0.05333333333333334
193,bing,True,DeepFool,vgg,20/80,alexnet,bing,30/70,0.051724136,0.02857142857142857,0.07333333333333333
194,bing,True,DeepFool,vgg,20/80,alexnet,bing,40/60,0.12585033,0.0,0.2483221476510067
195,bing,True,DeepFool,vgg,20/80,alexnet,bing,50/50,0.13993174,0.0,0.2751677852348993
196,bing,True,DeepFool,vgg,20/80,resnet,bing,20/80,0.12969282,0.25874125874125875,0.006666666666666667
197,bing,True,DeepFool,vgg,20/80,resnet,bing,30/70,0.102389075,0.11888111888111888,0.08666666666666667
198,bing,True,DeepFool,vgg,20/80,resnet,bing,40/60,0.16271186,0.020689655172413793,0.3
199,bing,True,DeepFool,vgg,20/80,resnet,bing,50/50,0.2,0.006896551724137931,0.38666666666666666
200,bing,True,DeepFool,vgg,20/80,vgg,bing,20/80,0.46598637,0.8958333333333334,0.05333333333333334
201,bing,True,DeepFool,vgg,20/80,vgg,bing,30/70,0.28135592,0.3724137931034483,0.19333333333333333
202,bing,True,DeepFool,vgg,20/80,vgg,bing,40/60,0.27457628,0.30344827586206896,0.24666666666666667
203,bing,True,DeepFool,vgg,20/80,vgg,bing,50/50,0.2837838,0.2054794520547945,0.36
204,bing,True,DeepFool,vgg,20/80,alexnet,google,20/80,0.086666666,0.08,0.09333333333333334
205,bing,True,DeepFool,vgg,20/80,alexnet,google,30/70,0.14666668,0.06,0.23333333333333334
206,bing,True,DeepFool,vgg,20/80,alexnet,google,40/60,0.14,0.05333333333333334,0.22666666666666666
207,bing,True,DeepFool,vgg,20/80,alexnet,google,50/50,0.120000005,0.04,0.2
208,bing,True,DeepFool,vgg,20/80,resnet,google,20/80,0.09666667,0.13333333333333333,0.06
209,bing,True,DeepFool,vgg,20/80,resnet,google,30/70,0.093333334,0.08,0.10666666666666667
210,bing,True,DeepFool,vgg,20/80,resnet,google,40/60,0.20666668,0.06,0.35333333333333333
211,bing,True,DeepFool,vgg,20/80,resnet,google,50/50,0.17666668,0.02666666666666667,0.32666666666666666
212,bing,True,DeepFool,vgg,20/80,vgg,google,20/80,0.32,0.5266666666666666,0.11333333333333333
213,bing,True,DeepFool,vgg,20/80,vgg,google,30/70,0.28666666,0.3466666666666667,0.22666666666666666
214,bing,True,DeepFool,vgg,20/80,vgg,google,40/60,0.30333334,0.26666666666666666,0.34
215,bing,True,DeepFool,vgg,20/80,vgg,google,50/50,0.28666666,0.26666666666666666,0.30666666666666664
216,bing,True,DeepFool,vgg,30/70,alexnet,bing,20/80,0.034013607,0.06944444444444445,0.0
217,bing,True,DeepFool,vgg,30/70,alexnet,bing,30/70,0.013793103,0.02142857142857143,0.006666666666666667
218,bing,True,DeepFool,vgg,30/70,alexnet,bing,40/60,0.0,0.0,0.0
219,bing,True,DeepFool,vgg,30/70,alexnet,bing,50/50,0.0,0.0,0.0
220,bing,True,DeepFool,vgg,30/70,resnet,bing,20/80,0.105802044,0.21678321678321677,0.0
221,bing,True,DeepFool,vgg,30/70,resnet,bing,30/70,0.047781568,0.0979020979020979,0.0
222,bing,True,DeepFool,vgg,30/70,resnet,bing,40/60,0.016949153,0.020689655172413793,0.013333333333333334
223,bing,True,DeepFool,vgg,30/70,resnet,bing,50/50,0.013559322,0.006896551724137931,0.02
224,bing,True,DeepFool,vgg,30/70,vgg,bing,20/80,0.4489796,0.9166666666666666,0.0
225,bing,True,DeepFool,vgg,30/70,vgg,bing,30/70,0.37288135,0.7310344827586207,0.02666666666666667
226,bing,True,DeepFool,vgg,30/70,vgg,bing,40/60,0.2983051,0.5655172413793104,0.04
227,bing,True,DeepFool,vgg,30/70,vgg,bing,50/50,0.23310812,0.4041095890410959,0.06666666666666667
228,bing,True,DeepFool,vgg,30/70,alexnet,google,20/80,0.04,0.08,0.0
229,bing,True,DeepFool,vgg,30/70,alexnet,google,30/70,0.026666667,0.05333333333333334,0.0
230,bing,True,DeepFool,vgg,30/70,alexnet,google,40/60,0.026666667,0.05333333333333334,0.0
231,bing,True,DeepFool,vgg,30/70,alexnet,google,50/50,0.023333333,0.04,0.006666666666666667
232,bing,True,DeepFool,vgg,30/70,resnet,google,20/80,0.08,0.16,0.0
233,bing,True,DeepFool,vgg,30/70,resnet,google,30/70,0.060000002,0.11333333333333333,0.006666666666666667
234,bing,True,DeepFool,vgg,30/70,resnet,google,40/60,0.030000001,0.04,0.02
235,bing,True,DeepFool,vgg,30/70,resnet,google,50/50,0.030000001,0.02666666666666667,0.03333333333333333
236,bing,True,DeepFool,vgg,30/70,vgg,google,20/80,0.39666668,0.7866666666666666,0.006666666666666667
237,bing,True,DeepFool,vgg,30/70,vgg,google,30/70,0.34666666,0.66,0.03333333333333333
238,bing,True,DeepFool,vgg,30/70,vgg,google,40/60,0.27333334,0.5,0.04666666666666667
239,bing,True,DeepFool,vgg,30/70,vgg,google,50/50,0.3,0.5466666666666666,0.05333333333333334
240,bing,True,DeepFool,vgg,40/60,alexnet,bing,20/80,0.027210884,0.05555555555555555,0.0
241,bing,True,DeepFool,vgg,40/60,alexnet,bing,30/70,0.013793103,0.02857142857142857,0.0
242,bing,True,DeepFool,vgg,40/60,alexnet,bing,40/60,0.017006803,0.0,0.03355704697986577
243,bing,True,DeepFool,vgg,40/60,alexnet,bing,50/50,0.017064845,0.0,0.03355704697986577
244,bing,True,DeepFool,vgg,40/60,resnet,bing,20/80,0.12969282,0.26573426573426573,0.0
245,bing,True,DeepFool,vgg,40/60,resnet,bing,30/70,0.06825938,0.1258741258741259,0.013333333333333334
246,bing,True,DeepFool,vgg,40/60,resnet,bing,40/60,0.040677965,0.020689655172413793,0.06
247,bing,True,DeepFool,vgg,40/60,resnet,bing,50/50,0.05762712,0.0,0.11333333333333333
248,bing,True,DeepFool,vgg,40/60,vgg,bing,20/80,0.4829932,0.9791666666666666,0.006666666666666667
249,bing,True,DeepFool,vgg,40/60,vgg,bing,30/70,0.2983051,0.5586206896551724,0.04666666666666667
250,bing,True,DeepFool,vgg,40/60,vgg,bing,40/60,0.33559322,0.5862068965517241,0.09333333333333334
251,bing,True,DeepFool,vgg,40/60,vgg,bing,50/50,0.2702703,0.410958904109589,0.13333333333333333
252,bing,True,DeepFool,vgg,40/60,alexnet,google,20/80,0.033333335,0.06666666666666667,0.0
253,bing,True,DeepFool,vgg,40/60,alexnet,google,30/70,0.046666667,0.05333333333333334,0.04
254,bing,True,DeepFool,vgg,40/60,alexnet,google,40/60,0.03666667,0.04666666666666667,0.02666666666666667
255,bing,True,DeepFool,vgg,40/60,alexnet,google,50/50,0.030000001,0.04,0.02
256,bing,True,DeepFool,vgg,40/60,resnet,google,20/80,0.083333336,0.14666666666666667,0.02
257,bing,True,DeepFool,vgg,40/60,resnet,google,30/70,0.07,0.11333333333333333,0.02666666666666667
258,bing,True,DeepFool,vgg,40/60,resnet,google,40/60,0.06333333,0.05333333333333334,0.07333333333333333
259,bing,True,DeepFool,vgg,40/60,resnet,google,50/50,0.05666667,0.02666666666666667,0.08666666666666667
260,bing,True,DeepFool,vgg,40/60,vgg,google,20/80,0.40666667,0.7933333333333333,0.02
261,bing,True,DeepFool,vgg,40/60,vgg,google,30/70,0.28666666,0.5133333333333333,0.06
262,bing,True,DeepFool,vgg,40/60,vgg,google,40/60,0.27666667,0.4266666666666667,0.12666666666666668
263,bing,True,DeepFool,vgg,40/60,vgg,google,50/50,0.28,0.4533333333333333,0.10666666666666667
264,bing,True,DeepFool,vgg,50/50,alexnet,bing,20/80,0.027210884,0.05555555555555555,0.0
265,bing,True,DeepFool,vgg,50/50,alexnet,bing,30/70,0.0068965517,0.014285714285714285,0.0
266,bing,True,DeepFool,vgg,50/50,alexnet,bing,40/60,0.0,0.0,0.0
267,bing,True,DeepFool,vgg,50/50,alexnet,bing,50/50,0.0,0.0,0.0
268,bing,True,DeepFool,vgg,50/50,resnet,bing,20/80,0.12969282,0.26573426573426573,0.0
269,bing,True,DeepFool,vgg,50/50,resnet,bing,30/70,0.06484641,0.13286713286713286,0.0
270,bing,True,DeepFool,vgg,50/50,resnet,bing,40/60,0.020338982,0.027586206896551724,0.013333333333333334
271,bing,True,DeepFool,vgg,50/50,resnet,bing,50/50,0.016949153,0.013793103448275862,0.02
272,bing,True,DeepFool,vgg,50/50,vgg,bing,20/80,0.4727891,0.9652777777777778,0.0
273,bing,True,DeepFool,vgg,50/50,vgg,bing,30/70,0.38644066,0.7793103448275862,0.006666666666666667
274,bing,True,DeepFool,vgg,50/50,vgg,bing,40/60,0.3457627,0.6827586206896552,0.02
275,bing,True,DeepFool,vgg,50/50,vgg,bing,50/50,0.33783785,0.6027397260273972,0.08
276,bing,True,DeepFool,vgg,50/50,alexnet,google,20/80,0.03666667,0.07333333333333333,0.0
277,bing,True,DeepFool,vgg,50/50,alexnet,google,30/70,0.026666667,0.05333333333333334,0.0
278,bing,True,DeepFool,vgg,50/50,alexnet,google,40/60,0.02,0.04,0.0
279,bing,True,DeepFool,vgg,50/50,alexnet,google,50/50,0.023333333,0.04,0.006666666666666667
280,bing,True,DeepFool,vgg,50/50,resnet,google,20/80,0.09,0.18,0.0
281,bing,True,DeepFool,vgg,50/50,resnet,google,30/70,0.05666667,0.11333333333333333,0.0
282,bing,True,DeepFool,vgg,50/50,resnet,google,40/60,0.04,0.05333333333333334,0.02666666666666667
283,bing,True,DeepFool,vgg,50/50,resnet,google,50/50,0.033333335,0.04,0.02666666666666667
284,bing,True,DeepFool,vgg,50/50,vgg,google,20/80,0.43333334,0.86,0.006666666666666667
285,bing,True,DeepFool,vgg,50/50,vgg,google,30/70,0.36666667,0.72,0.013333333333333334
286,bing,True,DeepFool,vgg,50/50,vgg,google,40/60,0.28333333,0.54,0.02666666666666667
287,bing,True,DeepFool,vgg,50/50,vgg,google,50/50,0.37333333,0.6733333333333333,0.07333333333333333
288,google,True,DeepFool,alexnet,20/80,alexnet,bing,20/80,0.10333334,0.20666666666666667,0.0
289,google,True,DeepFool,alexnet,20/80,alexnet,bing,30/70,0.45666668,0.9133333333333333,0.0
290,google,True,DeepFool,alexnet,20/80,alexnet,bing,40/60,0.15,0.3,0.0
291,google,True,DeepFool,alexnet,20/80,alexnet,bing,50/50,0.01,0.0,0.02
292,google,True,DeepFool,alexnet,20/80,resnet,bing,20/80,0.49333334,0.9866666666666667,0.0
293,google,True,DeepFool,alexnet,20/80,resnet,bing,30/70,0.0033333334,0.006666666666666667,0.0
294,google,True,DeepFool,alexnet,20/80,resnet,bing,40/60,0.0033333334,0.0,0.006666666666666667
295,google,True,DeepFool,alexnet,20/80,resnet,bing,50/50,0.016666668,0.0,0.03333333333333333
296,google,True,DeepFool,alexnet,20/80,vgg,bing,20/80,0.45333335,0.9066666666666666,0.0
297,google,True,DeepFool,alexnet,20/80,vgg,bing,30/70,0.0,0.0,0.0
298,google,True,DeepFool,alexnet,20/80,vgg,bing,40/60,0.0,0.0,0.0
299,google,True,DeepFool,alexnet,20/80,vgg,bing,50/50,0.006666667,0.0,0.013333333333333334
300,google,True,DeepFool,alexnet,20/80,alexnet,google,20/80,0.2983051,0.6,0.006666666666666667
301,google,True,DeepFool,alexnet,20/80,alexnet,google,30/70,0.010169491,0.0,0.02027027027027027
302,google,True,DeepFool,alexnet,20/80,alexnet,google,40/60,0.0033783785,0.0,0.006711409395973154
303,google,True,DeepFool,alexnet,20/80,alexnet,google,50/50,0.0033783785,0.0,0.00684931506849315
304,google,True,DeepFool,alexnet,20/80,resnet,google,20/80,0.33445945,0.6712328767123288,0.006666666666666667
305,google,True,DeepFool,alexnet,20/80,resnet,google,30/70,0.0033557047,0.006756756756756757,0.0
306,google,True,DeepFool,alexnet,20/80,resnet,google,40/60,0.0033670033,0.0,0.006756756756756757
307,google,True,DeepFool,alexnet,20/80,resnet,google,50/50,0.006756757,0.0,0.013605442176870748
308,google,True,DeepFool,alexnet,20/80,vgg,google,20/80,0.074074075,0.14965986394557823,0.0
309,google,True,DeepFool,alexnet,20/80,vgg,google,30/70,0.0,0.0,0.0
310,google,True,DeepFool,alexnet,20/80,vgg,google,40/60,0.0,0.0,0.0
311,google,True,DeepFool,alexnet,20/80,vgg,google,50/50,0.0,0.0,0.0
312,google,True,DeepFool,alexnet,30/70,alexnet,bing,20/80,0.15333334,0.30666666666666664,0.0
313,google,True,DeepFool,alexnet,30/70,alexnet,bing,30/70,0.120000005,0.24,0.0
314,google,True,DeepFool,alexnet,30/70,alexnet,bing,40/60,0.03666667,0.07333333333333333,0.0
315,google,True,DeepFool,alexnet,30/70,alexnet,bing,50/50,0.026666667,0.04,0.013333333333333334
316,google,True,DeepFool,alexnet,30/70,resnet,bing,20/80,0.13000001,0.26,0.0
317,google,True,DeepFool,alexnet,30/70,resnet,bing,30/70,0.030000001,0.06,0.0
318,google,True,DeepFool,alexnet,30/70,resnet,bing,40/60,0.006666667,0.013333333333333334,0.0
319,google,True,DeepFool,alexnet,30/70,resnet,bing,50/50,0.01,0.006666666666666667,0.013333333333333334
320,google,True,DeepFool,alexnet,30/70,vgg,bing,20/80,0.31666666,0.6333333333333333,0.0
321,google,True,DeepFool,alexnet,30/70,vgg,bing,30/70,0.093333334,0.18666666666666668,0.0
322,google,True,DeepFool,alexnet,30/70,vgg,bing,40/60,0.083333336,0.16666666666666666,0.0
323,google,True,DeepFool,alexnet,30/70,vgg,bing,50/50,0.060000002,0.10666666666666667,0.013333333333333334
324,google,True,DeepFool,alexnet,30/70,alexnet,google,20/80,0.054237287,0.1103448275862069,0.0
325,google,True,DeepFool,alexnet,30/70,alexnet,google,30/70,0.084745765,0.17006802721088435,0.0
326,google,True,DeepFool,alexnet,30/70,alexnet,google,40/60,0.04391892,0.08843537414965986,0.0
327,google,True,DeepFool,alexnet,30/70,alexnet,google,50/50,0.04391892,0.08666666666666667,0.0
328,google,True,DeepFool,alexnet,30/70,resnet,google,20/80,0.030405406,0.06164383561643835,0.0
329,google,True,DeepFool,alexnet,30/70,resnet,google,30/70,0.013422819,0.02702702702702703,0.0
330,google,True,DeepFool,alexnet,30/70,resnet,google,40/60,0.0,0.0,0.0
331,google,True,DeepFool,alexnet,30/70,resnet,google,50/50,0.0,0.0,0.0
332,google,True,DeepFool,alexnet,30/70,vgg,google,20/80,0.15151514,0.30612244897959184,0.0
333,google,True,DeepFool,alexnet,30/70,vgg,google,30/70,0.08361204,0.16778523489932887,0.0
334,google,True,DeepFool,alexnet,30/70,vgg,google,40/60,0.053691275,0.10738255033557047,0.0
335,google,True,DeepFool,alexnet,30/70,vgg,google,50/50,0.09060403,0.18120805369127516,0.0
336,google,True,DeepFool,alexnet,40/60,alexnet,bing,20/80,0.19,0.38,0.0
337,google,True,DeepFool,alexnet,40/60,alexnet,bing,30/70,0.123333335,0.24666666666666667,0.0
338,google,True,DeepFool,alexnet,40/60,alexnet,bing,40/60,0.04,0.08,0.0
339,google,True,DeepFool,alexnet,40/60,alexnet,bing,50/50,0.030000001,0.04666666666666667,0.013333333333333334
340,google,True,DeepFool,alexnet,40/60,resnet,bing,20/80,0.11333334,0.22666666666666666,0.0
341,google,True,DeepFool,alexnet,40/60,resnet,bing,30/70,0.030000001,0.06,0.0
342,google,True,DeepFool,alexnet,40/60,resnet,bing,40/60,0.006666667,0.013333333333333334,0.0
343,google,True,DeepFool,alexnet,40/60,resnet,bing,50/50,0.016666668,0.02,0.013333333333333334
344,google,True,DeepFool,alexnet,40/60,vgg,bing,20/80,0.27666667,0.5533333333333333,0.0
345,google,True,DeepFool,alexnet,40/60,vgg,bing,30/70,0.11333334,0.22666666666666666,0.0
346,google,True,DeepFool,alexnet,40/60,vgg,bing,40/60,0.08,0.16,0.0
347,google,True,DeepFool,alexnet,40/60,vgg,bing,50/50,0.06333333,0.11333333333333333,0.013333333333333334
348,google,True,DeepFool,alexnet,40/60,alexnet,google,20/80,0.06779661,0.13793103448275862,0.0
349,google,True,DeepFool,alexnet,40/60,alexnet,google,30/70,0.047457628,0.09523809523809523,0.0
350,google,True,DeepFool,alexnet,40/60,alexnet,google,40/60,0.057432435,0.11564625850340136,0.0
351,google,True,DeepFool,alexnet,40/60,alexnet,google,50/50,0.037162162,0.07333333333333333,0.0
352,google,True,DeepFool,alexnet,40/60,resnet,google,20/80,0.033783786,0.0684931506849315,0.0
353,google,True,DeepFool,alexnet,40/60,resnet,google,30/70,0.02013423,0.04054054054054054,0.0
354,google,True,DeepFool,alexnet,40/60,resnet,google,40/60,0.0033670033,0.006711409395973154,0.0
355,google,True,DeepFool,alexnet,40/60,resnet,google,50/50,0.0033783785,0.006711409395973154,0.0
356,google,True,DeepFool,alexnet,40/60,vgg,google,20/80,0.14141414,0.2857142857142857,0.0
357,google,True,DeepFool,alexnet,40/60,vgg,google,30/70,0.073578596,0.1476510067114094,0.0
358,google,True,DeepFool,alexnet,40/60,vgg,google,40/60,0.05704698,0.11409395973154363,0.0
359,google,True,DeepFool,alexnet,40/60,vgg,google,50/50,0.077181205,0.15436241610738255,0.0
360,google,True,DeepFool,alexnet,50/50,alexnet,bing,20/80,0.17,0.34,0.0
361,google,True,DeepFool,alexnet,50/50,alexnet,bing,30/70,0.11333334,0.22666666666666666,0.0
362,google,True,DeepFool,alexnet,50/50,alexnet,bing,40/60,0.04,0.08,0.0
363,google,True,DeepFool,alexnet,50/50,alexnet,bing,50/50,0.033333335,0.05333333333333334,0.013333333333333334
364,google,True,DeepFool,alexnet,50/50,resnet,bing,20/80,0.123333335,0.24666666666666667,0.0
365,google,True,DeepFool,alexnet,50/50,resnet,bing,30/70,0.046666667,0.09333333333333334,0.0
366,google,True,DeepFool,alexnet,50/50,resnet,bing,40/60,0.01,0.02,0.0
367,google,True,DeepFool,alexnet,50/50,resnet,bing,50/50,0.013333334,0.013333333333333334,0.013333333333333334
368,google,True,DeepFool,alexnet,50/50,vgg,bing,20/80,0.28,0.56,0.0
369,google,True,DeepFool,alexnet,50/50,vgg,bing,30/70,0.11666667,0.23333333333333334,0.0
370,google,True,DeepFool,alexnet,50/50,vgg,bing,40/60,0.09,0.18,0.0
371,google,True,DeepFool,alexnet,50/50,vgg,bing,50/50,0.07333334,0.13333333333333333,0.013333333333333334
372,google,True,DeepFool,alexnet,50/50,alexnet,google,20/80,0.07118644,0.14482758620689656,0.0
373,google,True,DeepFool,alexnet,50/50,alexnet,google,30/70,0.061016947,0.12244897959183673,0.0
374,google,True,DeepFool,alexnet,50/50,alexnet,google,40/60,0.06418919,0.1292517006802721,0.0
375,google,True,DeepFool,alexnet,50/50,alexnet,google,50/50,0.06081081,0.12,0.0
376,google,True,DeepFool,alexnet,50/50,resnet,google,20/80,0.04391892,0.08904109589041095,0.0
377,google,True,DeepFool,alexnet,50/50,resnet,google,30/70,0.026845638,0.05405405405405406,0.0
378,google,True,DeepFool,alexnet,50/50,resnet,google,40/60,0.0067340066,0.013422818791946308,0.0
379,google,True,DeepFool,alexnet,50/50,resnet,google,50/50,0.0033783785,0.006711409395973154,0.0
380,google,True,DeepFool,alexnet,50/50,vgg,google,20/80,0.17845118,0.36054421768707484,0.0
381,google,True,DeepFool,alexnet,50/50,vgg,google,30/70,0.09364548,0.18791946308724833,0.0
382,google,True,DeepFool,alexnet,50/50,vgg,google,40/60,0.0738255,0.1476510067114094,0.0
383,google,True,DeepFool,alexnet,50/50,vgg,google,50/50,0.110738255,0.2214765100671141,0.0
384,google,True,DeepFool,resnet,20/80,alexnet,bing,20/80,0.08,0.15333333333333332,0.006666666666666667
385,google,True,DeepFool,resnet,20/80,alexnet,bing,30/70,0.023333333,0.02666666666666667,0.02
386,google,True,DeepFool,resnet,20/80,alexnet,bing,40/60,0.07,0.006666666666666667,0.13333333333333333
387,google,True,DeepFool,resnet,20/80,alexnet,bing,50/50,0.10333334,0.006666666666666667,0.2
388,google,True,DeepFool,resnet,20/80,resnet,bing,20/80,0.48333335,0.8866666666666667,0.08
389,google,True,DeepFool,resnet,20/80,resnet,bing,30/70,0.120000005,0.14666666666666667,0.09333333333333334
390,google,True,DeepFool,resnet,20/80,resnet,bing,40/60,0.15,0.02666666666666667,0.2733333333333333
391,google,True,DeepFool,resnet,20/80,resnet,bing,50/50,0.18333334,0.006666666666666667,0.36
392,google,True,DeepFool,resnet,20/80,vgg,bing,20/80,0.29000002,0.58,0.0
393,google,True,DeepFool,resnet,20/80,vgg,bing,30/70,0.023333333,0.02,0.02666666666666667
394,google,True,DeepFool,resnet,20/80,vgg,bing,40/60,0.033333335,0.02666666666666667,0.04
395,google,True,DeepFool,resnet,20/80,vgg,bing,50/50,0.06333333,0.006666666666666667,0.12
396,google,True,DeepFool,resnet,20/80,alexnet,google,20/80,0.030508474,0.0,0.06
397,google,True,DeepFool,resnet,20/80,alexnet,google,30/70,0.06440678,0.0,0.12837837837837837
398,google,True,DeepFool,resnet,20/80,alexnet,google,40/60,0.057432435,0.0,0.11409395973154363
399,google,True,DeepFool,resnet,20/80,alexnet,google,50/50,0.074324325,0.006666666666666667,0.14383561643835616
400,google,True,DeepFool,resnet,20/80,resnet,google,20/80,0.25,0.2876712328767123,0.21333333333333335
401,google,True,DeepFool,resnet,20/80,resnet,google,30/70,0.10067114,0.033783783783783786,0.16666666666666666
402,google,True,DeepFool,resnet,20/80,resnet,google,40/60,0.16498317,0.006711409395973154,0.32432432432432434
403,google,True,DeepFool,resnet,20/80,resnet,google,50/50,0.1554054,0.0,0.3129251700680272
404,google,True,DeepFool,resnet,20/80,vgg,google,20/80,0.04040404,0.06802721088435375,0.013333333333333334
405,google,True,DeepFool,resnet,20/80,vgg,google,30/70,0.04347826,0.006711409395973154,0.08
406,google,True,DeepFool,resnet,20/80,vgg,google,40/60,0.05704698,0.0,0.11409395973154363
407,google,True,DeepFool,resnet,20/80,vgg,google,50/50,0.0704698,0.0,0.14093959731543623
408,google,True,DeepFool,resnet,30/70,alexnet,bing,20/80,0.093333334,0.07333333333333333,0.11333333333333333
409,google,True,DeepFool,resnet,30/70,alexnet,bing,30/70,0.083333336,0.04666666666666667,0.12
410,google,True,DeepFool,resnet,30/70,alexnet,bing,40/60,0.20333333,0.006666666666666667,0.4
411,google,True,DeepFool,resnet,30/70,alexnet,bing,50/50,0.27333334,0.006666666666666667,0.54
412,google,True,DeepFool,resnet,30/70,resnet,bing,20/80,0.48000002,0.8333333333333334,0.12666666666666668
413,google,True,DeepFool,resnet,30/70,resnet,bing,30/70,0.46333334,0.5266666666666666,0.4
414,google,True,DeepFool,resnet,30/70,resnet,bing,40/60,0.36666667,0.06666666666666667,0.6666666666666666
415,google,True,DeepFool,resnet,30/70,resnet,bing,50/50,0.39666668,0.02,0.7733333333333333
416,google,True,DeepFool,resnet,30/70,vgg,bing,20/80,0.34333333,0.6733333333333333,0.013333333333333334
417,google,True,DeepFool,resnet,30/70,vgg,bing,30/70,0.11333334,0.04666666666666667,0.18
418,google,True,DeepFool,resnet,30/70,vgg,bing,40/60,0.10333334,0.06666666666666667,0.14
419,google,True,DeepFool,resnet,30/70,vgg,bing,50/50,0.23666668,0.03333333333333333,0.44
420,google,True,DeepFool,resnet,30/70,alexnet,google,20/80,0.13898306,0.0,0.2733333333333333
421,google,True,DeepFool,resnet,30/70,alexnet,google,30/70,0.20677966,0.006802721088435374,0.40540540540540543
422,google,True,DeepFool,resnet,30/70,alexnet,google,40/60,0.21621622,0.0,0.42953020134228187
423,google,True,DeepFool,resnet,30/70,alexnet,google,50/50,0.2364865,0.0,0.4794520547945205
424,google,True,DeepFool,resnet,30/70,resnet,google,20/80,0.3918919,0.2671232876712329,0.5133333333333333
425,google,True,DeepFool,resnet,30/70,resnet,google,30/70,0.46979865,0.33783783783783783,0.6
426,google,True,DeepFool,resnet,30/70,resnet,google,40/60,0.3872054,0.06040268456375839,0.7162162162162162
427,google,True,DeepFool,resnet,30/70,resnet,google,50/50,0.3581081,0.006711409395973154,0.7142857142857143
428,google,True,DeepFool,resnet,30/70,vgg,google,20/80,0.12794612,0.1360544217687075,0.12
429,google,True,DeepFool,resnet,30/70,vgg,google,30/70,0.17391305,0.020134228187919462,0.32666666666666666
430,google,True,DeepFool,resnet,30/70,vgg,google,40/60,0.19798657,0.013422818791946308,0.3825503355704698
431,google,True,DeepFool,resnet,30/70,vgg,google,50/50,0.2147651,0.026845637583892617,0.40268456375838924
432,google,True,DeepFool,resnet,40/60,alexnet,bing,20/80,0.05666667,0.06666666666666667,0.04666666666666667
