,source_dataset,isMath,attack,source_model,source_balancing,target_model,target_dataset,target_balancing,asr,asr_0,asr_1
0,bing,True,PGD,alexnet,20/80,alexnet,bing,20/80,0.207483,0.1527777777777778,0.26
1,bing,True,PGD,alexnet,20/80,alexnet,bing,30/70,0.10689655,0.06428571428571428,0.14666666666666667
2,bing,True,PGD,alexnet,20/80,alexnet,bing,40/60,0.21088435,0.034482758620689655,0.3825503355704698
3,bing,True,PGD,alexnet,20/80,alexnet,bing,50/50,0.21843003,0.006944444444444444,0.4228187919463087
4,bing,True,PGD,alexnet,20/80,resnet,bing,20/80,0.0887372,0.15384615384615385,0.02666666666666667
5,bing,True,PGD,alexnet,20/80,resnet,bing,30/70,0.051194537,0.06993006993006994,0.03333333333333333
6,bing,True,PGD,alexnet,20/80,resnet,bing,40/60,0.08135593,0.013793103448275862,0.14666666666666667
7,bing,True,PGD,alexnet,20/80,resnet,bing,50/50,0.098305084,0.0,0.19333333333333333
8,bing,True,PGD,alexnet,20/80,vgg,bing,20/80,0.1632653,0.3263888888888889,0.006666666666666667
9,bing,True,PGD,alexnet,20/80,vgg,bing,30/70,0.084745765,0.13793103448275862,0.03333333333333333
10,bing,True,PGD,alexnet,20/80,vgg,bing,40/60,0.0779661,0.10344827586206896,0.05333333333333334
11,bing,True,PGD,alexnet,20/80,vgg,bing,50/50,0.057432435,0.04794520547945205,0.06666666666666667
12,bing,True,PGD,alexnet,20/80,alexnet,google,20/80,0.18333334,0.10666666666666667,0.26
13,bing,True,PGD,alexnet,20/80,alexnet,google,30/70,0.20333333,0.10666666666666667,0.3
14,bing,True,PGD,alexnet,20/80,alexnet,google,40/60,0.20666668,0.09333333333333334,0.32
15,bing,True,PGD,alexnet,20/80,alexnet,google,50/50,0.18333334,0.06666666666666667,0.3
16,bing,True,PGD,alexnet,20/80,resnet,google,20/80,0.07,0.09333333333333334,0.04666666666666667
17,bing,True,PGD,alexnet,20/80,resnet,google,30/70,0.060000002,0.09333333333333334,0.02666666666666667
18,bing,True,PGD,alexnet,20/80,resnet,google,40/60,0.1,0.04,0.16
19,bing,True,PGD,alexnet,20/80,resnet,google,50/50,0.083333336,0.013333333333333334,0.15333333333333332
20,bing,True,PGD,alexnet,20/80,vgg,google,20/80,0.120000005,0.22,0.02
21,bing,True,PGD,alexnet,20/80,vgg,google,30/70,0.08,0.14,0.02
22,bing,True,PGD,alexnet,20/80,vgg,google,40/60,0.07666667,0.08666666666666667,0.06666666666666667
23,bing,True,PGD,alexnet,20/80,vgg,google,50/50,0.08,0.1,0.06
24,bing,True,PGD,alexnet,30/70,alexnet,bing,20/80,0.17687075,0.06944444444444445,0.28
25,bing,True,PGD,alexnet,30/70,alexnet,bing,30/70,0.13793103,0.06428571428571428,0.20666666666666667
26,bing,True,PGD,alexnet,30/70,alexnet,bing,40/60,0.2414966,0.020689655172413793,0.4563758389261745
27,bing,True,PGD,alexnet,30/70,alexnet,bing,50/50,0.2423208,0.0,0.47651006711409394
28,bing,True,PGD,alexnet,30/70,resnet,bing,20/80,0.058020476,0.0979020979020979,0.02
29,bing,True,PGD,alexnet,30/70,resnet,bing,30/70,0.03412969,0.027972027972027972,0.04
30,bing,True,PGD,alexnet,30/70,resnet,bing,40/60,0.098305084,0.006896551724137931,0.18666666666666668
31,bing,True,PGD,alexnet,30/70,resnet,bing,50/50,0.11525424,0.0,0.22666666666666666
32,bing,True,PGD,alexnet,30/70,vgg,bing,20/80,0.1462585,0.2847222222222222,0.013333333333333334
33,bing,True,PGD,alexnet,30/70,vgg,bing,30/70,0.05762712,0.07586206896551724,0.04
34,bing,True,PGD,alexnet,30/70,vgg,bing,40/60,0.047457628,0.06206896551724138,0.03333333333333333
35,bing,True,PGD,alexnet,30/70,vgg,bing,50/50,0.057432435,0.0410958904109589,0.07333333333333333
36,bing,True,PGD,alexnet,30/70,alexnet,google,20/80,0.19333334,0.07333333333333333,0.31333333333333335
37,bing,True,PGD,alexnet,30/70,alexnet,google,30/70,0.23,0.07333333333333333,0.38666666666666666
38,bing,True,PGD,alexnet,30/70,alexnet,google,40/60,0.22666667,0.06,0.3933333333333333
39,bing,True,PGD,alexnet,30/70,alexnet,google,50/50,0.22,0.04666666666666667,0.3933333333333333
40,bing,True,PGD,alexnet,30/70,resnet,google,20/80,0.06666667,0.08,0.05333333333333334
41,bing,True,PGD,alexnet,30/70,resnet,google,30/70,0.05,0.06666666666666667,0.03333333333333333
42,bing,True,PGD,alexnet,30/70,resnet,google,40/60,0.13000001,0.02666666666666667,0.23333333333333334
43,bing,True,PGD,alexnet,30/70,resnet,google,50/50,0.10333334,0.013333333333333334,0.19333333333333333
44,bing,True,PGD,alexnet,30/70,vgg,google,20/80,0.1,0.18666666666666668,0.013333333333333334
45,bing,True,PGD,alexnet,30/70,vgg,google,30/70,0.06666667,0.11333333333333333,0.02
46,bing,True,PGD,alexnet,30/70,vgg,google,40/60,0.07333334,0.08,0.06666666666666667
47,bing,True,PGD,alexnet,30/70,vgg,google,50/50,0.07,0.07333333333333333,0.06666666666666667
48,bing,True,PGD,alexnet,40/60,alexnet,bing,20/80,0.207483,0.125,0.2866666666666667
49,bing,True,PGD,alexnet,40/60,alexnet,bing,30/70,0.113793105,0.08571428571428572,0.14
50,bing,True,PGD,alexnet,40/60,alexnet,bing,40/60,0.2755102,0.041379310344827586,0.5033557046979866
51,bing,True,PGD,alexnet,40/60,alexnet,bing,50/50,0.26279864,0.006944444444444444,0.5100671140939598
52,bing,True,PGD,alexnet,40/60,resnet,bing,20/80,0.08191126,0.13986013986013987,0.02666666666666667
53,bing,True,PGD,alexnet,40/60,resnet,bing,30/70,0.0443686,0.04895104895104895,0.04
54,bing,True,PGD,alexnet,40/60,resnet,bing,40/60,0.10508475,0.006896551724137931,0.2
55,bing,True,PGD,alexnet,40/60,resnet,bing,50/50,0.11525424,0.0,0.22666666666666666
56,bing,True,PGD,alexnet,40/60,vgg,bing,20/80,0.16666666,0.3333333333333333,0.006666666666666667
57,bing,True,PGD,alexnet,40/60,vgg,bing,30/70,0.098305084,0.15862068965517243,0.04
58,bing,True,PGD,alexnet,40/60,vgg,bing,40/60,0.09152542,0.12413793103448276,0.06
59,bing,True,PGD,alexnet,40/60,vgg,bing,50/50,0.08445946,0.0821917808219178,0.08666666666666667
60,bing,True,PGD,alexnet,40/60,alexnet,google,20/80,0.20666668,0.1,0.31333333333333335
61,bing,True,PGD,alexnet,40/60,alexnet,google,30/70,0.23666668,0.09333333333333334,0.38
62,bing,True,PGD,alexnet,40/60,alexnet,google,40/60,0.24333334,0.09333333333333334,0.3933333333333333
63,bing,True,PGD,alexnet,40/60,alexnet,google,50/50,0.24000001,0.08,0.4
64,bing,True,PGD,alexnet,40/60,resnet,google,20/80,0.093333334,0.10666666666666667,0.08
65,bing,True,PGD,alexnet,40/60,resnet,google,30/70,0.060000002,0.08666666666666667,0.03333333333333333
66,bing,True,PGD,alexnet,40/60,resnet,google,40/60,0.13000001,0.03333333333333333,0.22666666666666666
67,bing,True,PGD,alexnet,40/60,resnet,google,50/50,0.10666667,0.013333333333333334,0.2
68,bing,True,PGD,alexnet,40/60,vgg,google,20/80,0.13333334,0.24666666666666667,0.02
69,bing,True,PGD,alexnet,40/60,vgg,google,30/70,0.10333334,0.17333333333333334,0.03333333333333333
70,bing,True,PGD,alexnet,40/60,vgg,google,40/60,0.07666667,0.1,0.05333333333333334
71,bing,True,PGD,alexnet,40/60,vgg,google,50/50,0.09666667,0.11333333333333333,0.08
72,bing,True,PGD,alexnet,50/50,alexnet,bing,20/80,0.1972789,0.1111111111111111,0.28
73,bing,True,PGD,alexnet,50/50,alexnet,bing,30/70,0.12068965,0.06428571428571428,0.17333333333333334
74,bing,True,PGD,alexnet,50/50,alexnet,bing,40/60,0.26190475,0.04827586206896552,0.4697986577181208
75,bing,True,PGD,alexnet,50/50,alexnet,bing,50/50,0.2662116,0.020833333333333332,0.5033557046979866
76,bing,True,PGD,alexnet,50/50,resnet,bing,20/80,0.07849829,0.13286713286713286,0.02666666666666667
77,bing,True,PGD,alexnet,50/50,resnet,bing,30/70,0.047781568,0.055944055944055944,0.04
78,bing,True,PGD,alexnet,50/50,resnet,bing,40/60,0.10508475,0.006896551724137931,0.2
79,bing,True,PGD,alexnet,50/50,resnet,bing,50/50,0.108474575,0.0,0.21333333333333335
80,bing,True,PGD,alexnet,50/50,vgg,bing,20/80,0.18707483,0.3680555555555556,0.013333333333333334
81,bing,True,PGD,alexnet,50/50,vgg,bing,30/70,0.10169491,0.15862068965517243,0.04666666666666667
82,bing,True,PGD,alexnet,50/50,vgg,bing,40/60,0.08135593,0.11724137931034483,0.04666666666666667
83,bing,True,PGD,alexnet,50/50,vgg,bing,50/50,0.08445946,0.08904109589041095,0.08
84,bing,True,PGD,alexnet,50/50,alexnet,google,20/80,0.19333334,0.1,0.2866666666666667
85,bing,True,PGD,alexnet,50/50,alexnet,google,30/70,0.25666666,0.1,0.41333333333333333
86,bing,True,PGD,alexnet,50/50,alexnet,google,40/60,0.26000002,0.08666666666666667,0.43333333333333335
87,bing,True,PGD,alexnet,50/50,alexnet,google,50/50,0.24333334,0.06666666666666667,0.42
88,bing,True,PGD,alexnet,50/50,resnet,google,20/80,0.08,0.09333333333333334,0.06666666666666667
89,bing,True,PGD,alexnet,50/50,resnet,google,30/70,0.060000002,0.08666666666666667,0.03333333333333333
90,bing,True,PGD,alexnet,50/50,resnet,google,40/60,0.13333334,0.04,0.22666666666666666
91,bing,True,PGD,alexnet,50/50,resnet,google,50/50,0.1,0.02,0.18
92,bing,True,PGD,alexnet,50/50,vgg,google,20/80,0.12666667,0.23333333333333334,0.02
93,bing,True,PGD,alexnet,50/50,vgg,google,30/70,0.1,0.17333333333333334,0.02666666666666667
94,bing,True,PGD,alexnet,50/50,vgg,google,40/60,0.09,0.12,0.06
95,bing,True,PGD,alexnet,50/50,vgg,google,50/50,0.09666667,0.12666666666666668,0.06666666666666667
96,bing,True,PGD,resnet,20/80,alexnet,bing,20/80,0.047619045,0.013888888888888888,0.08
97,bing,True,PGD,resnet,20/80,alexnet,bing,30/70,0.027586207,0.0,0.05333333333333334
98,bing,True,PGD,resnet,20/80,alexnet,bing,40/60,0.088435374,0.0,0.174496644295302
99,bing,True,PGD,resnet,20/80,alexnet,bing,50/50,0.09215017,0.0,0.18120805369127516
100,bing,True,PGD,resnet,20/80,resnet,bing,20/80,0.19795221,0.26573426573426573,0.13333333333333333
101,bing,True,PGD,resnet,20/80,resnet,bing,30/70,0.15699658,0.15384615384615385,0.16
102,bing,True,PGD,resnet,20/80,resnet,bing,40/60,0.27118644,0.020689655172413793,0.5133333333333333
103,bing,True,PGD,resnet,20/80,resnet,bing,50/50,0.2338983,0.0,0.46
104,bing,True,PGD,resnet,20/80,vgg,bing,20/80,0.16666666,0.3263888888888889,0.013333333333333334
105,bing,True,PGD,resnet,20/80,vgg,bing,30/70,0.098305084,0.11724137931034483,0.08
106,bing,True,PGD,resnet,20/80,vgg,bing,40/60,0.10508475,0.09655172413793103,0.11333333333333333
107,bing,True,PGD,resnet,20/80,vgg,bing,50/50,0.11486487,0.07534246575342465,0.15333333333333332
108,bing,True,PGD,resnet,20/80,alexnet,google,20/80,0.060000002,0.02,0.1
109,bing,True,PGD,resnet,20/80,alexnet,google,30/70,0.06666667,0.02666666666666667,0.10666666666666667
110,bing,True,PGD,resnet,20/80,alexnet,google,40/60,0.08,0.02666666666666667,0.13333333333333333
111,bing,True,PGD,resnet,20/80,alexnet,google,50/50,0.09,0.02,0.16
112,bing,True,PGD,resnet,20/80,resnet,google,20/80,0.23666668,0.16666666666666666,0.30666666666666664
113,bing,True,PGD,resnet,20/80,resnet,google,30/70,0.15333334,0.15333333333333332,0.15333333333333332
114,bing,True,PGD,resnet,20/80,resnet,google,40/60,0.28333333,0.05333333333333334,0.5133333333333333
115,bing,True,PGD,resnet,20/80,resnet,google,50/50,0.21000001,0.03333333333333333,0.38666666666666666
116,bing,True,PGD,resnet,20/80,vgg,google,20/80,0.13000001,0.22666666666666666,0.03333333333333333
117,bing,True,PGD,resnet,20/80,vgg,google,30/70,0.093333334,0.12666666666666668,0.06
118,bing,True,PGD,resnet,20/80,vgg,google,40/60,0.123333335,0.11333333333333333,0.13333333333333333
119,bing,True,PGD,resnet,20/80,vgg,google,50/50,0.13000001,0.12,0.14
120,bing,True,PGD,resnet,30/70,alexnet,bing,20/80,0.05782313,0.013888888888888888,0.1
121,bing,True,PGD,resnet,30/70,alexnet,bing,30/70,0.027586207,0.0,0.05333333333333334
122,bing,True,PGD,resnet,30/70,alexnet,bing,40/60,0.091836736,0.0,0.18120805369127516
123,bing,True,PGD,resnet,30/70,alexnet,bing,50/50,0.098976105,0.0,0.19463087248322147
124,bing,True,PGD,resnet,30/70,resnet,bing,20/80,0.12969282,0.16783216783216784,0.09333333333333334
125,bing,True,PGD,resnet,30/70,resnet,bing,30/70,0.19453925,0.17482517482517482,0.21333333333333335
126,bing,True,PGD,resnet,30/70,resnet,bing,40/60,0.28135592,0.013793103448275862,0.54
127,bing,True,PGD,resnet,30/70,resnet,bing,50/50,0.26440677,0.006896551724137931,0.5133333333333333
128,bing,True,PGD,resnet,30/70,vgg,bing,20/80,0.15306123,0.2986111111111111,0.013333333333333334
129,bing,True,PGD,resnet,30/70,vgg,bing,30/70,0.1118644,0.15172413793103448,0.07333333333333333
130,bing,True,PGD,resnet,30/70,vgg,bing,40/60,0.118644066,0.1103448275862069,0.12666666666666668
131,bing,True,PGD,resnet,30/70,vgg,bing,50/50,0.10135135,0.0547945205479452,0.14666666666666667
132,bing,True,PGD,resnet,30/70,alexnet,google,20/80,0.06666667,0.02,0.11333333333333333
133,bing,True,PGD,resnet,30/70,alexnet,google,30/70,0.07333334,0.02666666666666667,0.12
134,bing,True,PGD,resnet,30/70,alexnet,google,40/60,0.093333334,0.02,0.16666666666666666
135,bing,True,PGD,resnet,30/70,alexnet,google,50/50,0.086666666,0.02,0.15333333333333332
136,bing,True,PGD,resnet,30/70,resnet,google,20/80,0.16666667,0.10666666666666667,0.22666666666666666
137,bing,True,PGD,resnet,30/70,resnet,google,30/70,0.19666667,0.16666666666666666,0.22666666666666666
138,bing,True,PGD,resnet,30/70,resnet,google,40/60,0.29666668,0.06,0.5333333333333333
139,bing,True,PGD,resnet,30/70,resnet,google,50/50,0.22666667,0.02666666666666667,0.4266666666666667
140,bing,True,PGD,resnet,30/70,vgg,google,20/80,0.120000005,0.19333333333333333,0.04666666666666667
141,bing,True,PGD,resnet,30/70,vgg,google,30/70,0.11,0.14666666666666667,0.07333333333333333
142,bing,True,PGD,resnet,30/70,vgg,google,40/60,0.11,0.1,0.12
143,bing,True,PGD,resnet,30/70,vgg,google,50/50,0.13000001,0.11333333333333333,0.14666666666666667
144,bing,True,PGD,resnet,40/60,alexnet,bing,20/80,0.054421768,0.013888888888888888,0.09333333333333334
145,bing,True,PGD,resnet,40/60,alexnet,bing,30/70,0.031034483,0.007142857142857143,0.05333333333333334
146,bing,True,PGD,resnet,40/60,alexnet,bing,40/60,0.10204081,0.0,0.20134228187919462
147,bing,True,PGD,resnet,40/60,alexnet,bing,50/50,0.11262798,0.0,0.2214765100671141
148,bing,True,PGD,resnet,40/60,resnet,bing,20/80,0.14675768,0.2097902097902098,0.08666666666666667
149,bing,True,PGD,resnet,40/60,resnet,bing,30/70,0.16382252,0.16083916083916083,0.16666666666666666
150,bing,True,PGD,resnet,40/60,resnet,bing,40/60,0.3322034,0.041379310344827586,0.6133333333333333
151,bing,True,PGD,resnet,40/60,resnet,bing,50/50,0.26440677,0.013793103448275862,0.5066666666666667
152,bing,True,PGD,resnet,40/60,vgg,bing,20/80,0.18707483,0.3680555555555556,0.013333333333333334
153,bing,True,PGD,resnet,40/60,vgg,bing,30/70,0.118644066,0.13793103448275862,0.1
154,bing,True,PGD,resnet,40/60,vgg,bing,40/60,0.118644066,0.11724137931034483,0.12
155,bing,True,PGD,resnet,40/60,vgg,bing,50/50,0.10135135,0.0547945205479452,0.14666666666666667
156,bing,True,PGD,resnet,40/60,alexnet,google,20/80,0.06666667,0.02666666666666667,0.10666666666666667
157,bing,True,PGD,resnet,40/60,alexnet,google,30/70,0.086666666,0.02666666666666667,0.14666666666666667
158,bing,True,PGD,resnet,40/60,alexnet,google,40/60,0.093333334,0.02666666666666667,0.16
159,bing,True,PGD,resnet,40/60,alexnet,google,50/50,0.093333334,0.02,0.16666666666666666
160,bing,True,PGD,resnet,40/60,resnet,google,20/80,0.19666667,0.15333333333333332,0.24
161,bing,True,PGD,resnet,40/60,resnet,google,30/70,0.18333334,0.2,0.16666666666666666
162,bing,True,PGD,resnet,40/60,resnet,google,40/60,0.33666667,0.09333333333333334,0.58
163,bing,True,PGD,resnet,40/60,resnet,google,50/50,0.23333333,0.04,0.4266666666666667
164,bing,True,PGD,resnet,40/60,vgg,google,20/80,0.14666668,0.24,0.05333333333333334
165,bing,True,PGD,resnet,40/60,vgg,google,30/70,0.11666667,0.16,0.07333333333333333
166,bing,True,PGD,resnet,40/60,vgg,google,40/60,0.12666667,0.11333333333333333,0.14
167,bing,True,PGD,resnet,40/60,vgg,google,50/50,0.12666667,0.13333333333333333,0.12
168,bing,True,PGD,resnet,50/50,alexnet,bing,20/80,0.047619045,0.013888888888888888,0.08
169,bing,True,PGD,resnet,50/50,alexnet,bing,30/70,0.027586207,0.0,0.05333333333333334
170,bing,True,PGD,resnet,50/50,alexnet,bing,40/60,0.09523809,0.0,0.18791946308724833
171,bing,True,PGD,resnet,50/50,alexnet,bing,50/50,0.11262798,0.0,0.2214765100671141
172,bing,True,PGD,resnet,50/50,resnet,bing,20/80,0.13993174,0.1958041958041958,0.08666666666666667
173,bing,True,PGD,resnet,50/50,resnet,bing,30/70,0.13651876,0.1258741258741259,0.14666666666666667
174,bing,True,PGD,resnet,50/50,resnet,bing,40/60,0.30508474,0.034482758620689655,0.5666666666666667
175,bing,True,PGD,resnet,50/50,resnet,bing,50/50,0.2779661,0.027586206896551724,0.52
176,bing,True,PGD,resnet,50/50,vgg,bing,20/80,0.18367347,0.3611111111111111,0.013333333333333334
177,bing,True,PGD,resnet,50/50,vgg,bing,30/70,0.1118644,0.16551724137931034,0.06
178,bing,True,PGD,resnet,50/50,vgg,bing,40/60,0.11525424,0.1103448275862069,0.12
179,bing,True,PGD,resnet,50/50,vgg,bing,50/50,0.12162162,0.0684931506849315,0.17333333333333334
180,bing,True,PGD,resnet,50/50,alexnet,google,20/80,0.07333334,0.02,0.12666666666666668
181,bing,True,PGD,resnet,50/50,alexnet,google,30/70,0.07333334,0.02666666666666667,0.12
182,bing,True,PGD,resnet,50/50,alexnet,google,40/60,0.09,0.02666666666666667,0.15333333333333332
183,bing,True,PGD,resnet,50/50,alexnet,google,50/50,0.086666666,0.02,0.15333333333333332
184,bing,True,PGD,resnet,50/50,resnet,google,20/80,0.19333334,0.13333333333333333,0.25333333333333335
185,bing,True,PGD,resnet,50/50,resnet,google,30/70,0.14333333,0.14,0.14666666666666667
186,bing,True,PGD,resnet,50/50,resnet,google,40/60,0.30666667,0.06,0.5533333333333333
187,bing,True,PGD,resnet,50/50,resnet,google,50/50,0.25,0.04,0.46
188,bing,True,PGD,resnet,50/50,vgg,google,20/80,0.13666667,0.23333333333333334,0.04
189,bing,True,PGD,resnet,50/50,vgg,google,30/70,0.13333334,0.18,0.08666666666666667
190,bing,True,PGD,resnet,50/50,vgg,google,40/60,0.15,0.12666666666666668,0.17333333333333334
191,bing,True,PGD,resnet,50/50,vgg,google,50/50,0.13666667,0.13333333333333333,0.14
192,bing,True,PGD,vgg,20/80,alexnet,bing,20/80,0.034013607,0.006944444444444444,0.06
193,bing,True,PGD,vgg,20/80,alexnet,bing,30/70,0.024137931,0.0,0.04666666666666667
194,bing,True,PGD,vgg,20/80,alexnet,bing,40/60,0.054421768,0.0,0.10738255033557047
195,bing,True,PGD,vgg,20/80,alexnet,bing,50/50,0.06825938,0.0,0.1342281879194631
196,bing,True,PGD,vgg,20/80,resnet,bing,20/80,0.030716723,0.04895104895104895,0.013333333333333334
197,bing,True,PGD,vgg,20/80,resnet,bing,30/70,0.030716723,0.027972027972027972,0.03333333333333333
198,bing,True,PGD,vgg,20/80,resnet,bing,40/60,0.05762712,0.0,0.11333333333333333
199,bing,True,PGD,vgg,20/80,resnet,bing,50/50,0.094915256,0.0,0.18666666666666668
200,bing,True,PGD,vgg,20/80,vgg,bing,20/80,0.21088435,0.4097222222222222,0.02
201,bing,True,PGD,vgg,20/80,vgg,bing,30/70,0.17288135,0.19310344827586207,0.15333333333333332
202,bing,True,PGD,vgg,20/80,vgg,bing,40/60,0.18983051,0.14482758620689656,0.23333333333333334
203,bing,True,PGD,vgg,20/80,vgg,bing,50/50,0.19256757,0.1095890410958904,0.2733333333333333
204,bing,True,PGD,vgg,20/80,alexnet,google,20/80,0.05,0.02,0.08
205,bing,True,PGD,vgg,20/80,alexnet,google,30/70,0.053333335,0.02666666666666667,0.08
206,bing,True,PGD,vgg,20/80,alexnet,google,40/60,0.06333333,0.02,0.10666666666666667
207,bing,True,PGD,vgg,20/80,alexnet,google,50/50,0.07333334,0.02,0.12666666666666668
208,bing,True,PGD,vgg,20/80,resnet,google,20/80,0.060000002,0.06666666666666667,0.05333333333333334
209,bing,True,PGD,vgg,20/80,resnet,google,30/70,0.03666667,0.04666666666666667,0.02666666666666667
210,bing,True,PGD,vgg,20/80,resnet,google,40/60,0.09,0.02,0.16
211,bing,True,PGD,vgg,20/80,resnet,google,50/50,0.086666666,0.013333333333333334,0.16
212,bing,True,PGD,vgg,20/80,vgg,google,20/80,0.19666667,0.30666666666666664,0.08666666666666667
213,bing,True,PGD,vgg,20/80,vgg,google,30/70,0.16,0.21333333333333335,0.10666666666666667
214,bing,True,PGD,vgg,20/80,vgg,google,40/60,0.19666667,0.15333333333333332,0.24
215,bing,True,PGD,vgg,20/80,vgg,google,50/50,0.18,0.17333333333333334,0.18666666666666668
216,bing,True,PGD,vgg,30/70,alexnet,bing,20/80,0.044217687,0.006944444444444444,0.08
217,bing,True,PGD,vgg,30/70,alexnet,bing,30/70,0.024137931,0.0,0.04666666666666667
218,bing,True,PGD,vgg,30/70,alexnet,bing,40/60,0.07482993,0.0,0.1476510067114094
219,bing,True,PGD,vgg,30/70,alexnet,bing,50/50,0.08532423,0.0,0.16778523489932887
220,bing,True,PGD,vgg,30/70,resnet,bing,20/80,0.03412969,0.055944055944055944,0.013333333333333334
221,bing,True,PGD,vgg,30/70,resnet,bing,30/70,0.013651877,0.006993006993006993,0.02
222,bing,True,PGD,vgg,30/70,resnet,bing,40/60,0.06779661,0.0,0.13333333333333333
223,bing,True,PGD,vgg,30/70,resnet,bing,50/50,0.1118644,0.0,0.22
224,bing,True,PGD,vgg,30/70,vgg,bing,20/80,0.19387755,0.375,0.02
225,bing,True,PGD,vgg,30/70,vgg,bing,30/70,0.19322033,0.23448275862068965,0.15333333333333332
226,bing,True,PGD,vgg,30/70,vgg,bing,40/60,0.21694915,0.18620689655172415,0.24666666666666667
227,bing,True,PGD,vgg,30/70,vgg,bing,50/50,0.20945947,0.15753424657534246,0.26
228,bing,True,PGD,vgg,30/70,alexnet,google,20/80,0.05,0.02,0.08
229,bing,True,PGD,vgg,30/70,alexnet,google,30/70,0.053333335,0.02666666666666667,0.08
230,bing,True,PGD,vgg,30/70,alexnet,google,40/60,0.07,0.02,0.12
231,bing,True,PGD,vgg,30/70,alexnet,google,50/50,0.07666667,0.02,0.13333333333333333
232,bing,True,PGD,vgg,30/70,resnet,google,20/80,0.060000002,0.06,0.06
233,bing,True,PGD,vgg,30/70,resnet,google,30/70,0.03666667,0.04666666666666667,0.02666666666666667
234,bing,True,PGD,vgg,30/70,resnet,google,40/60,0.1,0.02,0.18
235,bing,True,PGD,vgg,30/70,resnet,google,50/50,0.1,0.013333333333333334,0.18666666666666668
236,bing,True,PGD,vgg,30/70,vgg,google,20/80,0.21000001,0.3333333333333333,0.08666666666666667
237,bing,True,PGD,vgg,30/70,vgg,google,30/70,0.18,0.23333333333333334,0.12666666666666668
238,bing,True,PGD,vgg,30/70,vgg,google,40/60,0.22666667,0.18,0.2733333333333333
239,bing,True,PGD,vgg,30/70,vgg,google,50/50,0.2,0.18666666666666668,0.21333333333333335
240,bing,True,PGD,vgg,40/60,alexnet,bing,20/80,0.037414964,0.006944444444444444,0.06666666666666667
241,bing,True,PGD,vgg,40/60,alexnet,bing,30/70,0.024137931,0.0,0.04666666666666667
242,bing,True,PGD,vgg,40/60,alexnet,bing,40/60,0.07142857,0.0,0.14093959731543623
243,bing,True,PGD,vgg,40/60,alexnet,bing,50/50,0.0887372,0.0,0.174496644295302
244,bing,True,PGD,vgg,40/60,resnet,bing,20/80,0.03412969,0.055944055944055944,0.013333333333333334
245,bing,True,PGD,vgg,40/60,resnet,bing,30/70,0.027303753,0.03496503496503497,0.02
246,bing,True,PGD,vgg,40/60,resnet,bing,40/60,0.06779661,0.0,0.13333333333333333
247,bing,True,PGD,vgg,40/60,resnet,bing,50/50,0.108474575,0.0,0.21333333333333335
248,bing,True,PGD,vgg,40/60,vgg,bing,20/80,0.21088435,0.4097222222222222,0.02
249,bing,True,PGD,vgg,40/60,vgg,bing,30/70,0.16949153,0.22758620689655173,0.11333333333333333
250,bing,True,PGD,vgg,40/60,vgg,bing,40/60,0.2338983,0.20689655172413793,0.26
251,bing,True,PGD,vgg,40/60,vgg,bing,50/50,0.2027027,0.1506849315068493,0.25333333333333335
252,bing,True,PGD,vgg,40/60,alexnet,google,20/80,0.05666667,0.02666666666666667,0.08666666666666667
253,bing,True,PGD,vgg,40/60,alexnet,google,30/70,0.06333333,0.02666666666666667,0.1
254,bing,True,PGD,vgg,40/60,alexnet,google,40/60,0.07666667,0.02,0.13333333333333333
255,bing,True,PGD,vgg,40/60,alexnet,google,50/50,0.07666667,0.02,0.13333333333333333
256,bing,True,PGD,vgg,40/60,resnet,google,20/80,0.05666667,0.06666666666666667,0.04666666666666667
257,bing,True,PGD,vgg,40/60,resnet,google,30/70,0.046666667,0.06,0.03333333333333333
258,bing,True,PGD,vgg,40/60,resnet,google,40/60,0.10666667,0.02666666666666667,0.18666666666666668
259,bing,True,PGD,vgg,40/60,resnet,google,50/50,0.09666667,0.013333333333333334,0.18
260,bing,True,PGD,vgg,40/60,vgg,google,20/80,0.19666667,0.32,0.07333333333333333
261,bing,True,PGD,vgg,40/60,vgg,google,30/70,0.17,0.22,0.12
262,bing,True,PGD,vgg,40/60,vgg,google,40/60,0.22,0.16666666666666666,0.2733333333333333
263,bing,True,PGD,vgg,40/60,vgg,google,50/50,0.20333333,0.19333333333333333,0.21333333333333335
264,bing,True,PGD,vgg,50/50,alexnet,bing,20/80,0.040816326,0.006944444444444444,0.07333333333333333
265,bing,True,PGD,vgg,50/50,alexnet,bing,30/70,0.027586207,0.0,0.05333333333333334
266,bing,True,PGD,vgg,50/50,alexnet,bing,40/60,0.06802721,0.0,0.1342281879194631
267,bing,True,PGD,vgg,50/50,alexnet,bing,50/50,0.08532423,0.0,0.16778523489932887
268,bing,True,PGD,vgg,50/50,resnet,bing,20/80,0.04095563,0.06993006993006994,0.013333333333333334
269,bing,True,PGD,vgg,50/50,resnet,bing,30/70,0.027303753,0.03496503496503497,0.02
270,bing,True,PGD,vgg,50/50,resnet,bing,40/60,0.07457627,0.0,0.14666666666666667
271,bing,True,PGD,vgg,50/50,resnet,bing,50/50,0.118644066,0.0,0.23333333333333334
272,bing,True,PGD,vgg,50/50,vgg,bing,20/80,0.1972789,0.3888888888888889,0.013333333333333334
273,bing,True,PGD,vgg,50/50,vgg,bing,30/70,0.17288135,0.2482758620689655,0.1
274,bing,True,PGD,vgg,50/50,vgg,bing,40/60,0.20677966,0.2,0.21333333333333335
275,bing,True,PGD,vgg,50/50,vgg,bing,50/50,0.21283785,0.1643835616438356,0.26
276,bing,True,PGD,vgg,50/50,alexnet,google,20/80,0.05666667,0.02666666666666667,0.08666666666666667
277,bing,True,PGD,vgg,50/50,alexnet,google,30/70,0.060000002,0.02666666666666667,0.09333333333333334
278,bing,True,PGD,vgg,50/50,alexnet,google,40/60,0.07333334,0.02666666666666667,0.12
279,bing,True,PGD,vgg,50/50,alexnet,google,50/50,0.06666667,0.02,0.11333333333333333
280,bing,True,PGD,vgg,50/50,resnet,google,20/80,0.053333335,0.07333333333333333,0.03333333333333333
281,bing,True,PGD,vgg,50/50,resnet,google,30/70,0.04,0.05333333333333334,0.02666666666666667
282,bing,True,PGD,vgg,50/50,resnet,google,40/60,0.093333334,0.02,0.16666666666666666
283,bing,True,PGD,vgg,50/50,resnet,google,50/50,0.10666667,0.013333333333333334,0.2
284,bing,True,PGD,vgg,50/50,vgg,google,20/80,0.20333333,0.3333333333333333,0.07333333333333333
285,bing,True,PGD,vgg,50/50,vgg,google,30/70,0.16,0.22666666666666666,0.09333333333333334
286,bing,True,PGD,vgg,50/50,vgg,google,40/60,0.22333334,0.19333333333333333,0.25333333333333335
287,bing,True,PGD,vgg,50/50,vgg,google,50/50,0.21333334,0.2,0.22666666666666666
288,google,True,PGD,alexnet,20/80,alexnet,bing,20/80,0.14,0.02666666666666667,0.25333333333333335
289,google,True,PGD,alexnet,20/80,alexnet,bing,30/70,0.10666667,0.02,0.19333333333333333
290,google,True,PGD,alexnet,20/80,alexnet,bing,40/60,0.28333333,0.013333333333333334,0.5533333333333333
291,google,True,PGD,alexnet,20/80,alexnet,bing,50/50,0.3,0.013333333333333334,0.5866666666666667
292,google,True,PGD,alexnet,20/80,resnet,bing,20/80,0.05666667,0.05333333333333334,0.06
293,google,True,PGD,alexnet,20/80,resnet,bing,30/70,0.046666667,0.02,0.07333333333333333
294,google,True,PGD,alexnet,20/80,resnet,bing,40/60,0.16333334,0.006666666666666667,0.32
295,google,True,PGD,alexnet,20/80,resnet,bing,50/50,0.19666667,0.0,0.3933333333333333
296,google,True,PGD,alexnet,20/80,vgg,bing,20/80,0.046666667,0.08,0.013333333333333334
297,google,True,PGD,alexnet,20/80,vgg,bing,30/70,0.05666667,0.02666666666666667,0.08666666666666667
298,google,True,PGD,alexnet,20/80,vgg,bing,40/60,0.07,0.02,0.12
299,google,True,PGD,alexnet,20/80,vgg,bing,50/50,0.093333334,0.013333333333333334,0.17333333333333334
300,google,True,PGD,alexnet,20/80,alexnet,google,20/80,0.2338983,0.006896551724137931,0.4533333333333333
301,google,True,PGD,alexnet,20/80,alexnet,google,30/70,0.22711864,0.0,0.4527027027027027
302,google,True,PGD,alexnet,20/80,alexnet,google,40/60,0.23310812,0.0,0.46308724832214765
303,google,True,PGD,alexnet,20/80,alexnet,google,50/50,0.22297297,0.006666666666666667,0.4452054794520548
304,google,True,PGD,alexnet,20/80,resnet,google,20/80,0.097972974,0.0,0.19333333333333333
305,google,True,PGD,alexnet,20/80,resnet,google,30/70,0.04026846,0.006756756756756757,0.07333333333333333
306,google,True,PGD,alexnet,20/80,resnet,google,40/60,0.16161616,0.0,0.32432432432432434
307,google,True,PGD,alexnet,20/80,resnet,google,50/50,0.13175675,0.0,0.2653061224489796
308,google,True,PGD,alexnet,20/80,vgg,google,20/80,0.037037037,0.02040816326530612,0.05333333333333334
309,google,True,PGD,alexnet,20/80,vgg,google,30/70,0.050167225,0.0,0.1
310,google,True,PGD,alexnet,20/80,vgg,google,40/60,0.08389262,0.0,0.16778523489932887
311,google,True,PGD,alexnet,20/80,vgg,google,50/50,0.08389262,0.0,0.16778523489932887
312,google,True,PGD,alexnet,30/70,alexnet,bing,20/80,0.14,0.03333333333333333,0.24666666666666667
313,google,True,PGD,alexnet,30/70,alexnet,bing,30/70,0.11333334,0.03333333333333333,0.19333333333333333
314,google,True,PGD,alexnet,30/70,alexnet,bing,40/60,0.27666667,0.013333333333333334,0.54
315,google,True,PGD,alexnet,30/70,alexnet,bing,50/50,0.29333335,0.013333333333333334,0.5733333333333334
316,google,True,PGD,alexnet,30/70,resnet,bing,20/80,0.05,0.04,0.06
317,google,True,PGD,alexnet,30/70,resnet,bing,30/70,0.05666667,0.02666666666666667,0.08666666666666667
318,google,True,PGD,alexnet,30/70,resnet,bing,40/60,0.17,0.006666666666666667,0.3333333333333333
319,google,True,PGD,alexnet,30/70,resnet,bing,50/50,0.19,0.0,0.38
320,google,True,PGD,alexnet,30/70,vgg,bing,20/80,0.046666667,0.08,0.013333333333333334
321,google,True,PGD,alexnet,30/70,vgg,bing,30/70,0.053333335,0.013333333333333334,0.09333333333333334
322,google,True,PGD,alexnet,30/70,vgg,bing,40/60,0.06666667,0.006666666666666667,0.12666666666666668
323,google,True,PGD,alexnet,30/70,vgg,bing,50/50,0.09,0.006666666666666667,0.17333333333333334
324,google,True,PGD,alexnet,30/70,alexnet,google,20/80,0.2338983,0.006896551724137931,0.4533333333333333
325,google,True,PGD,alexnet,30/70,alexnet,google,30/70,0.25762713,0.0,0.5135135135135135
326,google,True,PGD,alexnet,30/70,alexnet,google,40/60,0.26013514,0.0,0.5167785234899329
327,google,True,PGD,alexnet,30/70,alexnet,google,50/50,0.25,0.013333333333333334,0.4931506849315068
328,google,True,PGD,alexnet,30/70,resnet,google,20/80,0.08783784,0.0,0.17333333333333334
329,google,True,PGD,alexnet,30/70,resnet,google,30/70,0.05033557,0.013513513513513514,0.08666666666666667
330,google,True,PGD,alexnet,30/70,resnet,google,40/60,0.15824915,0.0,0.31756756756756754
331,google,True,PGD,alexnet,30/70,resnet,google,50/50,0.13851352,0.0,0.2789115646258503
332,google,True,PGD,alexnet,30/70,vgg,google,20/80,0.05050505,0.027210884353741496,0.07333333333333333
333,google,True,PGD,alexnet,30/70,vgg,google,30/70,0.06020067,0.0,0.12
334,google,True,PGD,alexnet,30/70,vgg,google,40/60,0.08389262,0.0,0.16778523489932887
335,google,True,PGD,alexnet,30/70,vgg,google,50/50,0.087248325,0.0,0.174496644295302
336,google,True,PGD,alexnet,40/60,alexnet,bing,20/80,0.14,0.04,0.24
337,google,True,PGD,alexnet,40/60,alexnet,bing,30/70,0.10666667,0.04,0.17333333333333334
338,google,True,PGD,alexnet,40/60,alexnet,bing,40/60,0.25666666,0.013333333333333334,0.5
339,google,True,PGD,alexnet,40/60,alexnet,bing,50/50,0.27333334,0.013333333333333334,0.5333333333333333
340,google,True,PGD,alexnet,40/60,resnet,bing,20/80,0.060000002,0.06,0.06
341,google,True,PGD,alexnet,40/60,resnet,bing,30/70,0.04,0.02666666666666667,0.05333333333333334
342,google,True,PGD,alexnet,40/60,resnet,bing,40/60,0.15333334,0.006666666666666667,0.3
343,google,True,PGD,alexnet,40/60,resnet,bing,50/50,0.16666667,0.0,0.3333333333333333
344,google,True,PGD,alexnet,40/60,vgg,bing,20/80,0.05666667,0.11333333333333333,0.0
345,google,True,PGD,alexnet,40/60,vgg,bing,30/70,0.05666667,0.03333333333333333,0.08
346,google,True,PGD,alexnet,40/60,vgg,bing,40/60,0.07,0.03333333333333333,0.10666666666666667
347,google,True,PGD,alexnet,40/60,vgg,bing,50/50,0.09,0.02,0.16
348,google,True,PGD,alexnet,40/60,alexnet,google,20/80,0.20677966,0.006896551724137931,0.4
349,google,True,PGD,alexnet,40/60,alexnet,google,30/70,0.2338983,0.006802721088435374,0.4594594594594595
350,google,True,PGD,alexnet,40/60,alexnet,google,40/60,0.24662162,0.0,0.4899328859060403
351,google,True,PGD,alexnet,40/60,alexnet,google,50/50,0.2364865,0.013333333333333334,0.4657534246575342
352,google,True,PGD,alexnet,40/60,resnet,google,20/80,0.08783784,0.0,0.17333333333333334
353,google,True,PGD,alexnet,40/60,resnet,google,30/70,0.043624163,0.013513513513513514,0.07333333333333333
354,google,True,PGD,alexnet,40/60,resnet,google,40/60,0.16498317,0.0,0.3310810810810811
355,google,True,PGD,alexnet,40/60,resnet,google,50/50,0.13175675,0.0,0.2653061224489796
356,google,True,PGD,alexnet,40/60,vgg,google,20/80,0.047138046,0.034013605442176874,0.06
357,google,True,PGD,alexnet,40/60,vgg,google,30/70,0.07023411,0.026845637583892617,0.11333333333333333
358,google,True,PGD,alexnet,40/60,vgg,google,40/60,0.0738255,0.013422818791946308,0.1342281879194631
359,google,True,PGD,alexnet,40/60,vgg,google,50/50,0.08053692,0.006711409395973154,0.15436241610738255
360,google,True,PGD,alexnet,50/50,alexnet,bing,20/80,0.12666667,0.03333333333333333,0.22
361,google,True,PGD,alexnet,50/50,alexnet,bing,30/70,0.11666667,0.02666666666666667,0.20666666666666667
362,google,True,PGD,alexnet,50/50,alexnet,bing,40/60,0.25666666,0.006666666666666667,0.5066666666666667
363,google,True,PGD,alexnet,50/50,alexnet,bing,50/50,0.29000002,0.013333333333333334,0.5666666666666667
364,google,True,PGD,alexnet,50/50,resnet,bing,20/80,0.043333333,0.04,0.04666666666666667
365,google,True,PGD,alexnet,50/50,resnet,bing,30/70,0.046666667,0.02666666666666667,0.06666666666666667
366,google,True,PGD,alexnet,50/50,resnet,bing,40/60,0.16666667,0.006666666666666667,0.32666666666666666
367,google,True,PGD,alexnet,50/50,resnet,bing,50/50,0.18666667,0.0,0.37333333333333335
368,google,True,PGD,alexnet,50/50,vgg,bing,20/80,0.04,0.08,0.0
369,google,True,PGD,alexnet,50/50,vgg,bing,30/70,0.043333333,0.013333333333333334,0.07333333333333333
370,google,True,PGD,alexnet,50/50,vgg,bing,40/60,0.06333333,0.013333333333333334,0.11333333333333333
371,google,True,PGD,alexnet,50/50,vgg,bing,50/50,0.093333334,0.006666666666666667,0.18
372,google,True,PGD,alexnet,50/50,alexnet,google,20/80,0.2101695,0.006896551724137931,0.4066666666666667
373,google,True,PGD,alexnet,50/50,alexnet,google,30/70,0.21694915,0.0,0.43243243243243246
374,google,True,PGD,alexnet,50/50,alexnet,google,40/60,0.24324325,0.0,0.48322147651006714
375,google,True,PGD,alexnet,50/50,alexnet,google,50/50,0.23986487,0.013333333333333334,0.4726027397260274
376,google,True,PGD,alexnet,50/50,resnet,google,20/80,0.081081085,0.0,0.16
377,google,True,PGD,alexnet,50/50,resnet,google,30/70,0.05033557,0.013513513513513514,0.08666666666666667
378,google,True,PGD,alexnet,50/50,resnet,google,40/60,0.16161616,0.0,0.32432432432432434
379,google,True,PGD,alexnet,50/50,resnet,google,50/50,0.1418919,0.0,0.2857142857142857
380,google,True,PGD,alexnet,50/50,vgg,google,20/80,0.02020202,0.013605442176870748,0.02666666666666667
381,google,True,PGD,alexnet,50/50,vgg,google,30/70,0.06354515,0.006711409395973154,0.12
382,google,True,PGD,alexnet,50/50,vgg,google,40/60,0.08053692,0.0,0.1610738255033557
383,google,True,PGD,alexnet,50/50,vgg,google,50/50,0.08053692,0.0,0.1610738255033557
384,google,True,PGD,resnet,20/80,alexnet,bing,20/80,0.046666667,0.006666666666666667,0.08666666666666667
385,google,True,PGD,resnet,20/80,alexnet,bing,30/70,0.033333335,0.006666666666666667,0.06
386,google,True,PGD,resnet,20/80,alexnet,bing,40/60,0.13666667,0.006666666666666667,0.26666666666666666
387,google,True,PGD,resnet,20/80,alexnet,bing,50/50,0.15333334,0.0,0.30666666666666664
388,google,True,PGD,resnet,20/80,resnet,bing,20/80,0.120000005,0.09333333333333334,0.14666666666666667
389,google,True,PGD,resnet,20/80,resnet,bing,30/70,0.093333334,0.04,0.14666666666666667
390,google,True,PGD,resnet,20/80,resnet,bing,40/60,0.24666667,0.006666666666666667,0.4866666666666667
391,google,True,PGD,resnet,20/80,resnet,bing,50/50,0.26000002,0.006666666666666667,0.5133333333333333
392,google,True,PGD,resnet,20/80,vgg,bing,20/80,0.043333333,0.07333333333333333,0.013333333333333334
393,google,True,PGD,resnet,20/80,vgg,bing,30/70,0.060000002,0.02,0.1
394,google,True,PGD,resnet,20/80,vgg,bing,40/60,0.08,0.02666666666666667,0.13333333333333333
395,google,True,PGD,resnet,20/80,vgg,bing,50/50,0.093333334,0.013333333333333334,0.17333333333333334
396,google,True,PGD,resnet,20/80,alexnet,google,20/80,0.098305084,0.0,0.19333333333333333
397,google,True,PGD,resnet,20/80,alexnet,google,30/70,0.15254237,0.0,0.30405405405405406
398,google,True,PGD,resnet,20/80,alexnet,google,40/60,0.1418919,0.0,0.28187919463087246
399,google,True,PGD,resnet,20/80,alexnet,google,50/50,0.14864865,0.0,0.3013698630136986
400,google,True,PGD,resnet,20/80,resnet,google,20/80,0.22297297,0.0410958904109589,0.4
401,google,True,PGD,resnet,20/80,resnet,google,30/70,0.12080537,0.02027027027027027,0.22
402,google,True,PGD,resnet,20/80,resnet,google,40/60,0.25252524,0.0,0.5067567567567568
403,google,True,PGD,resnet,20/80,resnet,google,50/50,0.2027027,0.0,0.40816326530612246
404,google,True,PGD,resnet,20/80,vgg,google,20/80,0.047138046,0.027210884353741496,0.06666666666666667
405,google,True,PGD,resnet,20/80,vgg,google,30/70,0.08361204,0.013422818791946308,0.15333333333333332
406,google,True,PGD,resnet,20/80,vgg,google,40/60,0.09731544,0.006711409395973154,0.18791946308724833
407,google,True,PGD,resnet,20/80,vgg,google,50/50,0.09731544,0.006711409395973154,0.18791946308724833
408,google,True,PGD,resnet,30/70,alexnet,bing,20/80,0.05666667,0.006666666666666667,0.10666666666666667
409,google,True,PGD,resnet,30/70,alexnet,bing,30/70,0.03666667,0.013333333333333334,0.06
410,google,True,PGD,resnet,30/70,alexnet,bing,40/60,0.13666667,0.006666666666666667,0.26666666666666666
411,google,True,PGD,resnet,30/70,alexnet,bing,50/50,0.16666667,0.0,0.3333333333333333
412,google,True,PGD,resnet,30/70,resnet,bing,20/80,0.13000001,0.08666666666666667,0.17333333333333334
413,google,True,PGD,resnet,30/70,resnet,bing,30/70,0.16,0.05333333333333334,0.26666666666666666
414,google,True,PGD,resnet,30/70,resnet,bing,40/60,0.27666667,0.006666666666666667,0.5466666666666666
415,google,True,PGD,resnet,30/70,resnet,bing,50/50,0.28333333,0.006666666666666667,0.56
416,google,True,PGD,resnet,30/70,vgg,bing,20/80,0.053333335,0.08666666666666667,0.02
417,google,True,PGD,resnet,30/70,vgg,bing,30/70,0.07333334,0.02666666666666667,0.12
418,google,True,PGD,resnet,30/70,vgg,bing,40/60,0.1,0.02666666666666667,0.17333333333333334
419,google,True,PGD,resnet,30/70,vgg,bing,50/50,0.13000001,0.013333333333333334,0.24666666666666667
420,google,True,PGD,resnet,30/70,alexnet,google,20/80,0.094915256,0.0,0.18666666666666668
421,google,True,PGD,resnet,30/70,alexnet,google,30/70,0.14237288,0.0,0.28378378378378377
422,google,True,PGD,resnet,30/70,alexnet,google,40/60,0.13851352,0.0,0.2751677852348993
423,google,True,PGD,resnet,30/70,alexnet,google,50/50,0.15202703,0.0,0.3082191780821918
424,google,True,PGD,resnet,30/70,resnet,google,20/80,0.18581082,0.0136986301369863,0.35333333333333333
425,google,True,PGD,resnet,30/70,resnet,google,30/70,0.18120806,0.02702702702702703,0.3333333333333333
426,google,True,PGD,resnet,30/70,resnet,google,40/60,0.28282827,0.0,0.5675675675675675
427,google,True,PGD,resnet,30/70,resnet,google,50/50,0.24662162,0.0,0.4965986394557823
428,google,True,PGD,resnet,30/70,vgg,google,20/80,0.06734007,0.034013605442176874,0.1
429,google,True,PGD,resnet,30/70,vgg,google,30/70,0.10033445,0.020134228187919462,0.18
430,google,True,PGD,resnet,30/70,vgg,google,40/60,0.10738255,0.006711409395973154,0.2080536912751678
431,google,True,PGD,resnet,30/70,vgg,google,50/50,0.110738255,0.006711409395973154,0.21476510067114093
432,google,True,PGD,resnet,40/60,alexnet,bing,20/80,0.060000002,0.006666666666666667,0.11333333333333333
433,google,True,PGD,resnet,40/60,alexnet,bing,30/70,0.030000001,0.0,0.06
434,google,True,PGD,resnet,40/60,alexnet,bing,40/60,0.15,0.006666666666666667,0.29333333333333333
435,google,True,PGD,resnet,40/60,alexnet,bing,50/50,0.17,0.0,0.34
436,google,True,PGD,resnet,40/60,resnet,bing,20/80,0.123333335,0.08666666666666667,0.16
437,google,True,PGD,resnet,40/60,resnet,bing,30/70,0.11,0.04666666666666667,0.17333333333333334
438,google,True,PGD,resnet,40/60,resnet,bing,40/60,0.31333333,0.02,0.6066666666666667
439,google,True,PGD,resnet,40/60,resnet,bing,50/50,0.29666668,0.0,0.5933333333333334
440,google,True,PGD,resnet,40/60,vgg,bing,20/80,0.06333333,0.10666666666666667,0.02
441,google,True,PGD,resnet,40/60,vgg,bing,30/70,0.06666667,0.02,0.11333333333333333
