,source_dataset,isMath,attack,source_model,source_balancing,target_model,target_dataset,target_balancing,asr,asr_0,asr_1
0,bing,False,GaussianNoise,alexnet,20/80,alexnet,bing,20/80,0.25680932,0.3893805309734513,0.1527777777777778
1,bing,False,GaussianNoise,alexnet,20/80,alexnet,bing,30/70,0.23773585,0.3467741935483871,0.14184397163120568
2,bing,False,GaussianNoise,alexnet,20/80,alexnet,bing,40/60,0.229927,0.26277372262773724,0.19708029197080293
3,bing,False,GaussianNoise,alexnet,20/80,alexnet,bing,50/50,0.16423358,0.09285714285714286,0.23880597014925373
4,bing,False,GaussianNoise,alexnet,20/80,resnet,bing,20/80,0.11510792,0.08270676691729323,0.14482758620689656
5,bing,False,GaussianNoise,alexnet,20/80,resnet,bing,30/70,0.1048951,0.1276595744680851,0.08275862068965517
6,bing,False,GaussianNoise,alexnet,20/80,resnet,bing,40/60,0.16197182,0.08391608391608392,0.24113475177304963
7,bing,False,GaussianNoise,alexnet,20/80,resnet,bing,50/50,0.1701389,0.0684931506849315,0.2746478873239437
8,bing,False,GaussianNoise,alexnet,20/80,vgg,bing,20/80,0.13718411,0.06766917293233082,0.2013888888888889
9,bing,False,GaussianNoise,alexnet,20/80,vgg,bing,30/70,0.14079422,0.044444444444444446,0.2323943661971831
10,bing,False,GaussianNoise,alexnet,20/80,vgg,bing,40/60,0.28268552,0.04895104895104895,0.5214285714285715
11,bing,False,GaussianNoise,alexnet,20/80,vgg,bing,50/50,0.2535211,0.04195804195804196,0.46808510638297873
12,bing,False,GaussianNoise,alexnet,20/80,alexnet,google,20/80,0.32666668,0.4866666666666667,0.16666666666666666
13,bing,False,GaussianNoise,alexnet,20/80,alexnet,google,30/70,0.27333334,0.25333333333333335,0.29333333333333333
14,bing,False,GaussianNoise,alexnet,20/80,alexnet,google,40/60,0.27,0.3,0.24
15,bing,False,GaussianNoise,alexnet,20/80,alexnet,google,50/50,0.26666668,0.12,0.41333333333333333
16,bing,False,GaussianNoise,alexnet,20/80,resnet,google,20/80,0.18333334,0.20666666666666667,0.16
17,bing,False,GaussianNoise,alexnet,20/80,resnet,google,30/70,0.23333333,0.11333333333333333,0.35333333333333333
18,bing,False,GaussianNoise,alexnet,20/80,resnet,google,40/60,0.31666666,0.02,0.6133333333333333
19,bing,False,GaussianNoise,alexnet,20/80,resnet,google,50/50,0.32,0.013333333333333334,0.6266666666666667
20,bing,False,GaussianNoise,alexnet,20/80,vgg,google,20/80,0.26666668,0.18,0.35333333333333333
21,bing,False,GaussianNoise,alexnet,20/80,vgg,google,30/70,0.36333334,0.03333333333333333,0.6933333333333334
22,bing,False,GaussianNoise,alexnet,20/80,vgg,google,40/60,0.41,0.0,0.82
23,bing,False,GaussianNoise,alexnet,20/80,vgg,google,50/50,0.45333335,0.0,0.9066666666666666
24,bing,False,GaussianNoise,alexnet,30/70,alexnet,bing,20/80,0.25291827,0.34513274336283184,0.18055555555555555
25,bing,False,GaussianNoise,alexnet,30/70,alexnet,bing,30/70,0.26415095,0.3629032258064516,0.1773049645390071
26,bing,False,GaussianNoise,alexnet,30/70,alexnet,bing,40/60,0.24087591,0.26277372262773724,0.21897810218978103
27,bing,False,GaussianNoise,alexnet,30/70,alexnet,bing,50/50,0.17518248,0.10714285714285714,0.2462686567164179
28,bing,False,GaussianNoise,alexnet,30/70,resnet,bing,20/80,0.11510792,0.09774436090225563,0.1310344827586207
29,bing,False,GaussianNoise,alexnet,30/70,resnet,bing,30/70,0.13286713,0.14893617021276595,0.11724137931034483
30,bing,False,GaussianNoise,alexnet,30/70,resnet,bing,40/60,0.14788732,0.055944055944055944,0.24113475177304963
31,bing,False,GaussianNoise,alexnet,30/70,resnet,bing,50/50,0.18402778,0.0684931506849315,0.3028169014084507
32,bing,False,GaussianNoise,alexnet,30/70,vgg,bing,20/80,0.1299639,0.07518796992481203,0.18055555555555555
33,bing,False,GaussianNoise,alexnet,30/70,vgg,bing,30/70,0.15523465,0.06666666666666667,0.23943661971830985
34,bing,False,GaussianNoise,alexnet,30/70,vgg,bing,40/60,0.27561837,0.03496503496503497,0.5214285714285715
35,bing,False,GaussianNoise,alexnet,30/70,vgg,bing,50/50,0.24295774,0.027972027972027972,0.46099290780141844
36,bing,False,GaussianNoise,alexnet,30/70,alexnet,google,20/80,0.31333333,0.46,0.16666666666666666
37,bing,False,GaussianNoise,alexnet,30/70,alexnet,google,30/70,0.28,0.26666666666666666,0.29333333333333333
38,bing,False,GaussianNoise,alexnet,30/70,alexnet,google,40/60,0.27333334,0.31333333333333335,0.23333333333333334
39,bing,False,GaussianNoise,alexnet,30/70,alexnet,google,50/50,0.26333335,0.12666666666666668,0.4
40,bing,False,GaussianNoise,alexnet,30/70,resnet,google,20/80,0.2,0.26,0.14
41,bing,False,GaussianNoise,alexnet,30/70,resnet,google,30/70,0.23666668,0.12,0.35333333333333333
42,bing,False,GaussianNoise,alexnet,30/70,resnet,google,40/60,0.31666666,0.013333333333333334,0.62
43,bing,False,GaussianNoise,alexnet,30/70,resnet,google,50/50,0.32666668,0.013333333333333334,0.64
44,bing,False,GaussianNoise,alexnet,30/70,vgg,google,20/80,0.27333334,0.2,0.3466666666666667
45,bing,False,GaussianNoise,alexnet,30/70,vgg,google,30/70,0.35333335,0.02666666666666667,0.68
46,bing,False,GaussianNoise,alexnet,30/70,vgg,google,40/60,0.40666667,0.0,0.8133333333333334
47,bing,False,GaussianNoise,alexnet,30/70,vgg,google,50/50,0.46,0.0,0.92
48,bing,False,GaussianNoise,alexnet,40/60,alexnet,bing,20/80,0.24513619,0.36283185840707965,0.1527777777777778
49,bing,False,GaussianNoise,alexnet,40/60,alexnet,bing,30/70,0.25660378,0.3790322580645161,0.14893617021276595
50,bing,False,GaussianNoise,alexnet,40/60,alexnet,bing,40/60,0.2080292,0.24087591240875914,0.17518248175182483
51,bing,False,GaussianNoise,alexnet,40/60,alexnet,bing,50/50,0.16058394,0.09285714285714286,0.23134328358208955
52,bing,False,GaussianNoise,alexnet,40/60,resnet,bing,20/80,0.11510792,0.09774436090225563,0.1310344827586207
53,bing,False,GaussianNoise,alexnet,40/60,resnet,bing,30/70,0.115384616,0.12056737588652482,0.1103448275862069
54,bing,False,GaussianNoise,alexnet,40/60,resnet,bing,40/60,0.15845071,0.08391608391608392,0.23404255319148937
55,bing,False,GaussianNoise,alexnet,40/60,resnet,bing,50/50,0.1701389,0.0684931506849315,0.2746478873239437
56,bing,False,GaussianNoise,alexnet,40/60,vgg,bing,20/80,0.1299639,0.06766917293233082,0.1875
57,bing,False,GaussianNoise,alexnet,40/60,vgg,bing,30/70,0.14801444,0.05185185185185185,0.23943661971830985
58,bing,False,GaussianNoise,alexnet,40/60,vgg,bing,40/60,0.2862191,0.04195804195804196,0.5357142857142857
59,bing,False,GaussianNoise,alexnet,40/60,vgg,bing,50/50,0.26760563,0.04195804195804196,0.49645390070921985
60,bing,False,GaussianNoise,alexnet,40/60,alexnet,google,20/80,0.31,0.4666666666666667,0.15333333333333332
61,bing,False,GaussianNoise,alexnet,40/60,alexnet,google,30/70,0.26333335,0.24666666666666667,0.28
62,bing,False,GaussianNoise,alexnet,40/60,alexnet,google,40/60,0.26333335,0.3,0.22666666666666666
63,bing,False,GaussianNoise,alexnet,40/60,alexnet,google,50/50,0.26333335,0.12666666666666668,0.4
64,bing,False,GaussianNoise,alexnet,40/60,resnet,google,20/80,0.17666668,0.22666666666666666,0.12666666666666668
65,bing,False,GaussianNoise,alexnet,40/60,resnet,google,30/70,0.26333335,0.13333333333333333,0.3933333333333333
66,bing,False,GaussianNoise,alexnet,40/60,resnet,google,40/60,0.32666668,0.02,0.6333333333333333
67,bing,False,GaussianNoise,alexnet,40/60,resnet,google,50/50,0.32,0.013333333333333334,0.6266666666666667
68,bing,False,GaussianNoise,alexnet,40/60,vgg,google,20/80,0.26000002,0.18,0.34
69,bing,False,GaussianNoise,alexnet,40/60,vgg,google,30/70,0.35333335,0.03333333333333333,0.6733333333333333
70,bing,False,GaussianNoise,alexnet,40/60,vgg,google,40/60,0.40666667,0.0,0.8133333333333334
71,bing,False,GaussianNoise,alexnet,40/60,vgg,google,50/50,0.46,0.0,0.92
72,bing,False,GaussianNoise,alexnet,50/50,alexnet,bing,20/80,0.25680932,0.3805309734513274,0.1597222222222222
73,bing,False,GaussianNoise,alexnet,50/50,alexnet,bing,30/70,0.24528302,0.3709677419354839,0.1347517730496454
74,bing,False,GaussianNoise,alexnet,50/50,alexnet,bing,40/60,0.22262773,0.24817518248175183,0.19708029197080293
75,bing,False,GaussianNoise,alexnet,50/50,alexnet,bing,50/50,0.16423358,0.12142857142857143,0.208955223880597
76,bing,False,GaussianNoise,alexnet,50/50,resnet,bing,20/80,0.11510792,0.09774436090225563,0.1310344827586207
77,bing,False,GaussianNoise,alexnet,50/50,resnet,bing,30/70,0.0979021,0.12056737588652482,0.07586206896551724
78,bing,False,GaussianNoise,alexnet,50/50,resnet,bing,40/60,0.15140845,0.07692307692307693,0.22695035460992907
79,bing,False,GaussianNoise,alexnet,50/50,resnet,bing,50/50,0.16666667,0.07534246575342465,0.2605633802816901
80,bing,False,GaussianNoise,alexnet,50/50,vgg,bing,20/80,0.12635379,0.06766917293233082,0.18055555555555555
81,bing,False,GaussianNoise,alexnet,50/50,vgg,bing,30/70,0.16245487,0.06666666666666667,0.2535211267605634
82,bing,False,GaussianNoise,alexnet,50/50,vgg,bing,40/60,0.25795054,0.027972027972027972,0.4928571428571429
83,bing,False,GaussianNoise,alexnet,50/50,vgg,bing,50/50,0.23591548,0.04195804195804196,0.4326241134751773
84,bing,False,GaussianNoise,alexnet,50/50,alexnet,google,20/80,0.34333333,0.5133333333333333,0.17333333333333334
85,bing,False,GaussianNoise,alexnet,50/50,alexnet,google,30/70,0.27666667,0.24666666666666667,0.30666666666666664
86,bing,False,GaussianNoise,alexnet,50/50,alexnet,google,40/60,0.28,0.30666666666666664,0.25333333333333335
87,bing,False,GaussianNoise,alexnet,50/50,alexnet,google,50/50,0.27666667,0.12666666666666668,0.4266666666666667
88,bing,False,GaussianNoise,alexnet,50/50,resnet,google,20/80,0.2,0.24666666666666667,0.15333333333333332
89,bing,False,GaussianNoise,alexnet,50/50,resnet,google,30/70,0.26000002,0.12666666666666668,0.3933333333333333
90,bing,False,GaussianNoise,alexnet,50/50,resnet,google,40/60,0.33333334,0.02666666666666667,0.64
91,bing,False,GaussianNoise,alexnet,50/50,resnet,google,50/50,0.31666666,0.013333333333333334,0.62
92,bing,False,GaussianNoise,alexnet,50/50,vgg,google,20/80,0.28333333,0.20666666666666667,0.36
93,bing,False,GaussianNoise,alexnet,50/50,vgg,google,30/70,0.35666668,0.02666666666666667,0.6866666666666666
94,bing,False,GaussianNoise,alexnet,50/50,vgg,google,40/60,0.40333334,0.0,0.8066666666666666
95,bing,False,GaussianNoise,alexnet,50/50,vgg,google,50/50,0.46,0.0,0.92
96,bing,False,GaussianNoise,resnet,20/80,alexnet,bing,20/80,0.26070037,0.3893805309734513,0.1597222222222222
97,bing,False,GaussianNoise,resnet,20/80,alexnet,bing,30/70,0.24528302,0.3629032258064516,0.14184397163120568
98,bing,False,GaussianNoise,resnet,20/80,alexnet,bing,40/60,0.23357664,0.26277372262773724,0.20437956204379562
99,bing,False,GaussianNoise,resnet,20/80,alexnet,bing,50/50,0.17153284,0.12142857142857143,0.22388059701492538
100,bing,False,GaussianNoise,resnet,20/80,resnet,bing,20/80,0.12949641,0.10526315789473684,0.15172413793103448
101,bing,False,GaussianNoise,resnet,20/80,resnet,bing,30/70,0.13286713,0.15602836879432624,0.1103448275862069
102,bing,False,GaussianNoise,resnet,20/80,resnet,bing,40/60,0.14788732,0.09090909090909091,0.20567375886524822
103,bing,False,GaussianNoise,resnet,20/80,resnet,bing,50/50,0.17708333,0.0821917808219178,0.2746478873239437
104,bing,False,GaussianNoise,resnet,20/80,vgg,bing,20/80,0.15162455,0.09022556390977443,0.20833333333333334
105,bing,False,GaussianNoise,resnet,20/80,vgg,bing,30/70,0.16245487,0.06666666666666667,0.2535211267605634
106,bing,False,GaussianNoise,resnet,20/80,vgg,bing,40/60,0.29681978,0.03496503496503497,0.5642857142857143
107,bing,False,GaussianNoise,resnet,20/80,vgg,bing,50/50,0.26056337,0.03496503496503497,0.48936170212765956
108,bing,False,GaussianNoise,resnet,20/80,alexnet,google,20/80,0.33666667,0.5,0.17333333333333334
109,bing,False,GaussianNoise,resnet,20/80,alexnet,google,30/70,0.26666668,0.24,0.29333333333333333
110,bing,False,GaussianNoise,resnet,20/80,alexnet,google,40/60,0.27,0.29333333333333333,0.24666666666666667
111,bing,False,GaussianNoise,resnet,20/80,alexnet,google,50/50,0.27,0.12,0.42
112,bing,False,GaussianNoise,resnet,20/80,resnet,google,20/80,0.21666667,0.25333333333333335,0.18
113,bing,False,GaussianNoise,resnet,20/80,resnet,google,30/70,0.24333334,0.12,0.36666666666666664
114,bing,False,GaussianNoise,resnet,20/80,resnet,google,40/60,0.32666668,0.02666666666666667,0.6266666666666667
115,bing,False,GaussianNoise,resnet,20/80,resnet,google,50/50,0.32333335,0.02,0.6266666666666667
116,bing,False,GaussianNoise,resnet,20/80,vgg,google,20/80,0.29666668,0.21333333333333335,0.38
117,bing,False,GaussianNoise,resnet,20/80,vgg,google,30/70,0.34333333,0.013333333333333334,0.6733333333333333
118,bing,False,GaussianNoise,resnet,20/80,vgg,google,40/60,0.41,0.0,0.82
119,bing,False,GaussianNoise,resnet,20/80,vgg,google,50/50,0.46333334,0.0,0.9266666666666666
120,bing,False,GaussianNoise,resnet,30/70,alexnet,bing,20/80,0.25291827,0.37168141592920356,0.1597222222222222
121,bing,False,GaussianNoise,resnet,30/70,alexnet,bing,30/70,0.26037735,0.3629032258064516,0.1702127659574468
122,bing,False,GaussianNoise,resnet,30/70,alexnet,bing,40/60,0.24087591,0.24817518248175183,0.23357664233576642
123,bing,False,GaussianNoise,resnet,30/70,alexnet,bing,50/50,0.18613139,0.12857142857142856,0.2462686567164179
124,bing,False,GaussianNoise,resnet,30/70,resnet,bing,20/80,0.11870504,0.09774436090225563,0.13793103448275862
125,bing,False,GaussianNoise,resnet,30/70,resnet,bing,30/70,0.13636364,0.14893617021276595,0.12413793103448276
126,bing,False,GaussianNoise,resnet,30/70,resnet,bing,40/60,0.13732395,0.055944055944055944,0.2198581560283688
127,bing,False,GaussianNoise,resnet,30/70,resnet,bing,50/50,0.1701389,0.0547945205479452,0.2887323943661972
128,bing,False,GaussianNoise,resnet,30/70,vgg,bing,20/80,0.12635379,0.06015037593984962,0.1875
129,bing,False,GaussianNoise,resnet,30/70,vgg,bing,30/70,0.15884477,0.05185185185185185,0.2605633802816901
130,bing,False,GaussianNoise,resnet,30/70,vgg,bing,40/60,0.29328623,0.027972027972027972,0.5642857142857143
131,bing,False,GaussianNoise,resnet,30/70,vgg,bing,50/50,0.2535211,0.04195804195804196,0.46808510638297873
132,bing,False,GaussianNoise,resnet,30/70,alexnet,google,20/80,0.32333335,0.4866666666666667,0.16
133,bing,False,GaussianNoise,resnet,30/70,alexnet,google,30/70,0.27,0.25333333333333335,0.2866666666666667
134,bing,False,GaussianNoise,resnet,30/70,alexnet,google,40/60,0.27,0.28,0.26
135,bing,False,GaussianNoise,resnet,30/70,alexnet,google,50/50,0.28,0.14,0.42
136,bing,False,GaussianNoise,resnet,30/70,resnet,google,20/80,0.22666667,0.28,0.17333333333333334
137,bing,False,GaussianNoise,resnet,30/70,resnet,google,30/70,0.25333333,0.11333333333333333,0.3933333333333333
138,bing,False,GaussianNoise,resnet,30/70,resnet,google,40/60,0.33333334,0.02666666666666667,0.64
139,bing,False,GaussianNoise,resnet,30/70,resnet,google,50/50,0.34333333,0.006666666666666667,0.68
140,bing,False,GaussianNoise,resnet,30/70,vgg,google,20/80,0.27666667,0.20666666666666667,0.3466666666666667
141,bing,False,GaussianNoise,resnet,30/70,vgg,google,30/70,0.36666667,0.03333333333333333,0.7
142,bing,False,GaussianNoise,resnet,30/70,vgg,google,40/60,0.39666668,0.006666666666666667,0.7866666666666666
143,bing,False,GaussianNoise,resnet,30/70,vgg,google,50/50,0.4466667,0.0,0.8933333333333333
144,bing,False,GaussianNoise,resnet,40/60,alexnet,bing,20/80,0.25291827,0.37168141592920356,0.1597222222222222
145,bing,False,GaussianNoise,resnet,40/60,alexnet,bing,30/70,0.23773585,0.33064516129032256,0.15602836879432624
146,bing,False,GaussianNoise,resnet,40/60,alexnet,bing,40/60,0.22627737,0.21897810218978103,0.23357664233576642
147,bing,False,GaussianNoise,resnet,40/60,alexnet,bing,50/50,0.17153284,0.10714285714285714,0.23880597014925373
148,bing,False,GaussianNoise,resnet,40/60,resnet,bing,20/80,0.12230216,0.10526315789473684,0.13793103448275862
149,bing,False,GaussianNoise,resnet,40/60,resnet,bing,30/70,0.115384616,0.1276595744680851,0.10344827586206896
150,bing,False,GaussianNoise,resnet,40/60,resnet,bing,40/60,0.14788732,0.07692307692307693,0.2198581560283688
151,bing,False,GaussianNoise,resnet,40/60,resnet,bing,50/50,0.16666667,0.07534246575342465,0.2605633802816901
152,bing,False,GaussianNoise,resnet,40/60,vgg,bing,20/80,0.15523465,0.06766917293233082,0.2361111111111111
153,bing,False,GaussianNoise,resnet,40/60,vgg,bing,30/70,0.16606498,0.05925925925925926,0.2676056338028169
154,bing,False,GaussianNoise,resnet,40/60,vgg,bing,40/60,0.27915195,0.04195804195804196,0.5214285714285715
155,bing,False,GaussianNoise,resnet,40/60,vgg,bing,50/50,0.26056337,0.04895104895104895,0.475177304964539
156,bing,False,GaussianNoise,resnet,40/60,alexnet,google,20/80,0.32,0.4533333333333333,0.18666666666666668
157,bing,False,GaussianNoise,resnet,40/60,alexnet,google,30/70,0.28333333,0.25333333333333335,0.31333333333333335
158,bing,False,GaussianNoise,resnet,40/60,alexnet,google,40/60,0.27666667,0.30666666666666664,0.24666666666666667
159,bing,False,GaussianNoise,resnet,40/60,alexnet,google,50/50,0.26333335,0.10666666666666667,0.42
160,bing,False,GaussianNoise,resnet,40/60,resnet,google,20/80,0.21666667,0.24,0.19333333333333333
161,bing,False,GaussianNoise,resnet,40/60,resnet,google,30/70,0.23666668,0.10666666666666667,0.36666666666666664
162,bing,False,GaussianNoise,resnet,40/60,resnet,google,40/60,0.31666666,0.02,0.6133333333333333
163,bing,False,GaussianNoise,resnet,40/60,resnet,google,50/50,0.33666667,0.013333333333333334,0.66
164,bing,False,GaussianNoise,resnet,40/60,vgg,google,20/80,0.28666666,0.18666666666666668,0.38666666666666666
165,bing,False,GaussianNoise,resnet,40/60,vgg,google,30/70,0.34,0.02666666666666667,0.6533333333333333
166,bing,False,GaussianNoise,resnet,40/60,vgg,google,40/60,0.41,0.0,0.82
167,bing,False,GaussianNoise,resnet,40/60,vgg,google,50/50,0.46333334,0.0,0.9266666666666666
168,bing,False,GaussianNoise,resnet,50/50,alexnet,bing,20/80,0.26070037,0.3805309734513274,0.16666666666666666
169,bing,False,GaussianNoise,resnet,50/50,alexnet,bing,30/70,0.24528302,0.3467741935483871,0.15602836879432624
170,bing,False,GaussianNoise,resnet,50/50,alexnet,bing,40/60,0.22262773,0.24817518248175183,0.19708029197080293
171,bing,False,GaussianNoise,resnet,50/50,alexnet,bing,50/50,0.18248175,0.11428571428571428,0.2537313432835821
172,bing,False,GaussianNoise,resnet,50/50,resnet,bing,20/80,0.11151079,0.07518796992481203,0.14482758620689656
173,bing,False,GaussianNoise,resnet,50/50,resnet,bing,30/70,0.115384616,0.10638297872340426,0.12413793103448276
174,bing,False,GaussianNoise,resnet,50/50,resnet,bing,40/60,0.15845071,0.06993006993006994,0.24822695035460993
175,bing,False,GaussianNoise,resnet,50/50,resnet,bing,50/50,0.15972222,0.0684931506849315,0.2535211267605634
176,bing,False,GaussianNoise,resnet,50/50,vgg,bing,20/80,0.14440434,0.08270676691729323,0.2013888888888889
177,bing,False,GaussianNoise,resnet,50/50,vgg,bing,30/70,0.15884477,0.05185185185185185,0.2605633802816901
178,bing,False,GaussianNoise,resnet,50/50,vgg,bing,40/60,0.27915195,0.03496503496503497,0.5285714285714286
179,bing,False,GaussianNoise,resnet,50/50,vgg,bing,50/50,0.2640845,0.04195804195804196,0.48936170212765956
180,bing,False,GaussianNoise,resnet,50/50,alexnet,google,20/80,0.32333335,0.47333333333333333,0.17333333333333334
181,bing,False,GaussianNoise,resnet,50/50,alexnet,google,30/70,0.27333334,0.25333333333333335,0.29333333333333333
182,bing,False,GaussianNoise,resnet,50/50,alexnet,google,40/60,0.26000002,0.28,0.24
183,bing,False,GaussianNoise,resnet,50/50,alexnet,google,50/50,0.27333334,0.13333333333333333,0.41333333333333333
184,bing,False,GaussianNoise,resnet,50/50,resnet,google,20/80,0.20333333,0.24,0.16666666666666666
185,bing,False,GaussianNoise,resnet,50/50,resnet,google,30/70,0.24333334,0.12,0.36666666666666664
186,bing,False,GaussianNoise,resnet,50/50,resnet,google,40/60,0.31333333,0.006666666666666667,0.62
187,bing,False,GaussianNoise,resnet,50/50,resnet,google,50/50,0.31,0.013333333333333334,0.6066666666666667
188,bing,False,GaussianNoise,resnet,50/50,vgg,google,20/80,0.28666666,0.21333333333333335,0.36
189,bing,False,GaussianNoise,resnet,50/50,vgg,google,30/70,0.36666667,0.04,0.6933333333333334
190,bing,False,GaussianNoise,resnet,50/50,vgg,google,40/60,0.41333336,0.006666666666666667,0.82
191,bing,False,GaussianNoise,resnet,50/50,vgg,google,50/50,0.45666668,0.0,0.9133333333333333
192,bing,False,GaussianNoise,vgg,20/80,alexnet,bing,20/80,0.25291827,0.35398230088495575,0.1736111111111111
193,bing,False,GaussianNoise,vgg,20/80,alexnet,bing,30/70,0.2528302,0.3790322580645161,0.14184397163120568
194,bing,False,GaussianNoise,vgg,20/80,alexnet,bing,40/60,0.229927,0.25547445255474455,0.20437956204379562
195,bing,False,GaussianNoise,vgg,20/80,alexnet,bing,50/50,0.14233577,0.1,0.1865671641791045
196,bing,False,GaussianNoise,vgg,20/80,resnet,bing,20/80,0.11870504,0.09022556390977443,0.14482758620689656
197,bing,False,GaussianNoise,vgg,20/80,resnet,bing,30/70,0.11888112,0.1276595744680851,0.1103448275862069
198,bing,False,GaussianNoise,vgg,20/80,resnet,bing,40/60,0.14788732,0.06993006993006994,0.22695035460992907
199,bing,False,GaussianNoise,vgg,20/80,resnet,bing,50/50,0.17708333,0.07534246575342465,0.28169014084507044
200,bing,False,GaussianNoise,vgg,20/80,vgg,bing,20/80,0.15162455,0.07518796992481203,0.2222222222222222
201,bing,False,GaussianNoise,vgg,20/80,vgg,bing,30/70,0.16606498,0.05925925925925926,0.2676056338028169
202,bing,False,GaussianNoise,vgg,20/80,vgg,bing,40/60,0.28268552,0.027972027972027972,0.5428571428571428
203,bing,False,GaussianNoise,vgg,20/80,vgg,bing,50/50,0.26760563,0.04895104895104895,0.48936170212765956
204,bing,False,GaussianNoise,vgg,20/80,alexnet,google,20/80,0.32333335,0.4866666666666667,0.16
205,bing,False,GaussianNoise,vgg,20/80,alexnet,google,30/70,0.26333335,0.25333333333333335,0.2733333333333333
206,bing,False,GaussianNoise,vgg,20/80,alexnet,google,40/60,0.28333333,0.3,0.26666666666666666
207,bing,False,GaussianNoise,vgg,20/80,alexnet,google,50/50,0.26333335,0.13333333333333333,0.3933333333333333
208,bing,False,GaussianNoise,vgg,20/80,resnet,google,20/80,0.22,0.26,0.18
209,bing,False,GaussianNoise,vgg,20/80,resnet,google,30/70,0.25666666,0.12,0.3933333333333333
210,bing,False,GaussianNoise,vgg,20/80,resnet,google,40/60,0.33333334,0.03333333333333333,0.6333333333333333
211,bing,False,GaussianNoise,vgg,20/80,resnet,google,50/50,0.32666668,0.013333333333333334,0.64
212,bing,False,GaussianNoise,vgg,20/80,vgg,google,20/80,0.26666668,0.18,0.35333333333333333
213,bing,False,GaussianNoise,vgg,20/80,vgg,google,30/70,0.35666668,0.03333333333333333,0.68
214,bing,False,GaussianNoise,vgg,20/80,vgg,google,40/60,0.4,0.0,0.8
215,bing,False,GaussianNoise,vgg,20/80,vgg,google,50/50,0.46,0.0,0.92
216,bing,False,GaussianNoise,vgg,30/70,alexnet,bing,20/80,0.22568093,0.34513274336283184,0.13194444444444445
217,bing,False,GaussianNoise,vgg,30/70,alexnet,bing,30/70,0.23773585,0.3467741935483871,0.14184397163120568
218,bing,False,GaussianNoise,vgg,30/70,alexnet,bing,40/60,0.22262773,0.24087591240875914,0.20437956204379562
219,bing,False,GaussianNoise,vgg,30/70,alexnet,bing,50/50,0.16058394,0.12142857142857143,0.20149253731343283
220,bing,False,GaussianNoise,vgg,30/70,resnet,bing,20/80,0.10431655,0.09022556390977443,0.11724137931034483
221,bing,False,GaussianNoise,vgg,30/70,resnet,bing,30/70,0.1013986,0.10638297872340426,0.09655172413793103
222,bing,False,GaussianNoise,vgg,30/70,resnet,bing,40/60,0.13380282,0.055944055944055944,0.2127659574468085
223,bing,False,GaussianNoise,vgg,30/70,resnet,bing,50/50,0.16666667,0.0684931506849315,0.2676056338028169
224,bing,False,GaussianNoise,vgg,30/70,vgg,bing,20/80,0.13718411,0.05263157894736842,0.2152777777777778
225,bing,False,GaussianNoise,vgg,30/70,vgg,bing,30/70,0.14801444,0.044444444444444446,0.24647887323943662
226,bing,False,GaussianNoise,vgg,30/70,vgg,bing,40/60,0.26855123,0.04195804195804196,0.5
227,bing,False,GaussianNoise,vgg,30/70,vgg,bing,50/50,0.24647887,0.03496503496503497,0.46099290780141844
228,bing,False,GaussianNoise,vgg,30/70,alexnet,google,20/80,0.29666668,0.44666666666666666,0.14666666666666667
229,bing,False,GaussianNoise,vgg,30/70,alexnet,google,30/70,0.25333333,0.24,0.26666666666666666
230,bing,False,GaussianNoise,vgg,30/70,alexnet,google,40/60,0.28333333,0.3,0.26666666666666666
231,bing,False,GaussianNoise,vgg,30/70,alexnet,google,50/50,0.26000002,0.12,0.4
232,bing,False,GaussianNoise,vgg,30/70,resnet,google,20/80,0.19666667,0.22,0.17333333333333334
233,bing,False,GaussianNoise,vgg,30/70,resnet,google,30/70,0.24333334,0.11333333333333333,0.37333333333333335
234,bing,False,GaussianNoise,vgg,30/70,resnet,google,40/60,0.31666666,0.03333333333333333,0.6
235,bing,False,GaussianNoise,vgg,30/70,resnet,google,50/50,0.32,0.02,0.62
236,bing,False,GaussianNoise,vgg,30/70,vgg,google,20/80,0.29333335,0.21333333333333335,0.37333333333333335
237,bing,False,GaussianNoise,vgg,30/70,vgg,google,30/70,0.33666667,0.03333333333333333,0.64
238,bing,False,GaussianNoise,vgg,30/70,vgg,google,40/60,0.40333334,0.0,0.8066666666666666
239,bing,False,GaussianNoise,vgg,30/70,vgg,google,50/50,0.45000002,0.0,0.9
240,bing,False,GaussianNoise,vgg,40/60,alexnet,bing,20/80,0.18677042,0.23893805309734514,0.14583333333333334
241,bing,False,GaussianNoise,vgg,40/60,alexnet,bing,30/70,0.2,0.21774193548387097,0.18439716312056736
242,bing,False,GaussianNoise,vgg,40/60,alexnet,bing,40/60,0.16058394,0.10218978102189781,0.21897810218978103
243,bing,False,GaussianNoise,vgg,40/60,alexnet,bing,50/50,0.12043796,0.02857142857142857,0.21641791044776118
244,bing,False,GaussianNoise,vgg,40/60,resnet,bing,20/80,0.08992806,0.06015037593984962,0.11724137931034483
245,bing,False,GaussianNoise,vgg,40/60,resnet,bing,30/70,0.09440559,0.07801418439716312,0.1103448275862069
246,bing,False,GaussianNoise,vgg,40/60,resnet,bing,40/60,0.12676056,0.04195804195804196,0.2127659574468085
247,bing,False,GaussianNoise,vgg,40/60,resnet,bing,50/50,0.15972222,0.0547945205479452,0.2676056338028169
248,bing,False,GaussianNoise,vgg,40/60,vgg,bing,20/80,0.11191335,0.03007518796992481,0.1875
249,bing,False,GaussianNoise,vgg,40/60,vgg,bing,30/70,0.14440434,0.037037037037037035,0.24647887323943662
250,bing,False,GaussianNoise,vgg,40/60,vgg,bing,40/60,0.25441697,0.02097902097902098,0.4928571428571429
251,bing,False,GaussianNoise,vgg,40/60,vgg,bing,50/50,0.23239437,0.027972027972027972,0.4397163120567376
252,bing,False,GaussianNoise,vgg,40/60,alexnet,google,20/80,0.27333334,0.36666666666666664,0.18
253,bing,False,GaussianNoise,vgg,40/60,alexnet,google,30/70,0.24000001,0.18,0.3
254,bing,False,GaussianNoise,vgg,40/60,alexnet,google,40/60,0.23333333,0.18,0.2866666666666667
255,bing,False,GaussianNoise,vgg,40/60,alexnet,google,50/50,0.26000002,0.09333333333333334,0.4266666666666667
256,bing,False,GaussianNoise,vgg,40/60,resnet,google,20/80,0.18333334,0.20666666666666667,0.16
257,bing,False,GaussianNoise,vgg,40/60,resnet,google,30/70,0.20666668,0.1,0.31333333333333335
258,bing,False,GaussianNoise,vgg,40/60,resnet,google,40/60,0.29000002,0.02,0.56
259,bing,False,GaussianNoise,vgg,40/60,resnet,google,50/50,0.28333333,0.013333333333333334,0.5533333333333333
260,bing,False,GaussianNoise,vgg,40/60,vgg,google,20/80,0.24666667,0.17333333333333334,0.32
261,bing,False,GaussianNoise,vgg,40/60,vgg,google,30/70,0.31333333,0.02666666666666667,0.6
262,bing,False,GaussianNoise,vgg,40/60,vgg,google,40/60,0.35,0.0,0.7
263,bing,False,GaussianNoise,vgg,40/60,vgg,google,50/50,0.4,0.0,0.8
264,bing,False,GaussianNoise,vgg,50/50,alexnet,bing,20/80,0.26459143,0.34513274336283184,0.2013888888888889
265,bing,False,GaussianNoise,vgg,50/50,alexnet,bing,30/70,0.23396227,0.33064516129032256,0.14893617021276595
266,bing,False,GaussianNoise,vgg,50/50,alexnet,bing,40/60,0.23357664,0.24817518248175183,0.21897810218978103
267,bing,False,GaussianNoise,vgg,50/50,alexnet,bing,50/50,0.16058394,0.09285714285714286,0.23134328358208955
268,bing,False,GaussianNoise,vgg,50/50,resnet,bing,20/80,0.11510792,0.08270676691729323,0.14482758620689656
269,bing,False,GaussianNoise,vgg,50/50,resnet,bing,30/70,0.09440559,0.10638297872340426,0.08275862068965517
270,bing,False,GaussianNoise,vgg,50/50,resnet,bing,40/60,0.16549295,0.055944055944055944,0.2765957446808511
271,bing,False,GaussianNoise,vgg,50/50,resnet,bing,50/50,0.19097222,0.06164383561643835,0.323943661971831
272,bing,False,GaussianNoise,vgg,50/50,vgg,bing,20/80,0.1768953,0.08270676691729323,0.2638888888888889
273,bing,False,GaussianNoise,vgg,50/50,vgg,bing,30/70,0.1732852,0.06666666666666667,0.2746478873239437
274,bing,False,GaussianNoise,vgg,50/50,vgg,bing,40/60,0.28268552,0.03496503496503497,0.5357142857142857
275,bing,False,GaussianNoise,vgg,50/50,vgg,bing,50/50,0.26760563,0.04195804195804196,0.49645390070921985
276,bing,False,GaussianNoise,vgg,50/50,alexnet,google,20/80,0.31666666,0.47333333333333333,0.16
277,bing,False,GaussianNoise,vgg,50/50,alexnet,google,30/70,0.27,0.25333333333333335,0.2866666666666667
278,bing,False,GaussianNoise,vgg,50/50,alexnet,google,40/60,0.28,0.3,0.26
279,bing,False,GaussianNoise,vgg,50/50,alexnet,google,50/50,0.27,0.12,0.42
280,bing,False,GaussianNoise,vgg,50/50,resnet,google,20/80,0.20666668,0.23333333333333334,0.18
281,bing,False,GaussianNoise,vgg,50/50,resnet,google,30/70,0.25666666,0.12,0.3933333333333333
282,bing,False,GaussianNoise,vgg,50/50,resnet,google,40/60,0.32333335,0.02,0.6266666666666667
283,bing,False,GaussianNoise,vgg,50/50,resnet,google,50/50,0.32333335,0.006666666666666667,0.64
284,bing,False,GaussianNoise,vgg,50/50,vgg,google,20/80,0.27,0.2,0.34
285,bing,False,GaussianNoise,vgg,50/50,vgg,google,30/70,0.35,0.02666666666666667,0.6733333333333333
286,bing,False,GaussianNoise,vgg,50/50,vgg,google,40/60,0.40666667,0.0,0.8133333333333334
287,bing,False,GaussianNoise,vgg,50/50,vgg,google,50/50,0.45333335,0.0,0.9066666666666666
288,google,False,GaussianNoise,alexnet,20/80,alexnet,bing,20/80,0.28666666,0.54,0.03333333333333333
289,google,False,GaussianNoise,alexnet,20/80,alexnet,bing,30/70,0.27,0.4866666666666667,0.05333333333333334
290,google,False,GaussianNoise,alexnet,20/80,alexnet,bing,40/60,0.26333335,0.35333333333333333,0.17333333333333334
291,google,False,GaussianNoise,alexnet,20/80,alexnet,bing,50/50,0.18333334,0.18,0.18666666666666668
292,google,False,GaussianNoise,alexnet,20/80,resnet,bing,20/80,0.17666668,0.21333333333333335,0.14
293,google,False,GaussianNoise,alexnet,20/80,resnet,bing,30/70,0.17,0.2,0.14
294,google,False,GaussianNoise,alexnet,20/80,resnet,bing,40/60,0.20333333,0.12,0.2866666666666667
295,google,False,GaussianNoise,alexnet,20/80,resnet,bing,50/50,0.20666668,0.07333333333333333,0.34
296,google,False,GaussianNoise,alexnet,20/80,vgg,bing,20/80,0.19,0.18,0.2
297,google,False,GaussianNoise,alexnet,20/80,vgg,bing,30/70,0.19333334,0.14,0.24666666666666667
298,google,False,GaussianNoise,alexnet,20/80,vgg,bing,40/60,0.29000002,0.04666666666666667,0.5333333333333333
299,google,False,GaussianNoise,alexnet,20/80,vgg,bing,50/50,0.27333334,0.05333333333333334,0.49333333333333335
300,google,False,GaussianNoise,alexnet,20/80,alexnet,google,20/80,0.16872427,0.3300970873786408,0.05
301,google,False,GaussianNoise,alexnet,20/80,alexnet,google,30/70,0.101167314,0.11016949152542373,0.09352517985611511
302,google,False,GaussianNoise,alexnet,20/80,alexnet,google,40/60,0.121673,0.15503875968992248,0.08955223880597014
303,google,False,GaussianNoise,alexnet,20/80,alexnet,google,50/50,0.09848485,0.0661764705882353,0.1328125
304,google,False,GaussianNoise,alexnet,20/80,resnet,google,20/80,0.11235955,0.07317073170731707,0.14583333333333334
305,google,False,GaussianNoise,alexnet,20/80,resnet,google,30/70,0.13533835,0.0546875,0.21014492753623187
306,google,False,GaussianNoise,alexnet,20/80,resnet,google,40/60,0.24452555,0.013986013986013986,0.4961832061068702
307,google,False,GaussianNoise,alexnet,20/80,resnet,google,50/50,0.25735295,0.013986013986013986,0.5271317829457365
308,google,False,GaussianNoise,alexnet,20/80,vgg,google,20/80,0.15413535,0.11864406779661017,0.18243243243243243
309,google,False,GaussianNoise,alexnet,20/80,vgg,google,30/70,0.30215827,0.029197080291970802,0.5673758865248227
310,google,False,GaussianNoise,alexnet,20/80,vgg,google,40/60,0.36727273,0.007142857142857143,0.7407407407407407
311,google,False,GaussianNoise,alexnet,20/80,vgg,google,50/50,0.42279413,0.0,0.8712121212121212
312,google,False,GaussianNoise,alexnet,30/70,alexnet,bing,20/80,0.27,0.5,0.04
313,google,False,GaussianNoise,alexnet,30/70,alexnet,bing,30/70,0.26333335,0.4666666666666667,0.06
314,google,False,GaussianNoise,alexnet,30/70,alexnet,bing,40/60,0.24333334,0.3333333333333333,0.15333333333333332
315,google,False,GaussianNoise,alexnet,30/70,alexnet,bing,50/50,0.18666667,0.18666666666666668,0.18666666666666668
316,google,False,GaussianNoise,alexnet,30/70,resnet,bing,20/80,0.16,0.18,0.14
317,google,False,GaussianNoise,alexnet,30/70,resnet,bing,30/70,0.17,0.21333333333333335,0.12666666666666668
318,google,False,GaussianNoise,alexnet,30/70,resnet,bing,40/60,0.20333333,0.11333333333333333,0.29333333333333333
319,google,False,GaussianNoise,alexnet,30/70,resnet,bing,50/50,0.21000001,0.06,0.36
320,google,False,GaussianNoise,alexnet,30/70,vgg,bing,20/80,0.21666667,0.22,0.21333333333333335
321,google,False,GaussianNoise,alexnet,30/70,vgg,bing,30/70,0.18666667,0.14,0.23333333333333334
322,google,False,GaussianNoise,alexnet,30/70,vgg,bing,40/60,0.26000002,0.04666666666666667,0.47333333333333333
323,google,False,GaussianNoise,alexnet,30/70,vgg,bing,50/50,0.25666666,0.04666666666666667,0.4666666666666667
324,google,False,GaussianNoise,alexnet,30/70,alexnet,google,20/80,0.17283951,0.34951456310679613,0.04285714285714286
325,google,False,GaussianNoise,alexnet,30/70,alexnet,google,30/70,0.09727626,0.1016949152542373,0.09352517985611511
326,google,False,GaussianNoise,alexnet,30/70,alexnet,google,40/60,0.11787072,0.14728682170542637,0.08955223880597014
327,google,False,GaussianNoise,alexnet,30/70,alexnet,google,50/50,0.125,0.11029411764705882,0.140625
328,google,False,GaussianNoise,alexnet,30/70,resnet,google,20/80,0.12734082,0.0975609756097561,0.1527777777777778
329,google,False,GaussianNoise,alexnet,30/70,resnet,google,30/70,0.13533835,0.0546875,0.21014492753623187
330,google,False,GaussianNoise,alexnet,30/70,resnet,google,40/60,0.2080292,0.0,0.4351145038167939
331,google,False,GaussianNoise,alexnet,30/70,resnet,google,50/50,0.25367647,0.013986013986013986,0.5193798449612403
332,google,False,GaussianNoise,alexnet,30/70,vgg,google,20/80,0.17669174,0.1440677966101695,0.20270270270270271
333,google,False,GaussianNoise,alexnet,30/70,vgg,google,30/70,0.26978418,0.014598540145985401,0.5177304964539007
334,google,False,GaussianNoise,alexnet,30/70,vgg,google,40/60,0.35272726,0.0,0.7185185185185186
335,google,False,GaussianNoise,alexnet,30/70,vgg,google,50/50,0.39338234,0.0,0.8106060606060606
336,google,False,GaussianNoise,alexnet,40/60,alexnet,bing,20/80,0.3,0.56,0.04
337,google,False,GaussianNoise,alexnet,40/60,alexnet,bing,30/70,0.26666668,0.4866666666666667,0.04666666666666667
338,google,False,GaussianNoise,alexnet,40/60,alexnet,bing,40/60,0.22333334,0.31333333333333335,0.13333333333333333
339,google,False,GaussianNoise,alexnet,40/60,alexnet,bing,50/50,0.18666667,0.16,0.21333333333333335
340,google,False,GaussianNoise,alexnet,40/60,resnet,bing,20/80,0.17666668,0.20666666666666667,0.14666666666666667
341,google,False,GaussianNoise,alexnet,40/60,resnet,bing,30/70,0.17666668,0.2,0.15333333333333332
342,google,False,GaussianNoise,alexnet,40/60,resnet,bing,40/60,0.19333334,0.12,0.26666666666666666
343,google,False,GaussianNoise,alexnet,40/60,resnet,bing,50/50,0.20666668,0.08,0.3333333333333333
344,google,False,GaussianNoise,alexnet,40/60,vgg,bing,20/80,0.21333334,0.21333333333333335,0.21333333333333335
345,google,False,GaussianNoise,alexnet,40/60,vgg,bing,30/70,0.22,0.16666666666666666,0.2733333333333333
346,google,False,GaussianNoise,alexnet,40/60,vgg,bing,40/60,0.29666668,0.04666666666666667,0.5466666666666666
347,google,False,GaussianNoise,alexnet,40/60,vgg,bing,50/50,0.31,0.04,0.58
348,google,False,GaussianNoise,alexnet,40/60,alexnet,google,20/80,0.17695473,0.34951456310679613,0.05
349,google,False,GaussianNoise,alexnet,40/60,alexnet,google,30/70,0.09338521,0.09322033898305085,0.09352517985611511
350,google,False,GaussianNoise,alexnet,40/60,alexnet,google,40/60,0.121673,0.13953488372093023,0.1044776119402985
351,google,False,GaussianNoise,alexnet,40/60,alexnet,google,50/50,0.121212125,0.09558823529411764,0.1484375
352,google,False,GaussianNoise,alexnet,40/60,resnet,google,20/80,0.09737828,0.06504065040650407,0.125
353,google,False,GaussianNoise,alexnet,40/60,resnet,google,30/70,0.13157895,0.0625,0.1956521739130435
354,google,False,GaussianNoise,alexnet,40/60,resnet,google,40/60,0.25547445,0.02097902097902098,0.5114503816793893
355,google,False,GaussianNoise,alexnet,40/60,resnet,google,50/50,0.25735295,0.006993006993006993,0.5348837209302325
356,google,False,GaussianNoise,alexnet,40/60,vgg,google,20/80,0.16165414,0.1016949152542373,0.20945945945945946
357,google,False,GaussianNoise,alexnet,40/60,vgg,google,30/70,0.29856116,0.021897810218978103,0.5673758865248227
358,google,False,GaussianNoise,alexnet,40/60,vgg,google,40/60,0.36363637,0.0,0.7407407407407407
359,google,False,GaussianNoise,alexnet,40/60,vgg,google,50/50,0.42647058,0.0,0.8787878787878788
360,google,False,GaussianNoise,alexnet,50/50,alexnet,bing,20/80,0.29666668,0.5466666666666666,0.04666666666666667
361,google,False,GaussianNoise,alexnet,50/50,alexnet,bing,30/70,0.28,0.49333333333333335,0.06666666666666667
362,google,False,GaussianNoise,alexnet,50/50,alexnet,bing,40/60,0.24666667,0.34,0.15333333333333332
363,google,False,GaussianNoise,alexnet,50/50,alexnet,bing,50/50,0.22,0.21333333333333335,0.22666666666666666
364,google,False,GaussianNoise,alexnet,50/50,resnet,bing,20/80,0.17666668,0.2,0.15333333333333332
365,google,False,GaussianNoise,alexnet,50/50,resnet,bing,30/70,0.19,0.23333333333333334,0.14666666666666667
366,google,False,GaussianNoise,alexnet,50/50,resnet,bing,40/60,0.20666668,0.12,0.29333333333333333
367,google,False,GaussianNoise,alexnet,50/50,resnet,bing,50/50,0.23666668,0.10666666666666667,0.36666666666666664
368,google,False,GaussianNoise,alexnet,50/50,vgg,bing,20/80,0.22666667,0.23333333333333334,0.22
369,google,False,GaussianNoise,alexnet,50/50,vgg,bing,30/70,0.22666667,0.17333333333333334,0.28
370,google,False,GaussianNoise,alexnet,50/50,vgg,bing,40/60,0.26000002,0.04,0.48
371,google,False,GaussianNoise,alexnet,50/50,vgg,bing,50/50,0.28666666,0.04666666666666667,0.5266666666666666
372,google,False,GaussianNoise,alexnet,50/50,alexnet,google,20/80,0.16460904,0.3106796116504854,0.05714285714285714
373,google,False,GaussianNoise,alexnet,50/50,alexnet,google,30/70,0.09338521,0.0847457627118644,0.10071942446043165
374,google,False,GaussianNoise,alexnet,50/50,alexnet,google,40/60,0.121673,0.15503875968992248,0.08955223880597014
375,google,False,GaussianNoise,alexnet,50/50,alexnet,google,50/50,0.13636364,0.11029411764705882,0.1640625
376,google,False,GaussianNoise,alexnet,50/50,resnet,google,20/80,0.11985019,0.08130081300813008,0.1527777777777778
377,google,False,GaussianNoise,alexnet,50/50,resnet,google,30/70,0.16165414,0.0859375,0.2318840579710145
378,google,False,GaussianNoise,alexnet,50/50,resnet,google,40/60,0.24817517,0.013986013986013986,0.5038167938931297
379,google,False,GaussianNoise,alexnet,50/50,resnet,google,50/50,0.25367647,0.013986013986013986,0.5193798449612403
380,google,False,GaussianNoise,alexnet,50/50,vgg,google,20/80,0.16541354,0.11016949152542373,0.20945945945945946
381,google,False,GaussianNoise,alexnet,50/50,vgg,google,30/70,0.29856116,0.0072992700729927005,0.5815602836879432
382,google,False,GaussianNoise,alexnet,50/50,vgg,google,40/60,0.34545454,0.0,0.7037037037037037
383,google,False,GaussianNoise,alexnet,50/50,vgg,google,50/50,0.4117647,0.0,0.8484848484848485
384,google,False,GaussianNoise,resnet,20/80,alexnet,bing,20/80,0.29333335,0.5533333333333333,0.03333333333333333
385,google,False,GaussianNoise,resnet,20/80,alexnet,bing,30/70,0.28666666,0.5066666666666667,0.06666666666666667
386,google,False,GaussianNoise,resnet,20/80,alexnet,bing,40/60,0.26333335,0.35333333333333333,0.17333333333333334
