,source_dataset,isMath,attack,source_model,source_balancing,target_model,target_dataset,target_balancing,asr,asr_0,asr_1
0,bing,True,DeepFool,alexnet,20/80,alexnet,bing,20/80,0.10465116,0.06140350877192982,0.1388888888888889
1,bing,True,DeepFool,alexnet,20/80,alexnet,bing,30/70,0.06792453,0.03225806451612903,0.09929078014184398
2,bing,True,DeepFool,alexnet,20/80,alexnet,bing,40/60,0.061594203,0.014492753623188406,0.10869565217391304
3,bing,True,DeepFool,alexnet,20/80,alexnet,bing,50/50,0.04779412,0.007194244604316547,0.09022556390977443
4,bing,True,DeepFool,alexnet,20/80,resnet,bing,20/80,0.02166065,0.007575757575757576,0.034482758620689655
5,bing,True,DeepFool,alexnet,20/80,resnet,bing,30/70,0.02097902,0.0070921985815602835,0.034482758620689655
6,bing,True,DeepFool,alexnet,20/80,resnet,bing,40/60,0.06338028,0.006993006993006993,0.12056737588652482
7,bing,True,DeepFool,alexnet,20/80,resnet,bing,50/50,0.083333336,0.00684931506849315,0.1619718309859155
8,bing,True,DeepFool,alexnet,20/80,vgg,bing,20/80,0.0433213,0.007518796992481203,0.0763888888888889
9,bing,True,DeepFool,alexnet,20/80,vgg,bing,30/70,0.054151624,0.007407407407407408,0.09859154929577464
10,bing,True,DeepFool,alexnet,20/80,vgg,bing,40/60,0.14487633,0.0,0.29285714285714287
11,bing,True,DeepFool,alexnet,20/80,vgg,bing,50/50,0.09507042,0.0,0.19148936170212766
12,bing,True,DeepFool,alexnet,20/80,alexnet,google,20/80,0.22,0.37333333333333335,0.06666666666666667
13,bing,True,DeepFool,alexnet,20/80,alexnet,google,30/70,0.19666667,0.20666666666666667,0.18666666666666668
14,bing,True,DeepFool,alexnet,20/80,alexnet,google,40/60,0.12666667,0.12666666666666668,0.12666666666666668
15,bing,True,DeepFool,alexnet,20/80,alexnet,google,50/50,0.16,0.10666666666666667,0.21333333333333335
16,bing,True,DeepFool,alexnet,20/80,resnet,google,20/80,0.15,0.23333333333333334,0.06666666666666667
17,bing,True,DeepFool,alexnet,20/80,resnet,google,30/70,0.18,0.16,0.2
18,bing,True,DeepFool,alexnet,20/80,resnet,google,40/60,0.26333335,0.06,0.4666666666666667
19,bing,True,DeepFool,alexnet,20/80,resnet,google,50/50,0.29666668,0.05333333333333334,0.54
20,bing,True,DeepFool,alexnet,20/80,vgg,google,20/80,0.20333333,0.24,0.16666666666666666
21,bing,True,DeepFool,alexnet,20/80,vgg,google,30/70,0.35,0.11333333333333333,0.5866666666666667
22,bing,True,DeepFool,alexnet,20/80,vgg,google,40/60,0.3866667,0.07333333333333333,0.7
23,bing,True,DeepFool,alexnet,20/80,vgg,google,50/50,0.4466667,0.05333333333333334,0.84
24,bing,True,DeepFool,alexnet,30/70,alexnet,bing,20/80,0.07364341,0.11403508771929824,0.041666666666666664
25,bing,True,DeepFool,alexnet,30/70,alexnet,bing,30/70,0.11320755,0.0967741935483871,0.1276595744680851
26,bing,True,DeepFool,alexnet,30/70,alexnet,bing,40/60,0.07971015,0.07246376811594203,0.08695652173913043
27,bing,True,DeepFool,alexnet,30/70,alexnet,bing,50/50,0.05882353,0.050359712230215826,0.06766917293233082
28,bing,True,DeepFool,alexnet,30/70,resnet,bing,20/80,0.0433213,0.045454545454545456,0.041379310344827586
29,bing,True,DeepFool,alexnet,30/70,resnet,bing,30/70,0.04895105,0.04964539007092199,0.04827586206896552
30,bing,True,DeepFool,alexnet,30/70,resnet,bing,40/60,0.07042253,0.04195804195804196,0.09929078014184398
31,bing,True,DeepFool,alexnet,30/70,resnet,bing,50/50,0.055555556,0.0136986301369863,0.09859154929577464
32,bing,True,DeepFool,alexnet,30/70,vgg,bing,20/80,0.032490976,0.022556390977443608,0.041666666666666664
33,bing,True,DeepFool,alexnet,30/70,vgg,bing,30/70,0.0433213,0.014814814814814815,0.07042253521126761
34,bing,True,DeepFool,alexnet,30/70,vgg,bing,40/60,0.09187279,0.006993006993006993,0.17857142857142858
35,bing,True,DeepFool,alexnet,30/70,vgg,bing,50/50,0.059859153,0.006993006993006993,0.11347517730496454
36,bing,True,DeepFool,alexnet,30/70,alexnet,google,20/80,0.21666667,0.42,0.013333333333333334
37,bing,True,DeepFool,alexnet,30/70,alexnet,google,30/70,0.23666668,0.24,0.23333333333333334
38,bing,True,DeepFool,alexnet,30/70,alexnet,google,40/60,0.13333334,0.16666666666666666,0.1
39,bing,True,DeepFool,alexnet,30/70,alexnet,google,50/50,0.16,0.13333333333333333,0.18666666666666668
40,bing,True,DeepFool,alexnet,30/70,resnet,google,20/80,0.13333334,0.23333333333333334,0.03333333333333333
41,bing,True,DeepFool,alexnet,30/70,resnet,google,30/70,0.14,0.16666666666666666,0.11333333333333333
42,bing,True,DeepFool,alexnet,30/70,resnet,google,40/60,0.22,0.08,0.36
43,bing,True,DeepFool,alexnet,30/70,resnet,google,50/50,0.26333335,0.05333333333333334,0.47333333333333333
44,bing,True,DeepFool,alexnet,30/70,vgg,google,20/80,0.17,0.2733333333333333,0.06666666666666667
45,bing,True,DeepFool,alexnet,30/70,vgg,google,30/70,0.29000002,0.10666666666666667,0.47333333333333333
46,bing,True,DeepFool,alexnet,30/70,vgg,google,40/60,0.35,0.07333333333333333,0.6266666666666667
47,bing,True,DeepFool,alexnet,30/70,vgg,google,50/50,0.41333336,0.05333333333333334,0.7733333333333333
48,bing,True,DeepFool,alexnet,40/60,alexnet,bing,20/80,0.14728682,0.30701754385964913,0.020833333333333332
49,bing,True,DeepFool,alexnet,40/60,alexnet,bing,30/70,0.13584906,0.2661290322580645,0.02127659574468085
50,bing,True,DeepFool,alexnet,40/60,alexnet,bing,40/60,0.13043478,0.2246376811594203,0.036231884057971016
51,bing,True,DeepFool,alexnet,40/60,alexnet,bing,50/50,0.113970585,0.20863309352517986,0.015037593984962405
52,bing,True,DeepFool,alexnet,40/60,resnet,bing,20/80,0.08303249,0.16666666666666666,0.006896551724137931
53,bing,True,DeepFool,alexnet,40/60,resnet,bing,30/70,0.0979021,0.1702127659574468,0.027586206896551724
54,bing,True,DeepFool,alexnet,40/60,resnet,bing,40/60,0.09859155,0.16083916083916083,0.03546099290780142
55,bing,True,DeepFool,alexnet,40/60,resnet,bing,50/50,0.09375,0.1506849315068493,0.035211267605633804
56,bing,True,DeepFool,alexnet,40/60,vgg,bing,20/80,0.0866426,0.15789473684210525,0.020833333333333332
57,bing,True,DeepFool,alexnet,40/60,vgg,bing,30/70,0.08303249,0.13333333333333333,0.035211267605633804
58,bing,True,DeepFool,alexnet,40/60,vgg,bing,40/60,0.1024735,0.11188811188811189,0.09285714285714286
59,bing,True,DeepFool,alexnet,40/60,vgg,bing,50/50,0.08450704,0.11188811188811189,0.05673758865248227
60,bing,True,DeepFool,alexnet,40/60,alexnet,google,20/80,0.25666666,0.5066666666666667,0.006666666666666667
61,bing,True,DeepFool,alexnet,40/60,alexnet,google,30/70,0.25666666,0.36666666666666664,0.14666666666666667
62,bing,True,DeepFool,alexnet,40/60,alexnet,google,40/60,0.18666667,0.30666666666666664,0.06666666666666667
63,bing,True,DeepFool,alexnet,40/60,alexnet,google,50/50,0.21000001,0.28,0.14
64,bing,True,DeepFool,alexnet,40/60,resnet,google,20/80,0.17666668,0.3333333333333333,0.02
65,bing,True,DeepFool,alexnet,40/60,resnet,google,30/70,0.16666667,0.25333333333333335,0.08
66,bing,True,DeepFool,alexnet,40/60,resnet,google,40/60,0.17666668,0.13333333333333333,0.22
67,bing,True,DeepFool,alexnet,40/60,resnet,google,50/50,0.28,0.08666666666666667,0.47333333333333333
68,bing,True,DeepFool,alexnet,40/60,vgg,google,20/80,0.20333333,0.37333333333333335,0.03333333333333333
69,bing,True,DeepFool,alexnet,40/60,vgg,google,30/70,0.23666668,0.16,0.31333333333333335
70,bing,True,DeepFool,alexnet,40/60,vgg,google,40/60,0.29000002,0.09333333333333334,0.4866666666666667
71,bing,True,DeepFool,alexnet,40/60,vgg,google,50/50,0.4,0.06666666666666667,0.7333333333333333
72,bing,True,DeepFool,alexnet,50/50,alexnet,bing,20/80,0.2248062,0.45614035087719296,0.041666666666666664
73,bing,True,DeepFool,alexnet,50/50,alexnet,bing,30/70,0.2,0.4032258064516129,0.02127659574468085
74,bing,True,DeepFool,alexnet,50/50,alexnet,bing,40/60,0.20289856,0.34782608695652173,0.057971014492753624
75,bing,True,DeepFool,alexnet,50/50,alexnet,bing,50/50,0.20588236,0.35251798561151076,0.05263157894736842
76,bing,True,DeepFool,alexnet,50/50,resnet,bing,20/80,0.16245487,0.3333333333333333,0.006896551724137931
77,bing,True,DeepFool,alexnet,50/50,resnet,bing,30/70,0.17132866,0.3191489361702128,0.027586206896551724
78,bing,True,DeepFool,alexnet,50/50,resnet,bing,40/60,0.15845071,0.27972027972027974,0.03546099290780142
79,bing,True,DeepFool,alexnet,50/50,resnet,bing,50/50,0.1701389,0.273972602739726,0.06338028169014084
80,bing,True,DeepFool,alexnet,50/50,vgg,bing,20/80,0.16245487,0.3082706766917293,0.027777777777777776
81,bing,True,DeepFool,alexnet,50/50,vgg,bing,30/70,0.15162455,0.2814814814814815,0.028169014084507043
82,bing,True,DeepFool,alexnet,50/50,vgg,bing,40/60,0.12720849,0.16083916083916083,0.09285714285714286
83,bing,True,DeepFool,alexnet,50/50,vgg,bing,50/50,0.12676056,0.20279720279720279,0.04964539007092199
84,bing,True,DeepFool,alexnet,50/50,alexnet,google,20/80,0.32,0.6133333333333333,0.02666666666666667
85,bing,True,DeepFool,alexnet,50/50,alexnet,google,30/70,0.31666666,0.48,0.15333333333333332
86,bing,True,DeepFool,alexnet,50/50,alexnet,google,40/60,0.27666667,0.4533333333333333,0.1
87,bing,True,DeepFool,alexnet,50/50,alexnet,google,50/50,0.29000002,0.38666666666666666,0.19333333333333333
88,bing,True,DeepFool,alexnet,50/50,resnet,google,20/80,0.24333334,0.4533333333333333,0.03333333333333333
89,bing,True,DeepFool,alexnet,50/50,resnet,google,30/70,0.24333334,0.36,0.12666666666666668
90,bing,True,DeepFool,alexnet,50/50,resnet,google,40/60,0.21000001,0.20666666666666667,0.21333333333333335
91,bing,True,DeepFool,alexnet,50/50,resnet,google,50/50,0.28333333,0.12,0.44666666666666666
92,bing,True,DeepFool,alexnet,50/50,vgg,google,20/80,0.25,0.44666666666666666,0.05333333333333334
93,bing,True,DeepFool,alexnet,50/50,vgg,google,30/70,0.19,0.17333333333333334,0.20666666666666667
94,bing,True,DeepFool,alexnet,50/50,vgg,google,40/60,0.19666667,0.10666666666666667,0.2866666666666667
95,bing,True,DeepFool,alexnet,50/50,vgg,google,50/50,0.31,0.06,0.56
96,bing,True,DeepFool,resnet,20/80,alexnet,bing,20/80,0.07364341,0.0,0.13194444444444445
97,bing,True,DeepFool,resnet,20/80,alexnet,bing,30/70,0.056603774,0.0,0.10638297872340426
98,bing,True,DeepFool,resnet,20/80,alexnet,bing,40/60,0.061594203,0.0,0.12318840579710146
99,bing,True,DeepFool,resnet,20/80,alexnet,bing,50/50,0.05882353,0.0,0.12030075187969924
100,bing,True,DeepFool,resnet,20/80,resnet,bing,20/80,0.18050541,0.015151515151515152,0.3310344827586207
101,bing,True,DeepFool,resnet,20/80,resnet,bing,30/70,0.08041958,0.0070921985815602835,0.15172413793103448
102,bing,True,DeepFool,resnet,20/80,resnet,bing,40/60,0.16901408,0.006993006993006993,0.3333333333333333
103,bing,True,DeepFool,resnet,20/80,resnet,bing,50/50,0.27083334,0.0,0.5492957746478874
104,bing,True,DeepFool,resnet,20/80,vgg,bing,20/80,0.0866426,0.0,0.16666666666666666
105,bing,True,DeepFool,resnet,20/80,vgg,bing,30/70,0.10469314,0.0,0.20422535211267606
106,bing,True,DeepFool,resnet,20/80,vgg,bing,40/60,0.17667845,0.0,0.35714285714285715
107,bing,True,DeepFool,resnet,20/80,vgg,bing,50/50,0.109154925,0.0,0.2198581560283688
108,bing,True,DeepFool,resnet,20/80,alexnet,google,20/80,0.2,0.35333333333333333,0.04666666666666667
109,bing,True,DeepFool,resnet,20/80,alexnet,google,30/70,0.16,0.17333333333333334,0.14666666666666667
110,bing,True,DeepFool,resnet,20/80,alexnet,google,40/60,0.1,0.10666666666666667,0.09333333333333334
111,bing,True,DeepFool,resnet,20/80,alexnet,google,50/50,0.14666668,0.09333333333333334,0.2
112,bing,True,DeepFool,resnet,20/80,resnet,google,20/80,0.24000001,0.25333333333333335,0.22666666666666666
113,bing,True,DeepFool,resnet,20/80,resnet,google,30/70,0.28,0.16666666666666666,0.3933333333333333
114,bing,True,DeepFool,resnet,20/80,resnet,google,40/60,0.46666667,0.06666666666666667,0.8666666666666667
115,bing,True,DeepFool,resnet,20/80,resnet,google,50/50,0.5233334,0.06,0.9866666666666667
116,bing,True,DeepFool,resnet,20/80,vgg,google,20/80,0.19333334,0.25333333333333335,0.13333333333333333
117,bing,True,DeepFool,resnet,20/80,vgg,google,30/70,0.32333335,0.12,0.5266666666666666
118,bing,True,DeepFool,resnet,20/80,vgg,google,40/60,0.36,0.07333333333333333,0.6466666666666666
119,bing,True,DeepFool,resnet,20/80,vgg,google,50/50,0.45666668,0.06,0.8533333333333334
120,bing,True,DeepFool,resnet,30/70,alexnet,bing,20/80,0.065891474,0.0,0.11805555555555555
121,bing,True,DeepFool,resnet,30/70,alexnet,bing,30/70,0.079245284,0.0,0.14893617021276595
122,bing,True,DeepFool,resnet,30/70,alexnet,bing,40/60,0.09057971,0.0,0.18115942028985507
123,bing,True,DeepFool,resnet,30/70,alexnet,bing,50/50,0.08455882,0.0,0.17293233082706766
124,bing,True,DeepFool,resnet,30/70,resnet,bing,20/80,0.1299639,0.007575757575757576,0.2413793103448276
125,bing,True,DeepFool,resnet,30/70,resnet,bing,30/70,0.21328671,0.0070921985815602835,0.41379310344827586
126,bing,True,DeepFool,resnet,30/70,resnet,bing,40/60,0.20774648,0.0,0.41843971631205673
127,bing,True,DeepFool,resnet,30/70,resnet,bing,50/50,0.28125,0.0,0.5704225352112676
128,bing,True,DeepFool,resnet,30/70,vgg,bing,20/80,0.115523465,0.0,0.2222222222222222
129,bing,True,DeepFool,resnet,30/70,vgg,bing,30/70,0.16967508,0.0,0.33098591549295775
130,bing,True,DeepFool,resnet,30/70,vgg,bing,40/60,0.28268552,0.006993006993006993,0.5642857142857143
131,bing,True,DeepFool,resnet,30/70,vgg,bing,50/50,0.24295774,0.0,0.48936170212765956
132,bing,True,DeepFool,resnet,30/70,alexnet,google,20/80,0.24333334,0.3466666666666667,0.14
133,bing,True,DeepFool,resnet,30/70,alexnet,google,30/70,0.19333334,0.17333333333333334,0.21333333333333335
134,bing,True,DeepFool,resnet,30/70,alexnet,google,40/60,0.17,0.10666666666666667,0.23333333333333334
135,bing,True,DeepFool,resnet,30/70,alexnet,google,50/50,0.20333333,0.09333333333333334,0.31333333333333335
136,bing,True,DeepFool,resnet,30/70,resnet,google,20/80,0.25666666,0.22666666666666666,0.2866666666666667
137,bing,True,DeepFool,resnet,30/70,resnet,google,30/70,0.41333336,0.16,0.6666666666666666
138,bing,True,DeepFool,resnet,30/70,resnet,google,40/60,0.43,0.06666666666666667,0.7933333333333333
139,bing,True,DeepFool,resnet,30/70,resnet,google,50/50,0.47,0.06,0.88
140,bing,True,DeepFool,resnet,30/70,vgg,google,20/80,0.26000002,0.24666666666666667,0.2733333333333333
141,bing,True,DeepFool,resnet,30/70,vgg,google,30/70,0.32666668,0.12,0.5333333333333333
142,bing,True,DeepFool,resnet,30/70,vgg,google,40/60,0.36333334,0.07333333333333333,0.6533333333333333
143,bing,True,DeepFool,resnet,30/70,vgg,google,50/50,0.44,0.06,0.82
144,bing,True,DeepFool,resnet,40/60,alexnet,bing,20/80,0.07364341,0.043859649122807015,0.09722222222222222
145,bing,True,DeepFool,resnet,40/60,alexnet,bing,30/70,0.08301887,0.008064516129032258,0.14893617021276595
146,bing,True,DeepFool,resnet,40/60,alexnet,bing,40/60,0.09057971,0.007246376811594203,0.17391304347826086
147,bing,True,DeepFool,resnet,40/60,alexnet,bing,50/50,0.0882353,0.0,0.18045112781954886
148,bing,True,DeepFool,resnet,40/60,resnet,bing,20/80,0.11191335,0.05303030303030303,0.16551724137931034
149,bing,True,DeepFool,resnet,40/60,resnet,bing,30/70,0.15384614,0.05673758865248227,0.2482758620689655
150,bing,True,DeepFool,resnet,40/60,resnet,bing,40/60,0.28169012,0.027972027972027972,0.5390070921985816
151,bing,True,DeepFool,resnet,40/60,resnet,bing,50/50,0.28125,0.0136986301369863,0.5563380281690141
152,bing,True,DeepFool,resnet,40/60,vgg,bing,20/80,0.11191335,0.022556390977443608,0.19444444444444445
153,bing,True,DeepFool,resnet,40/60,vgg,bing,30/70,0.14440434,0.014814814814814815,0.2676056338028169
154,bing,True,DeepFool,resnet,40/60,vgg,bing,40/60,0.24028268,0.006993006993006993,0.4785714285714286
155,bing,True,DeepFool,resnet,40/60,vgg,bing,50/50,0.22183098,0.013986013986013986,0.4326241134751773
156,bing,True,DeepFool,resnet,40/60,alexnet,google,20/80,0.23333333,0.3466666666666667,0.12
157,bing,True,DeepFool,resnet,40/60,alexnet,google,30/70,0.19,0.18,0.2
158,bing,True,DeepFool,resnet,40/60,alexnet,google,40/60,0.14666668,0.10666666666666667,0.18666666666666668
159,bing,True,DeepFool,resnet,40/60,alexnet,google,50/50,0.2,0.09333333333333334,0.30666666666666664
160,bing,True,DeepFool,resnet,40/60,resnet,google,20/80,0.24666667,0.24666666666666667,0.24666666666666667
161,bing,True,DeepFool,resnet,40/60,resnet,google,30/70,0.37333333,0.20666666666666667,0.54
162,bing,True,DeepFool,resnet,40/60,resnet,google,40/60,0.46,0.08,0.84
163,bing,True,DeepFool,resnet,40/60,resnet,google,50/50,0.4766667,0.08,0.8733333333333333
164,bing,True,DeepFool,resnet,40/60,vgg,google,20/80,0.25333333,0.26666666666666666,0.24
165,bing,True,DeepFool,resnet,40/60,vgg,google,30/70,0.31666666,0.13333333333333333,0.5
166,bing,True,DeepFool,resnet,40/60,vgg,google,40/60,0.35666668,0.07333333333333333,0.64
167,bing,True,DeepFool,resnet,40/60,vgg,google,50/50,0.4466667,0.05333333333333334,0.84
168,bing,True,DeepFool,resnet,50/50,alexnet,bing,20/80,0.07364341,0.02631578947368421,0.1111111111111111
169,bing,True,DeepFool,resnet,50/50,alexnet,bing,30/70,0.09811321,0.008064516129032258,0.1773049645390071
170,bing,True,DeepFool,resnet,50/50,alexnet,bing,40/60,0.108695656,0.007246376811594203,0.21014492753623187
171,bing,True,DeepFool,resnet,50/50,alexnet,bing,50/50,0.10294118,0.0,0.21052631578947367
172,bing,True,DeepFool,resnet,50/50,resnet,bing,20/80,0.12635379,0.045454545454545456,0.2
173,bing,True,DeepFool,resnet,50/50,resnet,bing,30/70,0.1923077,0.05673758865248227,0.32413793103448274
174,bing,True,DeepFool,resnet,50/50,resnet,bing,40/60,0.23239437,0.027972027972027972,0.4397163120567376
175,bing,True,DeepFool,resnet,50/50,resnet,bing,50/50,0.33680555,0.0273972602739726,0.6549295774647887
176,bing,True,DeepFool,resnet,50/50,vgg,bing,20/80,0.1299639,0.045112781954887216,0.20833333333333334
177,bing,True,DeepFool,resnet,50/50,vgg,bing,30/70,0.16606498,0.007407407407407408,0.31690140845070425
178,bing,True,DeepFool,resnet,50/50,vgg,bing,40/60,0.25795054,0.006993006993006993,0.5142857142857142
179,bing,True,DeepFool,resnet,50/50,vgg,bing,50/50,0.23591548,0.013986013986013986,0.46099290780141844
180,bing,True,DeepFool,resnet,50/50,alexnet,google,20/80,0.24333334,0.3466666666666667,0.14
181,bing,True,DeepFool,resnet,50/50,alexnet,google,30/70,0.19333334,0.18,0.20666666666666667
182,bing,True,DeepFool,resnet,50/50,alexnet,google,40/60,0.15,0.10666666666666667,0.19333333333333333
183,bing,True,DeepFool,resnet,50/50,alexnet,google,50/50,0.19333334,0.08666666666666667,0.3
184,bing,True,DeepFool,resnet,50/50,resnet,google,20/80,0.29666668,0.26666666666666666,0.32666666666666666
185,bing,True,DeepFool,resnet,50/50,resnet,google,30/70,0.37666667,0.20666666666666667,0.5466666666666666
186,bing,True,DeepFool,resnet,50/50,resnet,google,40/60,0.46,0.09333333333333334,0.8266666666666667
187,bing,True,DeepFool,resnet,50/50,resnet,google,50/50,0.50666666,0.08666666666666667,0.9266666666666666
188,bing,True,DeepFool,resnet,50/50,vgg,google,20/80,0.28,0.2866666666666667,0.2733333333333333
189,bing,True,DeepFool,resnet,50/50,vgg,google,30/70,0.34,0.14666666666666667,0.5333333333333333
190,bing,True,DeepFool,resnet,50/50,vgg,google,40/60,0.36666667,0.08,0.6533333333333333
191,bing,True,DeepFool,resnet,50/50,vgg,google,50/50,0.46666667,0.05333333333333334,0.88
192,bing,True,DeepFool,vgg,20/80,alexnet,bing,20/80,0.085271314,0.008771929824561403,0.14583333333333334
193,bing,True,DeepFool,vgg,20/80,alexnet,bing,30/70,0.086792454,0.008064516129032258,0.15602836879432624
194,bing,True,DeepFool,vgg,20/80,alexnet,bing,40/60,0.11231884,0.007246376811594203,0.21739130434782608
195,bing,True,DeepFool,vgg,20/80,alexnet,bing,50/50,0.080882356,0.0,0.16541353383458646
196,bing,True,DeepFool,vgg,20/80,resnet,bing,20/80,0.090252705,0.0,0.1724137931034483
197,bing,True,DeepFool,vgg,20/80,resnet,bing,30/70,0.1013986,0.0,0.2
198,bing,True,DeepFool,vgg,20/80,resnet,bing,40/60,0.13028169,0.0,0.2624113475177305
199,bing,True,DeepFool,vgg,20/80,resnet,bing,50/50,0.14236112,0.0,0.2887323943661972
200,bing,True,DeepFool,vgg,20/80,vgg,bing,20/80,0.4368231,0.022556390977443608,0.8194444444444444
201,bing,True,DeepFool,vgg,20/80,vgg,bing,30/70,0.4259928,0.022222222222222223,0.8098591549295775
202,bing,True,DeepFool,vgg,20/80,vgg,bing,40/60,0.44876325,0.006993006993006993,0.9
203,bing,True,DeepFool,vgg,20/80,vgg,bing,50/50,0.43309858,0.013986013986013986,0.8581560283687943
204,bing,True,DeepFool,vgg,20/80,alexnet,google,20/80,0.21000001,0.3466666666666667,0.07333333333333333
205,bing,True,DeepFool,vgg,20/80,alexnet,google,30/70,0.16333334,0.17333333333333334,0.15333333333333332
206,bing,True,DeepFool,vgg,20/80,alexnet,google,40/60,0.11666667,0.11333333333333333,0.12
207,bing,True,DeepFool,vgg,20/80,alexnet,google,50/50,0.18666667,0.09333333333333334,0.28
208,bing,True,DeepFool,vgg,20/80,resnet,google,20/80,0.20333333,0.23333333333333334,0.17333333333333334
209,bing,True,DeepFool,vgg,20/80,resnet,google,30/70,0.31,0.16666666666666666,0.4533333333333333
210,bing,True,DeepFool,vgg,20/80,resnet,google,40/60,0.40666667,0.06,0.7533333333333333
211,bing,True,DeepFool,vgg,20/80,resnet,google,50/50,0.45666668,0.05333333333333334,0.86
212,bing,True,DeepFool,vgg,20/80,vgg,google,20/80,0.42666668,0.28,0.5733333333333334
213,bing,True,DeepFool,vgg,20/80,vgg,google,30/70,0.53000003,0.13333333333333333,0.9266666666666666
214,bing,True,DeepFool,vgg,20/80,vgg,google,40/60,0.5233334,0.08,0.9666666666666667
215,bing,True,DeepFool,vgg,20/80,vgg,google,50/50,0.53000003,0.06666666666666667,0.9933333333333333
216,bing,True,DeepFool,vgg,30/70,alexnet,bing,20/80,0.09689923,0.017543859649122806,0.1597222222222222
217,bing,True,DeepFool,vgg,30/70,alexnet,bing,30/70,0.101886794,0.008064516129032258,0.18439716312056736
218,bing,True,DeepFool,vgg,30/70,alexnet,bing,40/60,0.11594203,0.007246376811594203,0.2246376811594203
219,bing,True,DeepFool,vgg,30/70,alexnet,bing,50/50,0.09191176,0.0,0.18796992481203006
220,bing,True,DeepFool,vgg,30/70,resnet,bing,20/80,0.10108303,0.0,0.19310344827586207
221,bing,True,DeepFool,vgg,30/70,resnet,bing,30/70,0.12937063,0.0,0.25517241379310346
222,bing,True,DeepFool,vgg,30/70,resnet,bing,40/60,0.14788732,0.0,0.2978723404255319
223,bing,True,DeepFool,vgg,30/70,resnet,bing,50/50,0.18055555,0.0,0.36619718309859156
224,bing,True,DeepFool,vgg,30/70,vgg,bing,20/80,0.39711192,0.022556390977443608,0.7430555555555556
225,bing,True,DeepFool,vgg,30/70,vgg,bing,30/70,0.4440433,0.02962962962962963,0.8380281690140845
226,bing,True,DeepFool,vgg,30/70,vgg,bing,40/60,0.4558304,0.0,0.9214285714285714
227,bing,True,DeepFool,vgg,30/70,vgg,bing,50/50,0.45422533,0.006993006993006993,0.9078014184397163
228,bing,True,DeepFool,vgg,30/70,alexnet,google,20/80,0.23,0.3466666666666667,0.11333333333333333
229,bing,True,DeepFool,vgg,30/70,alexnet,google,30/70,0.18,0.17333333333333334,0.18666666666666668
230,bing,True,DeepFool,vgg,30/70,alexnet,google,40/60,0.13666667,0.11333333333333333,0.16
231,bing,True,DeepFool,vgg,30/70,alexnet,google,50/50,0.18666667,0.09333333333333334,0.28
232,bing,True,DeepFool,vgg,30/70,resnet,google,20/80,0.23666668,0.23333333333333334,0.24
233,bing,True,DeepFool,vgg,30/70,resnet,google,30/70,0.33666667,0.16666666666666666,0.5066666666666667
234,bing,True,DeepFool,vgg,30/70,resnet,google,40/60,0.40666667,0.06666666666666667,0.7466666666666667
235,bing,True,DeepFool,vgg,30/70,resnet,google,50/50,0.45000002,0.05333333333333334,0.8466666666666667
236,bing,True,DeepFool,vgg,30/70,vgg,google,20/80,0.42333335,0.3,0.5466666666666666
237,bing,True,DeepFool,vgg,30/70,vgg,google,30/70,0.51666665,0.14666666666666667,0.8866666666666667
238,bing,True,DeepFool,vgg,30/70,vgg,google,40/60,0.51666665,0.08,0.9533333333333334
239,bing,True,DeepFool,vgg,30/70,vgg,google,50/50,0.53000003,0.06666666666666667,0.9933333333333333
240,bing,True,DeepFool,vgg,40/60,alexnet,bing,20/80,0.085271314,0.03508771929824561,0.125
241,bing,True,DeepFool,vgg,40/60,alexnet,bing,30/70,0.079245284,0.03225806451612903,0.12056737588652482
242,bing,True,DeepFool,vgg,40/60,alexnet,bing,40/60,0.08695652,0.007246376811594203,0.16666666666666666
243,bing,True,DeepFool,vgg,40/60,alexnet,bing,50/50,0.073529415,0.014388489208633094,0.13533834586466165
244,bing,True,DeepFool,vgg,40/60,resnet,bing,20/80,0.090252705,0.015151515151515152,0.15862068965517243
245,bing,True,DeepFool,vgg,40/60,resnet,bing,30/70,0.09440559,0.0070921985815602835,0.1793103448275862
246,bing,True,DeepFool,vgg,40/60,resnet,bing,40/60,0.12676056,0.006993006993006993,0.24822695035460993
247,bing,True,DeepFool,vgg,40/60,resnet,bing,50/50,0.15277778,0.0,0.30985915492957744
248,bing,True,DeepFool,vgg,40/60,vgg,bing,20/80,0.35740072,0.06015037593984962,0.6319444444444444
249,bing,True,DeepFool,vgg,40/60,vgg,bing,30/70,0.36823106,0.05925925925925926,0.6619718309859155
250,bing,True,DeepFool,vgg,40/60,vgg,bing,40/60,0.45229682,0.03496503496503497,0.8785714285714286
251,bing,True,DeepFool,vgg,40/60,vgg,bing,50/50,0.4084507,0.03496503496503497,0.7872340425531915
252,bing,True,DeepFool,vgg,40/60,alexnet,google,20/80,0.20666668,0.36666666666666664,0.04666666666666667
253,bing,True,DeepFool,vgg,40/60,alexnet,google,30/70,0.16666667,0.18666666666666668,0.14666666666666667
254,bing,True,DeepFool,vgg,40/60,alexnet,google,40/60,0.11,0.12666666666666668,0.09333333333333334
255,bing,True,DeepFool,vgg,40/60,alexnet,google,50/50,0.16,0.1,0.22
256,bing,True,DeepFool,vgg,40/60,resnet,google,20/80,0.24000001,0.28,0.2
257,bing,True,DeepFool,vgg,40/60,resnet,google,30/70,0.29333335,0.16666666666666666,0.42
258,bing,True,DeepFool,vgg,40/60,resnet,google,40/60,0.38333336,0.06666666666666667,0.7
259,bing,True,DeepFool,vgg,40/60,resnet,google,50/50,0.43,0.05333333333333334,0.8066666666666666
260,bing,True,DeepFool,vgg,40/60,vgg,google,20/80,0.38333336,0.31333333333333335,0.4533333333333333
261,bing,True,DeepFool,vgg,40/60,vgg,google,30/70,0.51666665,0.19333333333333333,0.84
262,bing,True,DeepFool,vgg,40/60,vgg,google,40/60,0.53333336,0.12,0.9466666666666667
263,bing,True,DeepFool,vgg,40/60,vgg,google,50/50,0.53000003,0.08,0.98
264,bing,True,DeepFool,vgg,50/50,alexnet,bing,20/80,0.07364341,0.017543859649122806,0.11805555555555555
265,bing,True,DeepFool,vgg,50/50,alexnet,bing,30/70,0.071698114,0.016129032258064516,0.12056737588652482
266,bing,True,DeepFool,vgg,50/50,alexnet,bing,40/60,0.083333336,0.014492753623188406,0.15217391304347827
267,bing,True,DeepFool,vgg,50/50,alexnet,bing,50/50,0.05514706,0.007194244604316547,0.10526315789473684
268,bing,True,DeepFool,vgg,50/50,resnet,bing,20/80,0.09747292,0.015151515151515152,0.1724137931034483
269,bing,True,DeepFool,vgg,50/50,resnet,bing,30/70,0.115384616,0.02127659574468085,0.20689655172413793
270,bing,True,DeepFool,vgg,50/50,resnet,bing,40/60,0.123239435,0.006993006993006993,0.24113475177304963
271,bing,True,DeepFool,vgg,50/50,resnet,bing,50/50,0.15972222,0.00684931506849315,0.31690140845070425
272,bing,True,DeepFool,vgg,50/50,vgg,bing,20/80,0.3068592,0.045112781954887216,0.5486111111111112
273,bing,True,DeepFool,vgg,50/50,vgg,bing,30/70,0.32129964,0.05185185185185185,0.5774647887323944
274,bing,True,DeepFool,vgg,50/50,vgg,bing,40/60,0.434629,0.027972027972027972,0.85
275,bing,True,DeepFool,vgg,50/50,vgg,bing,50/50,0.42957747,0.03496503496503497,0.8297872340425532
276,bing,True,DeepFool,vgg,50/50,alexnet,google,20/80,0.21000001,0.36,0.06
277,bing,True,DeepFool,vgg,50/50,alexnet,google,30/70,0.16666667,0.20666666666666667,0.12666666666666668
278,bing,True,DeepFool,vgg,50/50,alexnet,google,40/60,0.10333334,0.12,0.08666666666666667
279,bing,True,DeepFool,vgg,50/50,alexnet,google,50/50,0.16666667,0.09333333333333334,0.24
280,bing,True,DeepFool,vgg,50/50,resnet,google,20/80,0.24333334,0.2733333333333333,0.21333333333333335
281,bing,True,DeepFool,vgg,50/50,resnet,google,30/70,0.31,0.16666666666666666,0.4533333333333333
282,bing,True,DeepFool,vgg,50/50,resnet,google,40/60,0.39000002,0.06666666666666667,0.7133333333333334
283,bing,True,DeepFool,vgg,50/50,resnet,google,50/50,0.42666668,0.06,0.7933333333333333
284,bing,True,DeepFool,vgg,50/50,vgg,google,20/80,0.37,0.32666666666666666,0.41333333333333333
285,bing,True,DeepFool,vgg,50/50,vgg,google,30/70,0.51,0.2,0.82
286,bing,True,DeepFool,vgg,50/50,vgg,google,40/60,0.53000003,0.11333333333333333,0.9466666666666667
287,bing,True,DeepFool,vgg,50/50,vgg,google,50/50,0.5366667,0.08666666666666667,0.9866666666666667
288,google,True,DeepFool,alexnet,20/80,alexnet,bing,20/80,0.28333333,0.54,0.02666666666666667
289,google,True,DeepFool,alexnet,20/80,alexnet,bing,30/70,0.24000001,0.4533333333333333,0.02666666666666667
290,google,True,DeepFool,alexnet,20/80,alexnet,bing,40/60,0.20333333,0.35333333333333333,0.05333333333333334
291,google,True,DeepFool,alexnet,20/80,alexnet,bing,50/50,0.16333334,0.2733333333333333,0.05333333333333334
292,google,True,DeepFool,alexnet,20/80,resnet,bing,20/80,0.19666667,0.3466666666666667,0.04666666666666667
293,google,True,DeepFool,alexnet,20/80,resnet,bing,30/70,0.18,0.31333333333333335,0.04666666666666667
294,google,True,DeepFool,alexnet,20/80,resnet,bing,40/60,0.13333334,0.22,0.04666666666666667
295,google,True,DeepFool,alexnet,20/80,resnet,bing,50/50,0.13333334,0.2,0.06666666666666667
296,google,True,DeepFool,alexnet,20/80,vgg,bing,20/80,0.19333334,0.3333333333333333,0.05333333333333334
297,google,True,DeepFool,alexnet,20/80,vgg,bing,30/70,0.15333334,0.24666666666666667,0.06
298,google,True,DeepFool,alexnet,20/80,vgg,bing,40/60,0.11333334,0.13333333333333333,0.09333333333333334
299,google,True,DeepFool,alexnet,20/80,vgg,bing,50/50,0.11666667,0.15333333333333332,0.08
300,google,True,DeepFool,alexnet,20/80,alexnet,google,20/80,0.12757201,0.30097087378640774,0.0
301,google,True,DeepFool,alexnet,20/80,alexnet,google,30/70,0.24902724,0.23728813559322035,0.2589928057553957
302,google,True,DeepFool,alexnet,20/80,alexnet,google,40/60,0.17175573,0.21705426356589147,0.12781954887218044
303,google,True,DeepFool,alexnet,20/80,alexnet,google,50/50,0.15849057,0.19852941176470587,0.11627906976744186
304,google,True,DeepFool,alexnet,20/80,resnet,google,20/80,0.086142324,0.17886178861788618,0.006944444444444444
305,google,True,DeepFool,alexnet,20/80,resnet,google,30/70,0.07518797,0.1484375,0.007246376811594203
306,google,True,DeepFool,alexnet,20/80,resnet,google,40/60,0.124542125,0.09090909090909091,0.16153846153846155
307,google,True,DeepFool,alexnet,20/80,resnet,google,50/50,0.23529412,0.09090909090909091,0.3953488372093023
308,google,True,DeepFool,alexnet,20/80,vgg,google,20/80,0.09774436,0.17796610169491525,0.033783783783783786
309,google,True,DeepFool,alexnet,20/80,vgg,google,30/70,0.12949641,0.0364963503649635,0.2198581560283688
310,google,True,DeepFool,alexnet,20/80,vgg,google,40/60,0.18181819,0.02142857142857143,0.34814814814814815
311,google,True,DeepFool,alexnet,20/80,vgg,google,50/50,0.375,0.0,0.7727272727272727
312,google,True,DeepFool,alexnet,30/70,alexnet,bing,20/80,0.32,0.6066666666666667,0.03333333333333333
313,google,True,DeepFool,alexnet,30/70,alexnet,bing,30/70,0.28333333,0.5266666666666666,0.04
314,google,True,DeepFool,alexnet,30/70,alexnet,bing,40/60,0.24333334,0.43333333333333335,0.05333333333333334
315,google,True,DeepFool,alexnet,30/70,alexnet,bing,50/50,0.21000001,0.37333333333333335,0.04666666666666667
316,google,True,DeepFool,alexnet,30/70,resnet,bing,20/80,0.22333334,0.42,0.02666666666666667
317,google,True,DeepFool,alexnet,30/70,resnet,bing,30/70,0.21000001,0.38,0.04
318,google,True,DeepFool,alexnet,30/70,resnet,bing,40/60,0.15,0.25333333333333335,0.04666666666666667
319,google,True,DeepFool,alexnet,30/70,resnet,bing,50/50,0.14666668,0.23333333333333334,0.06
320,google,True,DeepFool,alexnet,30/70,vgg,bing,20/80,0.20666668,0.38666666666666666,0.02666666666666667
321,google,True,DeepFool,alexnet,30/70,vgg,bing,30/70,0.17666668,0.31333333333333335,0.04
322,google,True,DeepFool,alexnet,30/70,vgg,bing,40/60,0.10666667,0.14666666666666667,0.06666666666666667
323,google,True,DeepFool,alexnet,30/70,vgg,bing,50/50,0.11666667,0.18,0.05333333333333334
324,google,True,DeepFool,alexnet,30/70,alexnet,google,20/80,0.17695473,0.4077669902912621,0.007142857142857143
325,google,True,DeepFool,alexnet,30/70,alexnet,google,30/70,0.27626458,0.3474576271186441,0.2158273381294964
326,google,True,DeepFool,alexnet,30/70,alexnet,google,40/60,0.1908397,0.31007751937984496,0.07518796992481203
327,google,True,DeepFool,alexnet,30/70,alexnet,google,50/50,0.15471698,0.2426470588235294,0.06201550387596899
328,google,True,DeepFool,alexnet,30/70,resnet,google,20/80,0.11985019,0.24390243902439024,0.013888888888888888
329,google,True,DeepFool,alexnet,30/70,resnet,google,30/70,0.08270677,0.1484375,0.021739130434782608
330,google,True,DeepFool,alexnet,30/70,resnet,google,40/60,0.10622711,0.06293706293706294,0.15384615384615385
331,google,True,DeepFool,alexnet,30/70,resnet,google,50/50,0.24632353,0.06293706293706294,0.4496124031007752
332,google,True,DeepFool,alexnet,30/70,vgg,google,20/80,0.09398496,0.1864406779661017,0.02027027027027027
333,google,True,DeepFool,alexnet,30/70,vgg,google,30/70,0.12230216,0.043795620437956206,0.19858156028368795
334,google,True,DeepFool,alexnet,30/70,vgg,google,40/60,0.17454545,0.03571428571428571,0.31851851851851853
335,google,True,DeepFool,alexnet,30/70,vgg,google,50/50,0.34191176,0.007142857142857143,0.696969696969697
336,google,True,DeepFool,alexnet,40/60,alexnet,bing,20/80,0.45333335,0.84,0.06666666666666667
337,google,True,DeepFool,alexnet,40/60,alexnet,bing,30/70,0.46333334,0.8066666666666666,0.12
338,google,True,DeepFool,alexnet,40/60,alexnet,bing,40/60,0.43333334,0.7266666666666667,0.14
339,google,True,DeepFool,alexnet,40/60,alexnet,bing,50/50,0.39000002,0.6466666666666666,0.13333333333333333
340,google,True,DeepFool,alexnet,40/60,resnet,bing,20/80,0.37666667,0.64,0.11333333333333333
341,google,True,DeepFool,alexnet,40/60,resnet,bing,30/70,0.36333334,0.6133333333333333,0.11333333333333333
342,google,True,DeepFool,alexnet,40/60,resnet,bing,40/60,0.34333333,0.5266666666666666,0.16
343,google,True,DeepFool,alexnet,40/60,resnet,bing,50/50,0.34666666,0.5066666666666667,0.18666666666666668
344,google,True,DeepFool,alexnet,40/60,vgg,bing,20/80,0.37333333,0.6733333333333333,0.07333333333333333
345,google,True,DeepFool,alexnet,40/60,vgg,bing,30/70,0.33666667,0.58,0.09333333333333334
346,google,True,DeepFool,alexnet,40/60,vgg,bing,40/60,0.29666668,0.38666666666666666,0.20666666666666667
347,google,True,DeepFool,alexnet,40/60,vgg,bing,50/50,0.33,0.44666666666666666,0.21333333333333335
348,google,True,DeepFool,alexnet,40/60,alexnet,google,20/80,0.34156376,0.7766990291262136,0.02142857142857143
349,google,True,DeepFool,alexnet,40/60,alexnet,google,30/70,0.3540856,0.6779661016949152,0.07913669064748201
350,google,True,DeepFool,alexnet,40/60,alexnet,google,40/60,0.40076336,0.7054263565891473,0.10526315789473684
351,google,True,DeepFool,alexnet,40/60,alexnet,google,50/50,0.38113207,0.6102941176470589,0.13953488372093023
352,google,True,DeepFool,alexnet,40/60,resnet,google,20/80,0.29588014,0.5772357723577236,0.05555555555555555
353,google,True,DeepFool,alexnet,40/60,resnet,google,30/70,0.2669173,0.4609375,0.08695652173913043
354,google,True,DeepFool,alexnet,40/60,resnet,google,40/60,0.26739928,0.32867132867132864,0.2
355,google,True,DeepFool,alexnet,40/60,resnet,google,50/50,0.2904412,0.25874125874125875,0.32558139534883723
356,google,True,DeepFool,alexnet,40/60,vgg,google,20/80,0.2744361,0.5423728813559322,0.060810810810810814
357,google,True,DeepFool,alexnet,40/60,vgg,google,30/70,0.29856116,0.17518248175182483,0.41843971631205673
358,google,True,DeepFool,alexnet,40/60,vgg,google,40/60,0.33818182,0.11428571428571428,0.5703703703703704
359,google,True,DeepFool,alexnet,40/60,vgg,google,50/50,0.38602942,0.06428571428571428,0.7272727272727273
360,google,True,DeepFool,alexnet,50/50,alexnet,bing,20/80,0.5133333,0.9666666666666667,0.06
361,google,True,DeepFool,alexnet,50/50,alexnet,bing,30/70,0.51666665,0.9333333333333333,0.1
362,google,True,DeepFool,alexnet,50/50,alexnet,bing,40/60,0.5366667,0.9133333333333333,0.16
363,google,True,DeepFool,alexnet,50/50,alexnet,bing,50/50,0.53333336,0.8933333333333333,0.17333333333333334
364,google,True,DeepFool,alexnet,50/50,resnet,bing,20/80,0.47,0.8533333333333334,0.08666666666666667
365,google,True,DeepFool,alexnet,50/50,resnet,bing,30/70,0.4766667,0.86,0.09333333333333334
366,google,True,DeepFool,alexnet,50/50,resnet,bing,40/60,0.48000002,0.8133333333333334,0.14666666666666667
367,google,True,DeepFool,alexnet,50/50,resnet,bing,50/50,0.49666667,0.8133333333333334,0.18
368,google,True,DeepFool,alexnet,50/50,vgg,bing,20/80,0.45666668,0.86,0.05333333333333334
369,google,True,DeepFool,alexnet,50/50,vgg,bing,30/70,0.47333336,0.84,0.10666666666666667
370,google,True,DeepFool,alexnet,50/50,vgg,bing,40/60,0.46666667,0.72,0.21333333333333335
371,google,True,DeepFool,alexnet,50/50,vgg,bing,50/50,0.49,0.7933333333333333,0.18666666666666668
372,google,True,DeepFool,alexnet,50/50,alexnet,google,20/80,0.41152263,0.9514563106796117,0.014285714285714285
373,google,True,DeepFool,alexnet,50/50,alexnet,google,30/70,0.4163424,0.8813559322033898,0.02158273381294964
374,google,True,DeepFool,alexnet,50/50,alexnet,google,40/60,0.46946564,0.9069767441860465,0.045112781954887216
375,google,True,DeepFool,alexnet,50/50,alexnet,google,50/50,0.48301888,0.875,0.06976744186046512
376,google,True,DeepFool,alexnet,50/50,resnet,google,20/80,0.39700374,0.8373983739837398,0.020833333333333332
377,google,True,DeepFool,alexnet,50/50,resnet,google,30/70,0.40601504,0.796875,0.043478260869565216
378,google,True,DeepFool,alexnet,50/50,resnet,google,40/60,0.43589744,0.6643356643356644,0.18461538461538463
379,google,True,DeepFool,alexnet,50/50,resnet,google,50/50,0.4117647,0.4825174825174825,0.3333333333333333
380,google,True,DeepFool,alexnet,50/50,vgg,google,20/80,0.39849624,0.8389830508474576,0.0472972972972973
381,google,True,DeepFool,alexnet,50/50,vgg,google,30/70,0.39208633,0.5036496350364964,0.28368794326241137
382,google,True,DeepFool,alexnet,50/50,vgg,google,40/60,0.41454545,0.42857142857142855,0.4
383,google,True,DeepFool,alexnet,50/50,vgg,google,50/50,0.37867647,0.20714285714285716,0.5606060606060606
384,google,True,DeepFool,resnet,20/80,alexnet,bing,20/80,0.21333334,0.3466666666666667,0.08
385,google,True,DeepFool,resnet,20/80,alexnet,bing,30/70,0.17333333,0.24,0.10666666666666667
386,google,True,DeepFool,resnet,20/80,alexnet,bing,40/60,0.14666668,0.16,0.13333333333333333
387,google,True,DeepFool,resnet,20/80,alexnet,bing,50/50,0.13666667,0.09333333333333334,0.18
388,google,True,DeepFool,resnet,20/80,resnet,bing,20/80,0.21333334,0.18666666666666668,0.24
389,google,True,DeepFool,resnet,20/80,resnet,bing,30/70,0.23666668,0.15333333333333332,0.32
390,google,True,DeepFool,resnet,20/80,resnet,bing,40/60,0.28,0.09333333333333334,0.4666666666666667
391,google,True,DeepFool,resnet,20/80,resnet,bing,50/50,0.32333335,0.06666666666666667,0.58
392,google,True,DeepFool,resnet,20/80,vgg,bing,20/80,0.18666667,0.15333333333333332,0.22
393,google,True,DeepFool,resnet,20/80,vgg,bing,30/70,0.17666668,0.08666666666666667,0.26666666666666666
394,google,True,DeepFool,resnet,20/80,vgg,bing,40/60,0.27666667,0.04,0.5133333333333333
395,google,True,DeepFool,resnet,20/80,vgg,bing,50/50,0.24333334,0.04666666666666667,0.44
396,google,True,DeepFool,resnet,20/80,alexnet,google,20/80,0.02057613,0.009708737864077669,0.02857142857142857
397,google,True,DeepFool,resnet,20/80,alexnet,google,30/70,0.023346303,0.0,0.04316546762589928
398,google,True,DeepFool,resnet,20/80,alexnet,google,40/60,0.034351144,0.0,0.06766917293233082
399,google,True,DeepFool,resnet,20/80,alexnet,google,50/50,0.071698114,0.0,0.14728682170542637
400,google,True,DeepFool,resnet,20/80,resnet,google,20/80,0.22097379,0.016260162601626018,0.3958333333333333
401,google,True,DeepFool,resnet,20/80,resnet,google,30/70,0.24060151,0.0078125,0.45652173913043476
402,google,True,DeepFool,resnet,20/80,resnet,google,40/60,0.37362638,0.0,0.7846153846153846
403,google,True,DeepFool,resnet,20/80,resnet,google,50/50,0.40441176,0.0,0.8527131782945736
404,google,True,DeepFool,resnet,20/80,vgg,google,20/80,0.120300755,0.0,0.21621621621621623
405,google,True,DeepFool,resnet,20/80,vgg,google,30/70,0.26258993,0.0,0.5177304964539007
