,source_dataset,isMath,attack,source_model,source_balancing,target_model,target_dataset,target_balancing,asr,asr_0,asr_1
0,bing,False,GaussianNoise,alexnet,20/80,alexnet,bing,20/80,0.24806201,0.35964912280701755,0.1597222222222222
1,bing,False,GaussianNoise,alexnet,20/80,alexnet,bing,30/70,0.24905661,0.3467741935483871,0.16312056737588654
2,bing,False,GaussianNoise,alexnet,20/80,alexnet,bing,40/60,0.24275362,0.2463768115942029,0.2391304347826087
3,bing,False,GaussianNoise,alexnet,20/80,alexnet,bing,50/50,0.18382353,0.11510791366906475,0.2556390977443609
4,bing,False,GaussianNoise,alexnet,20/80,resnet,bing,20/80,0.10830325,0.09090909090909091,0.12413793103448276
5,bing,False,GaussianNoise,alexnet,20/80,resnet,bing,30/70,0.108391605,0.1276595744680851,0.0896551724137931
6,bing,False,GaussianNoise,alexnet,20/80,resnet,bing,40/60,0.15845071,0.07692307692307693,0.24113475177304963
7,bing,False,GaussianNoise,alexnet,20/80,resnet,bing,50/50,0.19791667,0.0821917808219178,0.31690140845070425
8,bing,False,GaussianNoise,alexnet,20/80,vgg,bing,20/80,0.14801444,0.06766917293233082,0.2222222222222222
9,bing,False,GaussianNoise,alexnet,20/80,vgg,bing,30/70,0.1768953,0.08148148148148149,0.2676056338028169
10,bing,False,GaussianNoise,alexnet,20/80,vgg,bing,40/60,0.2508834,0.03496503496503497,0.4714285714285714
11,bing,False,GaussianNoise,alexnet,20/80,vgg,bing,50/50,0.23591548,0.04895104895104895,0.425531914893617
12,bing,False,GaussianNoise,alexnet,20/80,alexnet,google,20/80,0.34333333,0.5133333333333333,0.17333333333333334
13,bing,False,GaussianNoise,alexnet,20/80,alexnet,google,30/70,0.26000002,0.22,0.3
14,bing,False,GaussianNoise,alexnet,20/80,alexnet,google,40/60,0.28333333,0.29333333333333333,0.2733333333333333
15,bing,False,GaussianNoise,alexnet,20/80,alexnet,google,50/50,0.26666668,0.12666666666666668,0.4066666666666667
16,bing,False,GaussianNoise,alexnet,20/80,resnet,google,20/80,0.18,0.20666666666666667,0.15333333333333332
17,bing,False,GaussianNoise,alexnet,20/80,resnet,google,30/70,0.24333334,0.10666666666666667,0.38
18,bing,False,GaussianNoise,alexnet,20/80,resnet,google,40/60,0.32333335,0.02,0.6266666666666667
19,bing,False,GaussianNoise,alexnet,20/80,resnet,google,50/50,0.32666668,0.013333333333333334,0.64
20,bing,False,GaussianNoise,alexnet,20/80,vgg,google,20/80,0.27666667,0.18666666666666668,0.36666666666666664
21,bing,False,GaussianNoise,alexnet,20/80,vgg,google,30/70,0.34666666,0.02666666666666667,0.6666666666666666
22,bing,False,GaussianNoise,alexnet,20/80,vgg,google,40/60,0.4,0.006666666666666667,0.7933333333333333
23,bing,False,GaussianNoise,alexnet,20/80,vgg,google,50/50,0.4466667,0.0,0.8933333333333333
24,bing,False,GaussianNoise,alexnet,30/70,alexnet,bing,20/80,0.24418604,0.3684210526315789,0.14583333333333334
25,bing,False,GaussianNoise,alexnet,30/70,alexnet,bing,30/70,0.25660378,0.3387096774193548,0.18439716312056736
26,bing,False,GaussianNoise,alexnet,30/70,alexnet,bing,40/60,0.23550725,0.2608695652173913,0.21014492753623187
27,bing,False,GaussianNoise,alexnet,30/70,alexnet,bing,50/50,0.16176471,0.09352517985611511,0.23308270676691728
28,bing,False,GaussianNoise,alexnet,30/70,resnet,bing,20/80,0.115523465,0.07575757575757576,0.15172413793103448
29,bing,False,GaussianNoise,alexnet,30/70,resnet,bing,30/70,0.13636364,0.14184397163120568,0.1310344827586207
30,bing,False,GaussianNoise,alexnet,30/70,resnet,bing,40/60,0.13732395,0.055944055944055944,0.2198581560283688
31,bing,False,GaussianNoise,alexnet,30/70,resnet,bing,50/50,0.18402778,0.07534246575342465,0.29577464788732394
32,bing,False,GaussianNoise,alexnet,30/70,vgg,bing,20/80,0.15162455,0.06015037593984962,0.2361111111111111
33,bing,False,GaussianNoise,alexnet,30/70,vgg,bing,30/70,0.18411553,0.06666666666666667,0.29577464788732394
34,bing,False,GaussianNoise,alexnet,30/70,vgg,bing,40/60,0.2720848,0.013986013986013986,0.5357142857142857
35,bing,False,GaussianNoise,alexnet,30/70,vgg,bing,50/50,0.2535211,0.03496503496503497,0.475177304964539
36,bing,False,GaussianNoise,alexnet,30/70,alexnet,google,20/80,0.35333335,0.52,0.18666666666666668
37,bing,False,GaussianNoise,alexnet,30/70,alexnet,google,30/70,0.25666666,0.22,0.29333333333333333
38,bing,False,GaussianNoise,alexnet,30/70,alexnet,google,40/60,0.27666667,0.3,0.25333333333333335
39,bing,False,GaussianNoise,alexnet,30/70,alexnet,google,50/50,0.29333335,0.14666666666666667,0.44
40,bing,False,GaussianNoise,alexnet,30/70,resnet,google,20/80,0.20666668,0.22666666666666666,0.18666666666666668
41,bing,False,GaussianNoise,alexnet,30/70,resnet,google,30/70,0.23333333,0.08666666666666667,0.38
42,bing,False,GaussianNoise,alexnet,30/70,resnet,google,40/60,0.33,0.02,0.64
43,bing,False,GaussianNoise,alexnet,30/70,resnet,google,50/50,0.33666667,0.013333333333333334,0.66
44,bing,False,GaussianNoise,alexnet,30/70,vgg,google,20/80,0.29000002,0.18,0.4
45,bing,False,GaussianNoise,alexnet,30/70,vgg,google,30/70,0.34333333,0.03333333333333333,0.6533333333333333
46,bing,False,GaussianNoise,alexnet,30/70,vgg,google,40/60,0.4,0.0,0.8
47,bing,False,GaussianNoise,alexnet,30/70,vgg,google,50/50,0.45666668,0.0,0.9133333333333333
48,bing,False,GaussianNoise,alexnet,40/60,alexnet,bing,20/80,0.27131784,0.39473684210526316,0.1736111111111111
49,bing,False,GaussianNoise,alexnet,40/60,alexnet,bing,30/70,0.24905661,0.3387096774193548,0.1702127659574468
50,bing,False,GaussianNoise,alexnet,40/60,alexnet,bing,40/60,0.22826087,0.2391304347826087,0.21739130434782608
51,bing,False,GaussianNoise,alexnet,40/60,alexnet,bing,50/50,0.1764706,0.09352517985611511,0.2631578947368421
52,bing,False,GaussianNoise,alexnet,40/60,resnet,bing,20/80,0.11191335,0.09848484848484848,0.12413793103448276
53,bing,False,GaussianNoise,alexnet,40/60,resnet,bing,30/70,0.12587413,0.14184397163120568,0.1103448275862069
54,bing,False,GaussianNoise,alexnet,40/60,resnet,bing,40/60,0.18309858,0.08391608391608392,0.28368794326241137
55,bing,False,GaussianNoise,alexnet,40/60,resnet,bing,50/50,0.21527778,0.0821917808219178,0.352112676056338
56,bing,False,GaussianNoise,alexnet,40/60,vgg,bing,20/80,0.18050541,0.09774436090225563,0.2569444444444444
57,bing,False,GaussianNoise,alexnet,40/60,vgg,bing,30/70,0.1768953,0.06666666666666667,0.28169014084507044
58,bing,False,GaussianNoise,alexnet,40/60,vgg,bing,40/60,0.26855123,0.013986013986013986,0.5285714285714286
59,bing,False,GaussianNoise,alexnet,40/60,vgg,bing,50/50,0.23239437,0.04195804195804196,0.425531914893617
60,bing,False,GaussianNoise,alexnet,40/60,alexnet,google,20/80,0.36,0.52,0.2
61,bing,False,GaussianNoise,alexnet,40/60,alexnet,google,30/70,0.27333334,0.26,0.2866666666666667
62,bing,False,GaussianNoise,alexnet,40/60,alexnet,google,40/60,0.27,0.28,0.26
63,bing,False,GaussianNoise,alexnet,40/60,alexnet,google,50/50,0.27333334,0.13333333333333333,0.41333333333333333
64,bing,False,GaussianNoise,alexnet,40/60,resnet,google,20/80,0.19666667,0.22,0.17333333333333334
65,bing,False,GaussianNoise,alexnet,40/60,resnet,google,30/70,0.26333335,0.13333333333333333,0.3933333333333333
66,bing,False,GaussianNoise,alexnet,40/60,resnet,google,40/60,0.33,0.02666666666666667,0.6333333333333333
67,bing,False,GaussianNoise,alexnet,40/60,resnet,google,50/50,0.32333335,0.02,0.6266666666666667
68,bing,False,GaussianNoise,alexnet,40/60,vgg,google,20/80,0.29000002,0.23333333333333334,0.3466666666666667
69,bing,False,GaussianNoise,alexnet,40/60,vgg,google,30/70,0.34,0.02,0.66
70,bing,False,GaussianNoise,alexnet,40/60,vgg,google,40/60,0.39666668,0.0,0.7933333333333333
71,bing,False,GaussianNoise,alexnet,40/60,vgg,google,50/50,0.45666668,0.0,0.9133333333333333
72,bing,False,GaussianNoise,alexnet,50/50,alexnet,bing,20/80,0.25581396,0.3684210526315789,0.16666666666666666
73,bing,False,GaussianNoise,alexnet,50/50,alexnet,bing,30/70,0.26037735,0.3548387096774194,0.1773049645390071
74,bing,False,GaussianNoise,alexnet,50/50,alexnet,bing,40/60,0.25,0.2536231884057971,0.2463768115942029
75,bing,False,GaussianNoise,alexnet,50/50,alexnet,bing,50/50,0.16176471,0.10071942446043165,0.22556390977443608
76,bing,False,GaussianNoise,alexnet,50/50,resnet,bing,20/80,0.1299639,0.10606060606060606,0.15172413793103448
77,bing,False,GaussianNoise,alexnet,50/50,resnet,bing,30/70,0.11188811,0.1276595744680851,0.09655172413793103
78,bing,False,GaussianNoise,alexnet,50/50,resnet,bing,40/60,0.14436619,0.06293706293706294,0.22695035460992907
79,bing,False,GaussianNoise,alexnet,50/50,resnet,bing,50/50,0.18402778,0.0821917808219178,0.2887323943661972
80,bing,False,GaussianNoise,alexnet,50/50,vgg,bing,20/80,0.1299639,0.06766917293233082,0.1875
81,bing,False,GaussianNoise,alexnet,50/50,vgg,bing,30/70,0.15884477,0.05925925925925926,0.2535211267605634
82,bing,False,GaussianNoise,alexnet,50/50,vgg,bing,40/60,0.27561837,0.027972027972027972,0.5285714285714286
83,bing,False,GaussianNoise,alexnet,50/50,vgg,bing,50/50,0.26056337,0.04195804195804196,0.48226950354609927
84,bing,False,GaussianNoise,alexnet,50/50,alexnet,google,20/80,0.31333333,0.47333333333333333,0.15333333333333332
85,bing,False,GaussianNoise,alexnet,50/50,alexnet,google,30/70,0.26333335,0.24,0.2866666666666667
86,bing,False,GaussianNoise,alexnet,50/50,alexnet,google,40/60,0.26000002,0.2866666666666667,0.23333333333333334
87,bing,False,GaussianNoise,alexnet,50/50,alexnet,google,50/50,0.24333334,0.10666666666666667,0.38
88,bing,False,GaussianNoise,alexnet,50/50,resnet,google,20/80,0.23,0.26,0.2
89,bing,False,GaussianNoise,alexnet,50/50,resnet,google,30/70,0.24333334,0.12,0.36666666666666664
90,bing,False,GaussianNoise,alexnet,50/50,resnet,google,40/60,0.34333333,0.02,0.6666666666666666
91,bing,False,GaussianNoise,alexnet,50/50,resnet,google,50/50,0.32,0.006666666666666667,0.6333333333333333
92,bing,False,GaussianNoise,alexnet,50/50,vgg,google,20/80,0.27666667,0.18,0.37333333333333335
93,bing,False,GaussianNoise,alexnet,50/50,vgg,google,30/70,0.34333333,0.02,0.6666666666666666
94,bing,False,GaussianNoise,alexnet,50/50,vgg,google,40/60,0.3866667,0.0,0.7733333333333333
95,bing,False,GaussianNoise,alexnet,50/50,vgg,google,50/50,0.45333335,0.0,0.9066666666666666
96,bing,False,GaussianNoise,resnet,20/80,alexnet,bing,20/80,0.251938,0.37719298245614036,0.1527777777777778
97,bing,False,GaussianNoise,resnet,20/80,alexnet,bing,30/70,0.23773585,0.3387096774193548,0.14893617021276595
98,bing,False,GaussianNoise,resnet,20/80,alexnet,bing,40/60,0.22463769,0.21014492753623187,0.2391304347826087
99,bing,False,GaussianNoise,resnet,20/80,alexnet,bing,50/50,0.16544117,0.08633093525179857,0.24812030075187969
100,bing,False,GaussianNoise,resnet,20/80,resnet,bing,20/80,0.1299639,0.11363636363636363,0.14482758620689656
101,bing,False,GaussianNoise,resnet,20/80,resnet,bing,30/70,0.13636364,0.14184397163120568,0.1310344827586207
102,bing,False,GaussianNoise,resnet,20/80,resnet,bing,40/60,0.15140845,0.06993006993006994,0.23404255319148937
103,bing,False,GaussianNoise,resnet,20/80,resnet,bing,50/50,0.1875,0.0821917808219178,0.29577464788732394
104,bing,False,GaussianNoise,resnet,20/80,vgg,bing,20/80,0.10469314,0.045112781954887216,0.1597222222222222
105,bing,False,GaussianNoise,resnet,20/80,vgg,bing,30/70,0.12635379,0.05185185185185185,0.19718309859154928
106,bing,False,GaussianNoise,resnet,20/80,vgg,bing,40/60,0.25795054,0.027972027972027972,0.4928571428571429
107,bing,False,GaussianNoise,resnet,20/80,vgg,bing,50/50,0.23943661,0.04195804195804196,0.4397163120567376
108,bing,False,GaussianNoise,resnet,20/80,alexnet,google,20/80,0.31666666,0.47333333333333333,0.16
109,bing,False,GaussianNoise,resnet,20/80,alexnet,google,30/70,0.26000002,0.23333333333333334,0.2866666666666667
110,bing,False,GaussianNoise,resnet,20/80,alexnet,google,40/60,0.27333334,0.28,0.26666666666666666
111,bing,False,GaussianNoise,resnet,20/80,alexnet,google,50/50,0.25333333,0.12,0.38666666666666666
112,bing,False,GaussianNoise,resnet,20/80,resnet,google,20/80,0.19333334,0.25333333333333335,0.13333333333333333
113,bing,False,GaussianNoise,resnet,20/80,resnet,google,30/70,0.23666668,0.12,0.35333333333333333
114,bing,False,GaussianNoise,resnet,20/80,resnet,google,40/60,0.31666666,0.013333333333333334,0.62
115,bing,False,GaussianNoise,resnet,20/80,resnet,google,50/50,0.33333334,0.02,0.6466666666666666
116,bing,False,GaussianNoise,resnet,20/80,vgg,google,20/80,0.26666668,0.18666666666666668,0.3466666666666667
117,bing,False,GaussianNoise,resnet,20/80,vgg,google,30/70,0.36333334,0.03333333333333333,0.6933333333333334
118,bing,False,GaussianNoise,resnet,20/80,vgg,google,40/60,0.4,0.0,0.8
119,bing,False,GaussianNoise,resnet,20/80,vgg,google,50/50,0.45000002,0.0,0.9
120,bing,False,GaussianNoise,resnet,30/70,alexnet,bing,20/80,0.2015504,0.2631578947368421,0.1527777777777778
121,bing,False,GaussianNoise,resnet,30/70,alexnet,bing,30/70,0.1773585,0.22580645161290322,0.1347517730496454
122,bing,False,GaussianNoise,resnet,30/70,alexnet,bing,40/60,0.18115942,0.11594202898550725,0.2463768115942029
123,bing,False,GaussianNoise,resnet,30/70,alexnet,bing,50/50,0.13235295,0.03597122302158273,0.23308270676691728
124,bing,False,GaussianNoise,resnet,30/70,resnet,bing,20/80,0.09386282,0.07575757575757576,0.1103448275862069
125,bing,False,GaussianNoise,resnet,30/70,resnet,bing,30/70,0.09090909,0.07801418439716312,0.10344827586206896
126,bing,False,GaussianNoise,resnet,30/70,resnet,bing,40/60,0.123239435,0.03496503496503497,0.2127659574468085
127,bing,False,GaussianNoise,resnet,30/70,resnet,bing,50/50,0.14236112,0.04794520547945205,0.23943661971830985
128,bing,False,GaussianNoise,resnet,30/70,vgg,bing,20/80,0.12274368,0.05263157894736842,0.1875
129,bing,False,GaussianNoise,resnet,30/70,vgg,bing,30/70,0.13718411,0.044444444444444446,0.22535211267605634
130,bing,False,GaussianNoise,resnet,30/70,vgg,bing,40/60,0.24734983,0.02097902097902098,0.4785714285714286
131,bing,False,GaussianNoise,resnet,30/70,vgg,bing,50/50,0.22183098,0.027972027972027972,0.41843971631205673
132,bing,False,GaussianNoise,resnet,30/70,alexnet,google,20/80,0.29000002,0.38,0.2
133,bing,False,GaussianNoise,resnet,30/70,alexnet,google,30/70,0.24666667,0.2,0.29333333333333333
134,bing,False,GaussianNoise,resnet,30/70,alexnet,google,40/60,0.23666668,0.2,0.2733333333333333
135,bing,False,GaussianNoise,resnet,30/70,alexnet,google,50/50,0.24333334,0.07333333333333333,0.41333333333333333
136,bing,False,GaussianNoise,resnet,30/70,resnet,google,20/80,0.18666667,0.21333333333333335,0.16
137,bing,False,GaussianNoise,resnet,30/70,resnet,google,30/70,0.20666668,0.08666666666666667,0.32666666666666666
138,bing,False,GaussianNoise,resnet,30/70,resnet,google,40/60,0.28333333,0.013333333333333334,0.5533333333333333
139,bing,False,GaussianNoise,resnet,30/70,resnet,google,50/50,0.25,0.006666666666666667,0.49333333333333335
140,bing,False,GaussianNoise,resnet,30/70,vgg,google,20/80,0.23666668,0.18,0.29333333333333333
141,bing,False,GaussianNoise,resnet,30/70,vgg,google,30/70,0.28666666,0.03333333333333333,0.54
142,bing,False,GaussianNoise,resnet,30/70,vgg,google,40/60,0.35,0.0,0.7
143,bing,False,GaussianNoise,resnet,30/70,vgg,google,50/50,0.3866667,0.0,0.7733333333333333
144,bing,False,GaussianNoise,resnet,40/60,alexnet,bing,20/80,0.2635659,0.3684210526315789,0.18055555555555555
145,bing,False,GaussianNoise,resnet,40/60,alexnet,bing,30/70,0.2528302,0.3387096774193548,0.1773049645390071
146,bing,False,GaussianNoise,resnet,40/60,alexnet,bing,40/60,0.22826087,0.2246376811594203,0.2318840579710145
147,bing,False,GaussianNoise,resnet,40/60,alexnet,bing,50/50,0.15441176,0.08633093525179857,0.22556390977443608
148,bing,False,GaussianNoise,resnet,40/60,resnet,bing,20/80,0.12274368,0.11363636363636363,0.1310344827586207
149,bing,False,GaussianNoise,resnet,40/60,resnet,bing,30/70,0.115384616,0.1276595744680851,0.10344827586206896
150,bing,False,GaussianNoise,resnet,40/60,resnet,bing,40/60,0.13380282,0.055944055944055944,0.2127659574468085
151,bing,False,GaussianNoise,resnet,40/60,resnet,bing,50/50,0.17361112,0.0684931506849315,0.28169014084507044
152,bing,False,GaussianNoise,resnet,40/60,vgg,bing,20/80,0.13718411,0.06015037593984962,0.20833333333333334
153,bing,False,GaussianNoise,resnet,40/60,vgg,bing,30/70,0.14440434,0.05185185185185185,0.2323943661971831
154,bing,False,GaussianNoise,resnet,40/60,vgg,bing,40/60,0.27915195,0.03496503496503497,0.5285714285714286
155,bing,False,GaussianNoise,resnet,40/60,vgg,bing,50/50,0.27112675,0.04195804195804196,0.5035460992907801
156,bing,False,GaussianNoise,resnet,40/60,alexnet,google,20/80,0.31666666,0.48,0.15333333333333332
157,bing,False,GaussianNoise,resnet,40/60,alexnet,google,30/70,0.25,0.23333333333333334,0.26666666666666666
158,bing,False,GaussianNoise,resnet,40/60,alexnet,google,40/60,0.27666667,0.3,0.25333333333333335
159,bing,False,GaussianNoise,resnet,40/60,alexnet,google,50/50,0.25666666,0.11333333333333333,0.4
160,bing,False,GaussianNoise,resnet,40/60,resnet,google,20/80,0.2,0.24,0.16
161,bing,False,GaussianNoise,resnet,40/60,resnet,google,30/70,0.22666667,0.1,0.35333333333333333
162,bing,False,GaussianNoise,resnet,40/60,resnet,google,40/60,0.32666668,0.013333333333333334,0.64
163,bing,False,GaussianNoise,resnet,40/60,resnet,google,50/50,0.32,0.0,0.64
164,bing,False,GaussianNoise,resnet,40/60,vgg,google,20/80,0.27333334,0.19333333333333333,0.35333333333333333
165,bing,False,GaussianNoise,resnet,40/60,vgg,google,30/70,0.32666668,0.02666666666666667,0.6266666666666667
166,bing,False,GaussianNoise,resnet,40/60,vgg,google,40/60,0.39333335,0.006666666666666667,0.78
167,bing,False,GaussianNoise,resnet,40/60,vgg,google,50/50,0.47,0.0,0.94
168,bing,False,GaussianNoise,resnet,50/50,alexnet,bing,20/80,0.2635659,0.37719298245614036,0.1736111111111111
169,bing,False,GaussianNoise,resnet,50/50,alexnet,bing,30/70,0.25660378,0.3467741935483871,0.1773049645390071
170,bing,False,GaussianNoise,resnet,50/50,alexnet,bing,40/60,0.21739131,0.21739130434782608,0.21739130434782608
171,bing,False,GaussianNoise,resnet,50/50,alexnet,bing,50/50,0.17279412,0.1079136690647482,0.24060150375939848
172,bing,False,GaussianNoise,resnet,50/50,resnet,bing,20/80,0.10469314,0.06818181818181818,0.13793103448275862
173,bing,False,GaussianNoise,resnet,50/50,resnet,bing,30/70,0.11888112,0.12056737588652482,0.11724137931034483
174,bing,False,GaussianNoise,resnet,50/50,resnet,bing,40/60,0.14788732,0.055944055944055944,0.24113475177304963
175,bing,False,GaussianNoise,resnet,50/50,resnet,bing,50/50,0.18055555,0.08904109589041095,0.2746478873239437
176,bing,False,GaussianNoise,resnet,50/50,vgg,bing,20/80,0.13718411,0.06766917293233082,0.2013888888888889
177,bing,False,GaussianNoise,resnet,50/50,vgg,bing,30/70,0.15884477,0.044444444444444446,0.2676056338028169
178,bing,False,GaussianNoise,resnet,50/50,vgg,bing,40/60,0.25795054,0.013986013986013986,0.5071428571428571
179,bing,False,GaussianNoise,resnet,50/50,vgg,bing,50/50,0.24647887,0.027972027972027972,0.46808510638297873
180,bing,False,GaussianNoise,resnet,50/50,alexnet,google,20/80,0.32,0.46,0.18
181,bing,False,GaussianNoise,resnet,50/50,alexnet,google,30/70,0.26000002,0.23333333333333334,0.2866666666666667
182,bing,False,GaussianNoise,resnet,50/50,alexnet,google,40/60,0.26333335,0.2866666666666667,0.24
183,bing,False,GaussianNoise,resnet,50/50,alexnet,google,50/50,0.26666668,0.12,0.41333333333333333
184,bing,False,GaussianNoise,resnet,50/50,resnet,google,20/80,0.21333334,0.24,0.18666666666666668
185,bing,False,GaussianNoise,resnet,50/50,resnet,google,30/70,0.23666668,0.1,0.37333333333333335
186,bing,False,GaussianNoise,resnet,50/50,resnet,google,40/60,0.33333334,0.02,0.6466666666666666
187,bing,False,GaussianNoise,resnet,50/50,resnet,google,50/50,0.32,0.02,0.62
188,bing,False,GaussianNoise,resnet,50/50,vgg,google,20/80,0.28,0.18666666666666668,0.37333333333333335
189,bing,False,GaussianNoise,resnet,50/50,vgg,google,30/70,0.34666666,0.03333333333333333,0.66
190,bing,False,GaussianNoise,resnet,50/50,vgg,google,40/60,0.4,0.0,0.8
191,bing,False,GaussianNoise,resnet,50/50,vgg,google,50/50,0.45666668,0.0,0.9133333333333333
192,bing,False,GaussianNoise,vgg,20/80,alexnet,bing,20/80,0.2364341,0.34210526315789475,0.1527777777777778
193,bing,False,GaussianNoise,vgg,20/80,alexnet,bing,30/70,0.26415095,0.3629032258064516,0.1773049645390071
194,bing,False,GaussianNoise,vgg,20/80,alexnet,bing,40/60,0.23550725,0.2463768115942029,0.2246376811594203
195,bing,False,GaussianNoise,vgg,20/80,alexnet,bing,50/50,0.17279412,0.08633093525179857,0.2631578947368421
196,bing,False,GaussianNoise,vgg,20/80,resnet,bing,20/80,0.12635379,0.09848484848484848,0.15172413793103448
197,bing,False,GaussianNoise,vgg,20/80,resnet,bing,30/70,0.108391605,0.1276595744680851,0.0896551724137931
198,bing,False,GaussianNoise,vgg,20/80,resnet,bing,40/60,0.16901408,0.07692307692307693,0.2624113475177305
199,bing,False,GaussianNoise,vgg,20/80,resnet,bing,50/50,0.19791667,0.0958904109589041,0.3028169014084507
200,bing,False,GaussianNoise,vgg,20/80,vgg,bing,20/80,0.14801444,0.06015037593984962,0.22916666666666666
201,bing,False,GaussianNoise,vgg,20/80,vgg,bing,30/70,0.15884477,0.05185185185185185,0.2605633802816901
202,bing,False,GaussianNoise,vgg,20/80,vgg,bing,40/60,0.24381626,0.02097902097902098,0.4714285714285714
203,bing,False,GaussianNoise,vgg,20/80,vgg,bing,50/50,0.23591548,0.04195804195804196,0.4326241134751773
204,bing,False,GaussianNoise,vgg,20/80,alexnet,google,20/80,0.30666667,0.46,0.15333333333333332
205,bing,False,GaussianNoise,vgg,20/80,alexnet,google,30/70,0.26000002,0.24,0.28
206,bing,False,GaussianNoise,vgg,20/80,alexnet,google,40/60,0.26000002,0.28,0.24
207,bing,False,GaussianNoise,vgg,20/80,alexnet,google,50/50,0.26000002,0.12666666666666668,0.3933333333333333
208,bing,False,GaussianNoise,vgg,20/80,resnet,google,20/80,0.22,0.24666666666666667,0.19333333333333333
209,bing,False,GaussianNoise,vgg,20/80,resnet,google,30/70,0.24333334,0.11333333333333333,0.37333333333333335
210,bing,False,GaussianNoise,vgg,20/80,resnet,google,40/60,0.32333335,0.013333333333333334,0.6333333333333333
211,bing,False,GaussianNoise,vgg,20/80,resnet,google,50/50,0.33,0.006666666666666667,0.6533333333333333
212,bing,False,GaussianNoise,vgg,20/80,vgg,google,20/80,0.26000002,0.19333333333333333,0.32666666666666666
213,bing,False,GaussianNoise,vgg,20/80,vgg,google,30/70,0.35333335,0.02,0.6866666666666666
214,bing,False,GaussianNoise,vgg,20/80,vgg,google,40/60,0.40333334,0.0,0.8066666666666666
215,bing,False,GaussianNoise,vgg,20/80,vgg,google,50/50,0.44333336,0.0,0.8866666666666667
216,bing,False,GaussianNoise,vgg,30/70,alexnet,bing,20/80,0.251938,0.3684210526315789,0.1597222222222222
217,bing,False,GaussianNoise,vgg,30/70,alexnet,bing,30/70,0.24150944,0.33064516129032256,0.16312056737588654
218,bing,False,GaussianNoise,vgg,30/70,alexnet,bing,40/60,0.23550725,0.2463768115942029,0.2246376811594203
219,bing,False,GaussianNoise,vgg,30/70,alexnet,bing,50/50,0.16544117,0.10071942446043165,0.23308270676691728
220,bing,False,GaussianNoise,vgg,30/70,resnet,bing,20/80,0.10830325,0.06818181818181818,0.14482758620689656
221,bing,False,GaussianNoise,vgg,30/70,resnet,bing,30/70,0.12237762,0.1347517730496454,0.1103448275862069
222,bing,False,GaussianNoise,vgg,30/70,resnet,bing,40/60,0.14788732,0.06993006993006994,0.22695035460992907
223,bing,False,GaussianNoise,vgg,30/70,resnet,bing,50/50,0.1701389,0.06164383561643835,0.28169014084507044
224,bing,False,GaussianNoise,vgg,30/70,vgg,bing,20/80,0.13357401,0.06015037593984962,0.2013888888888889
225,bing,False,GaussianNoise,vgg,30/70,vgg,bing,30/70,0.14079422,0.044444444444444446,0.2323943661971831
226,bing,False,GaussianNoise,vgg,30/70,vgg,bing,40/60,0.2614841,0.04195804195804196,0.4857142857142857
227,bing,False,GaussianNoise,vgg,30/70,vgg,bing,50/50,0.22887324,0.04195804195804196,0.41843971631205673
228,bing,False,GaussianNoise,vgg,30/70,alexnet,google,20/80,0.30333334,0.4533333333333333,0.15333333333333332
229,bing,False,GaussianNoise,vgg,30/70,alexnet,google,30/70,0.27666667,0.2733333333333333,0.28
230,bing,False,GaussianNoise,vgg,30/70,alexnet,google,40/60,0.28666666,0.31333333333333335,0.26
231,bing,False,GaussianNoise,vgg,30/70,alexnet,google,50/50,0.27,0.12666666666666668,0.41333333333333333
232,bing,False,GaussianNoise,vgg,30/70,resnet,google,20/80,0.19,0.22,0.16
233,bing,False,GaussianNoise,vgg,30/70,resnet,google,30/70,0.23333333,0.10666666666666667,0.36
234,bing,False,GaussianNoise,vgg,30/70,resnet,google,40/60,0.30666667,0.013333333333333334,0.6
235,bing,False,GaussianNoise,vgg,30/70,resnet,google,50/50,0.30666667,0.006666666666666667,0.6066666666666667
236,bing,False,GaussianNoise,vgg,30/70,vgg,google,20/80,0.24333334,0.17333333333333334,0.31333333333333335
237,bing,False,GaussianNoise,vgg,30/70,vgg,google,30/70,0.35333335,0.03333333333333333,0.6733333333333333
238,bing,False,GaussianNoise,vgg,30/70,vgg,google,40/60,0.39666668,0.0,0.7933333333333333
239,bing,False,GaussianNoise,vgg,30/70,vgg,google,50/50,0.45666668,0.0,0.9133333333333333
240,bing,False,GaussianNoise,vgg,40/60,alexnet,bing,20/80,0.2635659,0.37719298245614036,0.1736111111111111
241,bing,False,GaussianNoise,vgg,40/60,alexnet,bing,30/70,0.24905661,0.3387096774193548,0.1702127659574468
242,bing,False,GaussianNoise,vgg,40/60,alexnet,bing,40/60,0.23913044,0.2536231884057971,0.2246376811594203
243,bing,False,GaussianNoise,vgg,40/60,alexnet,bing,50/50,0.16911764,0.1079136690647482,0.23308270676691728
244,bing,False,GaussianNoise,vgg,40/60,resnet,bing,20/80,0.09747292,0.08333333333333333,0.1103448275862069
245,bing,False,GaussianNoise,vgg,40/60,resnet,bing,30/70,0.09440559,0.11347517730496454,0.07586206896551724
246,bing,False,GaussianNoise,vgg,40/60,resnet,bing,40/60,0.12676056,0.06293706293706294,0.19148936170212766
247,bing,False,GaussianNoise,vgg,40/60,resnet,bing,50/50,0.14930555,0.0684931506849315,0.2323943661971831
248,bing,False,GaussianNoise,vgg,40/60,vgg,bing,20/80,0.15162455,0.06766917293233082,0.22916666666666666
249,bing,False,GaussianNoise,vgg,40/60,vgg,bing,30/70,0.16967508,0.06666666666666667,0.2676056338028169
250,bing,False,GaussianNoise,vgg,40/60,vgg,bing,40/60,0.27915195,0.02097902097902098,0.5428571428571428
251,bing,False,GaussianNoise,vgg,40/60,vgg,bing,50/50,0.24295774,0.027972027972027972,0.46099290780141844
252,bing,False,GaussianNoise,vgg,40/60,alexnet,google,20/80,0.33,0.4666666666666667,0.19333333333333333
253,bing,False,GaussianNoise,vgg,40/60,alexnet,google,30/70,0.29000002,0.25333333333333335,0.32666666666666666
254,bing,False,GaussianNoise,vgg,40/60,alexnet,google,40/60,0.28,0.3,0.26
255,bing,False,GaussianNoise,vgg,40/60,alexnet,google,50/50,0.26666668,0.11333333333333333,0.42
256,bing,False,GaussianNoise,vgg,40/60,resnet,google,20/80,0.18,0.22,0.14
257,bing,False,GaussianNoise,vgg,40/60,resnet,google,30/70,0.20333333,0.08,0.32666666666666666
258,bing,False,GaussianNoise,vgg,40/60,resnet,google,40/60,0.31333333,0.02,0.6066666666666667
259,bing,False,GaussianNoise,vgg,40/60,resnet,google,50/50,0.31,0.013333333333333334,0.6066666666666667
260,bing,False,GaussianNoise,vgg,40/60,vgg,google,20/80,0.28,0.22,0.34
261,bing,False,GaussianNoise,vgg,40/60,vgg,google,30/70,0.35666668,0.03333333333333333,0.68
262,bing,False,GaussianNoise,vgg,40/60,vgg,google,40/60,0.40666667,0.0,0.8133333333333334
263,bing,False,GaussianNoise,vgg,40/60,vgg,google,50/50,0.45333335,0.0,0.9066666666666666
264,bing,False,GaussianNoise,vgg,50/50,alexnet,bing,20/80,0.25581396,0.38596491228070173,0.1527777777777778
265,bing,False,GaussianNoise,vgg,50/50,alexnet,bing,30/70,0.24905661,0.3548387096774194,0.15602836879432624
266,bing,False,GaussianNoise,vgg,50/50,alexnet,bing,40/60,0.22826087,0.2318840579710145,0.2246376811594203
267,bing,False,GaussianNoise,vgg,50/50,alexnet,bing,50/50,0.16176471,0.10071942446043165,0.22556390977443608
268,bing,False,GaussianNoise,vgg,50/50,resnet,bing,20/80,0.10830325,0.10606060606060606,0.1103448275862069
269,bing,False,GaussianNoise,vgg,50/50,resnet,bing,30/70,0.12237762,0.14184397163120568,0.10344827586206896
270,bing,False,GaussianNoise,vgg,50/50,resnet,bing,40/60,0.12676056,0.055944055944055944,0.19858156028368795
271,bing,False,GaussianNoise,vgg,50/50,resnet,bing,50/50,0.17361112,0.08904109589041095,0.2605633802816901
272,bing,False,GaussianNoise,vgg,50/50,vgg,bing,20/80,0.15523465,0.06766917293233082,0.2361111111111111
273,bing,False,GaussianNoise,vgg,50/50,vgg,bing,30/70,0.18772563,0.05185185185185185,0.31690140845070425
274,bing,False,GaussianNoise,vgg,50/50,vgg,bing,40/60,0.2614841,0.03496503496503497,0.4928571428571429
275,bing,False,GaussianNoise,vgg,50/50,vgg,bing,50/50,0.24647887,0.03496503496503497,0.46099290780141844
276,bing,False,GaussianNoise,vgg,50/50,alexnet,google,20/80,0.31333333,0.4866666666666667,0.14
277,bing,False,GaussianNoise,vgg,50/50,alexnet,google,30/70,0.26333335,0.25333333333333335,0.2733333333333333
278,bing,False,GaussianNoise,vgg,50/50,alexnet,google,40/60,0.25666666,0.2866666666666667,0.22666666666666666
279,bing,False,GaussianNoise,vgg,50/50,alexnet,google,50/50,0.26333335,0.11333333333333333,0.41333333333333333
280,bing,False,GaussianNoise,vgg,50/50,resnet,google,20/80,0.21000001,0.24,0.18
281,bing,False,GaussianNoise,vgg,50/50,resnet,google,30/70,0.23333333,0.10666666666666667,0.36
282,bing,False,GaussianNoise,vgg,50/50,resnet,google,40/60,0.31666666,0.013333333333333334,0.62
283,bing,False,GaussianNoise,vgg,50/50,resnet,google,50/50,0.3,0.006666666666666667,0.5933333333333334
284,bing,False,GaussianNoise,vgg,50/50,vgg,google,20/80,0.27666667,0.19333333333333333,0.36
285,bing,False,GaussianNoise,vgg,50/50,vgg,google,30/70,0.34333333,0.03333333333333333,0.6533333333333333
286,bing,False,GaussianNoise,vgg,50/50,vgg,google,40/60,0.39000002,0.0,0.78
287,bing,False,GaussianNoise,vgg,50/50,vgg,google,50/50,0.45333335,0.0,0.9066666666666666
288,google,False,GaussianNoise,alexnet,20/80,alexnet,bing,20/80,0.28333333,0.52,0.04666666666666667
289,google,False,GaussianNoise,alexnet,20/80,alexnet,bing,30/70,0.28,0.49333333333333335,0.06666666666666667
290,google,False,GaussianNoise,alexnet,20/80,alexnet,bing,40/60,0.25333333,0.3333333333333333,0.17333333333333334
291,google,False,GaussianNoise,alexnet,20/80,alexnet,bing,50/50,0.19666667,0.18,0.21333333333333335
292,google,False,GaussianNoise,alexnet,20/80,resnet,bing,20/80,0.15666667,0.18,0.13333333333333333
293,google,False,GaussianNoise,alexnet,20/80,resnet,bing,30/70,0.16666667,0.20666666666666667,0.12666666666666668
294,google,False,GaussianNoise,alexnet,20/80,resnet,bing,40/60,0.19333334,0.12666666666666668,0.26
295,google,False,GaussianNoise,alexnet,20/80,resnet,bing,50/50,0.22,0.08,0.36
296,google,False,GaussianNoise,alexnet,20/80,vgg,bing,20/80,0.2,0.20666666666666667,0.19333333333333333
297,google,False,GaussianNoise,alexnet,20/80,vgg,bing,30/70,0.20333333,0.15333333333333332,0.25333333333333335
298,google,False,GaussianNoise,alexnet,20/80,vgg,bing,40/60,0.26666668,0.03333333333333333,0.5
299,google,False,GaussianNoise,alexnet,20/80,vgg,bing,50/50,0.29000002,0.04,0.54
300,google,False,GaussianNoise,alexnet,20/80,alexnet,google,20/80,0.1893004,0.3883495145631068,0.04285714285714286
301,google,False,GaussianNoise,alexnet,20/80,alexnet,google,30/70,0.108949415,0.11016949152542373,0.1079136690647482
302,google,False,GaussianNoise,alexnet,20/80,alexnet,google,40/60,0.14122137,0.17829457364341086,0.10526315789473684
303,google,False,GaussianNoise,alexnet,20/80,alexnet,google,50/50,0.13207547,0.10294117647058823,0.16279069767441862
304,google,False,GaussianNoise,alexnet,20/80,resnet,google,20/80,0.11610487,0.08130081300813008,0.14583333333333334
305,google,False,GaussianNoise,alexnet,20/80,resnet,google,30/70,0.13909775,0.0546875,0.21739130434782608
306,google,False,GaussianNoise,alexnet,20/80,resnet,google,40/60,0.24175824,0.013986013986013986,0.49230769230769234
307,google,False,GaussianNoise,alexnet,20/80,resnet,google,50/50,0.25367647,0.006993006993006993,0.5271317829457365
308,google,False,GaussianNoise,alexnet,20/80,vgg,google,20/80,0.18796992,0.13559322033898305,0.22972972972972974
309,google,False,GaussianNoise,alexnet,20/80,vgg,google,30/70,0.2913669,0.014598540145985401,0.5602836879432624
310,google,False,GaussianNoise,alexnet,20/80,vgg,google,40/60,0.36363637,0.0,0.7407407407407407
311,google,False,GaussianNoise,alexnet,20/80,vgg,google,50/50,0.42647058,0.0,0.8787878787878788
312,google,False,GaussianNoise,alexnet,30/70,alexnet,bing,20/80,0.28,0.52,0.04
313,google,False,GaussianNoise,alexnet,30/70,alexnet,bing,30/70,0.28,0.49333333333333335,0.06666666666666667
314,google,False,GaussianNoise,alexnet,30/70,alexnet,bing,40/60,0.25,0.3333333333333333,0.16666666666666666
315,google,False,GaussianNoise,alexnet,30/70,alexnet,bing,50/50,0.18333334,0.15333333333333332,0.21333333333333335
316,google,False,GaussianNoise,alexnet,30/70,resnet,bing,20/80,0.17666668,0.19333333333333333,0.16
317,google,False,GaussianNoise,alexnet,30/70,resnet,bing,30/70,0.17,0.19333333333333333,0.14666666666666667
318,google,False,GaussianNoise,alexnet,30/70,resnet,bing,40/60,0.19333334,0.11333333333333333,0.2733333333333333
319,google,False,GaussianNoise,alexnet,30/70,resnet,bing,50/50,0.22333334,0.1,0.3466666666666667
320,google,False,GaussianNoise,alexnet,30/70,vgg,bing,20/80,0.20666668,0.22,0.19333333333333333
321,google,False,GaussianNoise,alexnet,30/70,vgg,bing,30/70,0.2,0.16,0.24
322,google,False,GaussianNoise,alexnet,30/70,vgg,bing,40/60,0.27333334,0.04,0.5066666666666667
323,google,False,GaussianNoise,alexnet,30/70,vgg,bing,50/50,0.27333334,0.06666666666666667,0.48
324,google,False,GaussianNoise,alexnet,30/70,alexnet,google,20/80,0.18106996,0.34951456310679613,0.05714285714285714
325,google,False,GaussianNoise,alexnet,30/70,alexnet,google,30/70,0.11673152,0.11016949152542373,0.1223021582733813
326,google,False,GaussianNoise,alexnet,30/70,alexnet,google,40/60,0.122137405,0.13178294573643412,0.11278195488721804
327,google,False,GaussianNoise,alexnet,30/70,alexnet,google,50/50,0.109433964,0.051470588235294115,0.17054263565891473
328,google,False,GaussianNoise,alexnet,30/70,resnet,google,20/80,0.123595506,0.08943089430894309,0.1527777777777778
329,google,False,GaussianNoise,alexnet,30/70,resnet,google,30/70,0.13909775,0.0625,0.21014492753623187
330,google,False,GaussianNoise,alexnet,30/70,resnet,google,40/60,0.21978022,0.006993006993006993,0.45384615384615384
331,google,False,GaussianNoise,alexnet,30/70,resnet,google,50/50,0.25735295,0.006993006993006993,0.5348837209302325
332,google,False,GaussianNoise,alexnet,30/70,vgg,google,20/80,0.17669174,0.11016949152542373,0.22972972972972974
333,google,False,GaussianNoise,alexnet,30/70,vgg,google,30/70,0.28417265,0.021897810218978103,0.5390070921985816
334,google,False,GaussianNoise,alexnet,30/70,vgg,google,40/60,0.37818182,0.0,0.7703703703703704
335,google,False,GaussianNoise,alexnet,30/70,vgg,google,50/50,0.42647058,0.0,0.8787878787878788
336,google,False,GaussianNoise,alexnet,40/60,alexnet,bing,20/80,0.27333334,0.5133333333333333,0.03333333333333333
337,google,False,GaussianNoise,alexnet,40/60,alexnet,bing,30/70,0.26666668,0.48,0.05333333333333334
338,google,False,GaussianNoise,alexnet,40/60,alexnet,bing,40/60,0.24666667,0.32666666666666666,0.16666666666666666
339,google,False,GaussianNoise,alexnet,40/60,alexnet,bing,50/50,0.18666667,0.18,0.19333333333333333
340,google,False,GaussianNoise,alexnet,40/60,resnet,bing,20/80,0.18,0.18666666666666668,0.17333333333333334
341,google,False,GaussianNoise,alexnet,40/60,resnet,bing,30/70,0.18,0.20666666666666667,0.15333333333333332
342,google,False,GaussianNoise,alexnet,40/60,resnet,bing,40/60,0.21666667,0.12,0.31333333333333335
343,google,False,GaussianNoise,alexnet,40/60,resnet,bing,50/50,0.21666667,0.09333333333333334,0.34
344,google,False,GaussianNoise,alexnet,40/60,vgg,bing,20/80,0.2,0.18666666666666668,0.21333333333333335
345,google,False,GaussianNoise,alexnet,40/60,vgg,bing,30/70,0.19666667,0.14,0.25333333333333335
346,google,False,GaussianNoise,alexnet,40/60,vgg,bing,40/60,0.30666667,0.06,0.5533333333333333
347,google,False,GaussianNoise,alexnet,40/60,vgg,bing,50/50,0.29666668,0.06666666666666667,0.5266666666666666
348,google,False,GaussianNoise,alexnet,40/60,alexnet,google,20/80,0.17283951,0.34951456310679613,0.04285714285714286
349,google,False,GaussianNoise,alexnet,40/60,alexnet,google,30/70,0.08560311,0.0847457627118644,0.08633093525179857
350,google,False,GaussianNoise,alexnet,40/60,alexnet,google,40/60,0.118320614,0.14728682170542637,0.09022556390977443
351,google,False,GaussianNoise,alexnet,40/60,alexnet,google,50/50,0.124528304,0.09558823529411764,0.15503875968992248
352,google,False,GaussianNoise,alexnet,40/60,resnet,google,20/80,0.101123594,0.08130081300813008,0.11805555555555555
353,google,False,GaussianNoise,alexnet,40/60,resnet,google,30/70,0.13909775,0.0625,0.21014492753623187
354,google,False,GaussianNoise,alexnet,40/60,resnet,google,40/60,0.21978022,0.0,0.46153846153846156
355,google,False,GaussianNoise,alexnet,40/60,resnet,google,50/50,0.2389706,0.006993006993006993,0.49612403100775193
356,google,False,GaussianNoise,alexnet,40/60,vgg,google,20/80,0.15789475,0.09322033898305085,0.20945945945945946
357,google,False,GaussianNoise,alexnet,40/60,vgg,google,30/70,0.31294966,0.014598540145985401,0.6028368794326241
358,google,False,GaussianNoise,alexnet,40/60,vgg,google,40/60,0.36363637,0.007142857142857143,0.7333333333333333
359,google,False,GaussianNoise,alexnet,40/60,vgg,google,50/50,0.4154412,0.0,0.8560606060606061
360,google,False,GaussianNoise,alexnet,50/50,alexnet,bing,20/80,0.27666667,0.5133333333333333,0.04
361,google,False,GaussianNoise,alexnet,50/50,alexnet,bing,30/70,0.26666668,0.48,0.05333333333333334
362,google,False,GaussianNoise,alexnet,50/50,alexnet,bing,40/60,0.23666668,0.34,0.13333333333333333
363,google,False,GaussianNoise,alexnet,50/50,alexnet,bing,50/50,0.18666667,0.17333333333333334,0.2
364,google,False,GaussianNoise,alexnet,50/50,resnet,bing,20/80,0.19333334,0.22,0.16666666666666666
365,google,False,GaussianNoise,alexnet,50/50,resnet,bing,30/70,0.19333334,0.22,0.16666666666666666
366,google,False,GaussianNoise,alexnet,50/50,resnet,bing,40/60,0.19333334,0.1,0.2866666666666667
367,google,False,GaussianNoise,alexnet,50/50,resnet,bing,50/50,0.21666667,0.08666666666666667,0.3466666666666667
368,google,False,GaussianNoise,alexnet,50/50,vgg,bing,20/80,0.20333333,0.20666666666666667,0.2
369,google,False,GaussianNoise,alexnet,50/50,vgg,bing,30/70,0.20666668,0.16666666666666666,0.24666666666666667
370,google,False,GaussianNoise,alexnet,50/50,vgg,bing,40/60,0.28,0.06,0.5
371,google,False,GaussianNoise,alexnet,50/50,vgg,bing,50/50,0.3,0.07333333333333333,0.5266666666666666
372,google,False,GaussianNoise,alexnet,50/50,alexnet,google,20/80,0.16872427,0.3300970873786408,0.05
373,google,False,GaussianNoise,alexnet,50/50,alexnet,google,30/70,0.105058365,0.1016949152542373,0.1079136690647482
374,google,False,GaussianNoise,alexnet,50/50,alexnet,google,40/60,0.1259542,0.13953488372093023,0.11278195488721804
375,google,False,GaussianNoise,alexnet,50/50,alexnet,google,50/50,0.11320755,0.0661764705882353,0.16279069767441862
376,google,False,GaussianNoise,alexnet,50/50,resnet,google,20/80,0.08988764,0.06504065040650407,0.1111111111111111
377,google,False,GaussianNoise,alexnet,50/50,resnet,google,30/70,0.13533835,0.0546875,0.21014492753623187
378,google,False,GaussianNoise,alexnet,50/50,resnet,google,40/60,0.23443224,0.013986013986013986,0.47692307692307695
379,google,False,GaussianNoise,alexnet,50/50,resnet,google,50/50,0.23529412,0.006993006993006993,0.4883720930232558
380,google,False,GaussianNoise,alexnet,50/50,vgg,google,20/80,0.17293234,0.1271186440677966,0.20945945945945946
381,google,False,GaussianNoise,alexnet,50/50,vgg,google,30/70,0.27697843,0.014598540145985401,0.5319148936170213
382,google,False,GaussianNoise,alexnet,50/50,vgg,google,40/60,0.36727273,0.0,0.7481481481481481
383,google,False,GaussianNoise,alexnet,50/50,vgg,google,50/50,0.42279413,0.0,0.8712121212121212
384,google,False,GaussianNoise,resnet,20/80,alexnet,bing,20/80,0.28333333,0.52,0.04666666666666667
385,google,False,GaussianNoise,resnet,20/80,alexnet,bing,30/70,0.27,0.4666666666666667,0.07333333333333333
