,source_dataset,isMath,attack,source_model,source_balancing,target_model,target_dataset,target_balancing,asr,asr_0,asr_1
0,bing,True,DeepFool,alexnet,20/80,alexnet,bing,20/80,0.101167314,0.061946902654867256,0.13194444444444445
1,bing,True,DeepFool,alexnet,20/80,alexnet,bing,30/70,0.064150944,0.03225806451612903,0.09219858156028368
2,bing,True,DeepFool,alexnet,20/80,alexnet,bing,40/60,0.08029197,0.014598540145985401,0.145985401459854
3,bing,True,DeepFool,alexnet,20/80,alexnet,bing,50/50,0.054744527,0.007142857142857143,0.1044776119402985
4,bing,True,DeepFool,alexnet,20/80,resnet,bing,20/80,0.02877698,0.007518796992481203,0.04827586206896552
5,bing,True,DeepFool,alexnet,20/80,resnet,bing,30/70,0.024475524,0.0070921985815602835,0.041379310344827586
6,bing,True,DeepFool,alexnet,20/80,resnet,bing,40/60,0.056338027,0.006993006993006993,0.10638297872340426
7,bing,True,DeepFool,alexnet,20/80,resnet,bing,50/50,0.07638889,0.0,0.15492957746478872
8,bing,True,DeepFool,alexnet,20/80,vgg,bing,20/80,0.039711192,0.0,0.0763888888888889
9,bing,True,DeepFool,alexnet,20/80,vgg,bing,30/70,0.036101084,0.0,0.07042253521126761
10,bing,True,DeepFool,alexnet,20/80,vgg,bing,40/60,0.15547703,0.0,0.3142857142857143
11,bing,True,DeepFool,alexnet,20/80,vgg,bing,50/50,0.10211267,0.0,0.20567375886524822
12,bing,True,DeepFool,alexnet,20/80,alexnet,google,20/80,0.23666668,0.38,0.09333333333333334
13,bing,True,DeepFool,alexnet,20/80,alexnet,google,30/70,0.2,0.21333333333333335,0.18666666666666668
14,bing,True,DeepFool,alexnet,20/80,alexnet,google,40/60,0.15666667,0.13333333333333333,0.18
15,bing,True,DeepFool,alexnet,20/80,alexnet,google,50/50,0.17,0.1,0.24
16,bing,True,DeepFool,alexnet,20/80,resnet,google,20/80,0.16,0.22666666666666666,0.09333333333333334
17,bing,True,DeepFool,alexnet,20/80,resnet,google,30/70,0.17,0.16,0.18
18,bing,True,DeepFool,alexnet,20/80,resnet,google,40/60,0.25,0.06,0.44
19,bing,True,DeepFool,alexnet,20/80,resnet,google,50/50,0.31666666,0.05333333333333334,0.58
20,bing,True,DeepFool,alexnet,20/80,vgg,google,20/80,0.20333333,0.24666666666666667,0.16
21,bing,True,DeepFool,alexnet,20/80,vgg,google,30/70,0.35,0.11333333333333333,0.5866666666666667
22,bing,True,DeepFool,alexnet,20/80,vgg,google,40/60,0.3866667,0.07333333333333333,0.7
23,bing,True,DeepFool,alexnet,20/80,vgg,google,50/50,0.45000002,0.05333333333333334,0.8466666666666667
24,bing,True,DeepFool,alexnet,30/70,alexnet,bing,20/80,0.07392996,0.10619469026548672,0.04861111111111111
25,bing,True,DeepFool,alexnet,30/70,alexnet,bing,30/70,0.109433964,0.0967741935483871,0.12056737588652482
26,bing,True,DeepFool,alexnet,30/70,alexnet,bing,40/60,0.0729927,0.06569343065693431,0.08029197080291971
27,bing,True,DeepFool,alexnet,30/70,alexnet,bing,50/50,0.05109489,0.04285714285714286,0.05970149253731343
28,bing,True,DeepFool,alexnet,30/70,resnet,bing,20/80,0.043165468,0.045112781954887216,0.041379310344827586
29,bing,True,DeepFool,alexnet,30/70,resnet,bing,30/70,0.04195804,0.0425531914893617,0.041379310344827586
30,bing,True,DeepFool,alexnet,30/70,resnet,bing,40/60,0.06690141,0.027972027972027972,0.10638297872340426
31,bing,True,DeepFool,alexnet,30/70,resnet,bing,50/50,0.052083332,0.00684931506849315,0.09859154929577464
32,bing,True,DeepFool,alexnet,30/70,vgg,bing,20/80,0.032490976,0.022556390977443608,0.041666666666666664
33,bing,True,DeepFool,alexnet,30/70,vgg,bing,30/70,0.0433213,0.014814814814814815,0.07042253521126761
34,bing,True,DeepFool,alexnet,30/70,vgg,bing,40/60,0.10600707,0.006993006993006993,0.20714285714285716
35,bing,True,DeepFool,alexnet,30/70,vgg,bing,50/50,0.06690141,0.006993006993006993,0.1276595744680851
36,bing,True,DeepFool,alexnet,30/70,alexnet,google,20/80,0.21333334,0.41333333333333333,0.013333333333333334
37,bing,True,DeepFool,alexnet,30/70,alexnet,google,30/70,0.24666667,0.26,0.23333333333333334
38,bing,True,DeepFool,alexnet,30/70,alexnet,google,40/60,0.13000001,0.17333333333333334,0.08666666666666667
39,bing,True,DeepFool,alexnet,30/70,alexnet,google,50/50,0.16333334,0.13333333333333333,0.19333333333333333
40,bing,True,DeepFool,alexnet,30/70,resnet,google,20/80,0.13000001,0.23333333333333334,0.02666666666666667
41,bing,True,DeepFool,alexnet,30/70,resnet,google,30/70,0.15,0.16666666666666666,0.13333333333333333
42,bing,True,DeepFool,alexnet,30/70,resnet,google,40/60,0.22666667,0.07333333333333333,0.38
43,bing,True,DeepFool,alexnet,30/70,resnet,google,50/50,0.29333335,0.05333333333333334,0.5333333333333333
44,bing,True,DeepFool,alexnet,30/70,vgg,google,20/80,0.16333334,0.26666666666666666,0.06
45,bing,True,DeepFool,alexnet,30/70,vgg,google,30/70,0.29666668,0.10666666666666667,0.4866666666666667
46,bing,True,DeepFool,alexnet,30/70,vgg,google,40/60,0.32666668,0.07333333333333333,0.58
47,bing,True,DeepFool,alexnet,30/70,vgg,google,50/50,0.42333335,0.05333333333333334,0.7933333333333333
48,bing,True,DeepFool,alexnet,40/60,alexnet,bing,20/80,0.12451362,0.22123893805309736,0.04861111111111111
49,bing,True,DeepFool,alexnet,40/60,alexnet,bing,30/70,0.124528304,0.1935483870967742,0.06382978723404255
50,bing,True,DeepFool,alexnet,40/60,alexnet,bing,40/60,0.1350365,0.1678832116788321,0.10218978102189781
51,bing,True,DeepFool,alexnet,40/60,alexnet,bing,50/50,0.09489051,0.14285714285714285,0.04477611940298507
52,bing,True,DeepFool,alexnet,40/60,resnet,bing,20/80,0.053956836,0.09022556390977443,0.020689655172413793
53,bing,True,DeepFool,alexnet,40/60,resnet,bing,30/70,0.066433564,0.11347517730496454,0.020689655172413793
54,bing,True,DeepFool,alexnet,40/60,resnet,bing,40/60,0.08802817,0.0979020979020979,0.07801418439716312
55,bing,True,DeepFool,alexnet,40/60,resnet,bing,50/50,0.090277776,0.0821917808219178,0.09859154929577464
56,bing,True,DeepFool,alexnet,40/60,vgg,bing,20/80,0.050541516,0.08270676691729323,0.020833333333333332
57,bing,True,DeepFool,alexnet,40/60,vgg,bing,30/70,0.06498195,0.08148148148148149,0.04929577464788732
58,bing,True,DeepFool,alexnet,40/60,vgg,bing,40/60,0.113074206,0.02097902097902098,0.20714285714285716
59,bing,True,DeepFool,alexnet,40/60,vgg,bing,50/50,0.1056338,0.04895104895104895,0.16312056737588654
60,bing,True,DeepFool,alexnet,40/60,alexnet,google,20/80,0.26000002,0.49333333333333335,0.02666666666666667
61,bing,True,DeepFool,alexnet,40/60,alexnet,google,30/70,0.25,0.3466666666666667,0.15333333333333332
62,bing,True,DeepFool,alexnet,40/60,alexnet,google,40/60,0.16666667,0.25333333333333335,0.08
63,bing,True,DeepFool,alexnet,40/60,alexnet,google,50/50,0.18666667,0.22666666666666666,0.14666666666666667
64,bing,True,DeepFool,alexnet,40/60,resnet,google,20/80,0.16666667,0.2733333333333333,0.06
65,bing,True,DeepFool,alexnet,40/60,resnet,google,30/70,0.19,0.22,0.16
66,bing,True,DeepFool,alexnet,40/60,resnet,google,40/60,0.23,0.1,0.36
67,bing,True,DeepFool,alexnet,40/60,resnet,google,50/50,0.29333335,0.06,0.5266666666666666
68,bing,True,DeepFool,alexnet,40/60,vgg,google,20/80,0.19,0.30666666666666664,0.07333333333333333
69,bing,True,DeepFool,alexnet,40/60,vgg,google,30/70,0.31666666,0.12666666666666668,0.5066666666666667
70,bing,True,DeepFool,alexnet,40/60,vgg,google,40/60,0.35333335,0.07333333333333333,0.6333333333333333
71,bing,True,DeepFool,alexnet,40/60,vgg,google,50/50,0.44333336,0.05333333333333334,0.8333333333333334
72,bing,True,DeepFool,alexnet,50/50,alexnet,bing,20/80,0.20622568,0.4247787610619469,0.034722222222222224
73,bing,True,DeepFool,alexnet,50/50,alexnet,bing,30/70,0.19245283,0.3548387096774194,0.04964539007092199
74,bing,True,DeepFool,alexnet,50/50,alexnet,bing,40/60,0.18978103,0.32116788321167883,0.058394160583941604
75,bing,True,DeepFool,alexnet,50/50,alexnet,bing,50/50,0.20072992,0.32857142857142857,0.06716417910447761
76,bing,True,DeepFool,alexnet,50/50,resnet,bing,20/80,0.14748202,0.2932330827067669,0.013793103448275862
77,bing,True,DeepFool,alexnet,50/50,resnet,bing,30/70,0.15034965,0.2765957446808511,0.027586206896551724
78,bing,True,DeepFool,alexnet,50/50,resnet,bing,40/60,0.123239435,0.1958041958041958,0.04964539007092199
79,bing,True,DeepFool,alexnet,50/50,resnet,bing,50/50,0.13194445,0.18493150684931506,0.07746478873239436
80,bing,True,DeepFool,alexnet,50/50,vgg,bing,20/80,0.1299639,0.24060150375939848,0.027777777777777776
81,bing,True,DeepFool,alexnet,50/50,vgg,bing,30/70,0.115523465,0.2,0.035211267605633804
82,bing,True,DeepFool,alexnet,50/50,vgg,bing,40/60,0.13074204,0.11888111888111888,0.14285714285714285
83,bing,True,DeepFool,alexnet,50/50,vgg,bing,50/50,0.109154925,0.13286713286713286,0.0851063829787234
84,bing,True,DeepFool,alexnet,50/50,alexnet,google,20/80,0.31333333,0.58,0.04666666666666667
85,bing,True,DeepFool,alexnet,50/50,alexnet,google,30/70,0.32333335,0.44,0.20666666666666667
86,bing,True,DeepFool,alexnet,50/50,alexnet,google,40/60,0.24666667,0.3933333333333333,0.1
87,bing,True,DeepFool,alexnet,50/50,alexnet,google,50/50,0.27333334,0.3466666666666667,0.2
88,bing,True,DeepFool,alexnet,50/50,resnet,google,20/80,0.22,0.4066666666666667,0.03333333333333333
89,bing,True,DeepFool,alexnet,50/50,resnet,google,30/70,0.21000001,0.32,0.1
90,bing,True,DeepFool,alexnet,50/50,resnet,google,40/60,0.23,0.17333333333333334,0.2866666666666667
91,bing,True,DeepFool,alexnet,50/50,resnet,google,50/50,0.28333333,0.1,0.4666666666666667
92,bing,True,DeepFool,alexnet,50/50,vgg,google,20/80,0.23,0.4066666666666667,0.05333333333333334
93,bing,True,DeepFool,alexnet,50/50,vgg,google,30/70,0.24333334,0.15333333333333332,0.3333333333333333
94,bing,True,DeepFool,alexnet,50/50,vgg,google,40/60,0.25666666,0.08,0.43333333333333335
95,bing,True,DeepFool,alexnet,50/50,vgg,google,50/50,0.34333333,0.05333333333333334,0.6333333333333333
96,bing,True,DeepFool,resnet,20/80,alexnet,bing,20/80,0.07782101,0.0,0.1388888888888889
97,bing,True,DeepFool,resnet,20/80,alexnet,bing,30/70,0.0754717,0.0,0.14184397163120568
98,bing,True,DeepFool,resnet,20/80,alexnet,bing,40/60,0.10218978,0.0,0.20437956204379562
99,bing,True,DeepFool,resnet,20/80,alexnet,bing,50/50,0.076642334,0.0,0.15671641791044777
100,bing,True,DeepFool,resnet,20/80,resnet,bing,20/80,0.17985612,0.0,0.3448275862068966
101,bing,True,DeepFool,resnet,20/80,resnet,bing,30/70,0.16433567,0.0,0.32413793103448274
102,bing,True,DeepFool,resnet,20/80,resnet,bing,40/60,0.23239437,0.0,0.46808510638297873
103,bing,True,DeepFool,resnet,20/80,resnet,bing,50/50,0.32291666,0.0,0.6549295774647887
104,bing,True,DeepFool,resnet,20/80,vgg,bing,20/80,0.12635379,0.0,0.24305555555555555
105,bing,True,DeepFool,resnet,20/80,vgg,bing,30/70,0.1768953,0.0,0.34507042253521125
106,bing,True,DeepFool,resnet,20/80,vgg,bing,40/60,0.29328623,0.0,0.5928571428571429
107,bing,True,DeepFool,resnet,20/80,vgg,bing,50/50,0.22887324,0.0,0.46099290780141844
108,bing,True,DeepFool,resnet,20/80,alexnet,google,20/80,0.23666668,0.3466666666666667,0.12666666666666668
109,bing,True,DeepFool,resnet,20/80,alexnet,google,30/70,0.21333334,0.19333333333333333,0.23333333333333334
110,bing,True,DeepFool,resnet,20/80,alexnet,google,40/60,0.14666668,0.11333333333333333,0.18
111,bing,True,DeepFool,resnet,20/80,alexnet,google,50/50,0.19333334,0.09333333333333334,0.29333333333333333
112,bing,True,DeepFool,resnet,20/80,resnet,google,20/80,0.28,0.23333333333333334,0.32666666666666666
113,bing,True,DeepFool,resnet,20/80,resnet,google,30/70,0.3866667,0.16666666666666666,0.6066666666666667
114,bing,True,DeepFool,resnet,20/80,resnet,google,40/60,0.46666667,0.06,0.8733333333333333
115,bing,True,DeepFool,resnet,20/80,resnet,google,50/50,0.49666667,0.06,0.9333333333333333
116,bing,True,DeepFool,resnet,20/80,vgg,google,20/80,0.24333334,0.25333333333333335,0.23333333333333334
117,bing,True,DeepFool,resnet,20/80,vgg,google,30/70,0.37,0.11333333333333333,0.6266666666666667
118,bing,True,DeepFool,resnet,20/80,vgg,google,40/60,0.41333336,0.07333333333333333,0.7533333333333333
119,bing,True,DeepFool,resnet,20/80,vgg,google,50/50,0.48000002,0.06,0.9
120,bing,True,DeepFool,resnet,30/70,alexnet,bing,20/80,0.07003891,0.0,0.125
121,bing,True,DeepFool,resnet,30/70,alexnet,bing,30/70,0.086792454,0.0,0.16312056737588654
122,bing,True,DeepFool,resnet,30/70,alexnet,bing,40/60,0.091240875,0.0,0.18248175182481752
123,bing,True,DeepFool,resnet,30/70,alexnet,bing,50/50,0.076642334,0.0,0.15671641791044777
124,bing,True,DeepFool,resnet,30/70,resnet,bing,20/80,0.12589929,0.007518796992481203,0.23448275862068965
125,bing,True,DeepFool,resnet,30/70,resnet,bing,30/70,0.21678321,0.0070921985815602835,0.4206896551724138
126,bing,True,DeepFool,resnet,30/70,resnet,bing,40/60,0.2112676,0.0,0.425531914893617
127,bing,True,DeepFool,resnet,30/70,resnet,bing,50/50,0.28125,0.0,0.5704225352112676
128,bing,True,DeepFool,resnet,30/70,vgg,bing,20/80,0.12274368,0.0,0.2361111111111111
129,bing,True,DeepFool,resnet,30/70,vgg,bing,30/70,0.15884477,0.0,0.30985915492957744
130,bing,True,DeepFool,resnet,30/70,vgg,bing,40/60,0.27561837,0.006993006993006993,0.55
131,bing,True,DeepFool,resnet,30/70,vgg,bing,50/50,0.23591548,0.0,0.475177304964539
132,bing,True,DeepFool,resnet,30/70,alexnet,google,20/80,0.24666667,0.3466666666666667,0.14666666666666667
133,bing,True,DeepFool,resnet,30/70,alexnet,google,30/70,0.20333333,0.19333333333333333,0.21333333333333335
134,bing,True,DeepFool,resnet,30/70,alexnet,google,40/60,0.17,0.11333333333333333,0.22666666666666666
135,bing,True,DeepFool,resnet,30/70,alexnet,google,50/50,0.2,0.09333333333333334,0.30666666666666664
136,bing,True,DeepFool,resnet,30/70,resnet,google,20/80,0.24666667,0.22666666666666666,0.26666666666666666
137,bing,True,DeepFool,resnet,30/70,resnet,google,30/70,0.39333335,0.16,0.6266666666666667
138,bing,True,DeepFool,resnet,30/70,resnet,google,40/60,0.42333335,0.06666666666666667,0.78
139,bing,True,DeepFool,resnet,30/70,resnet,google,50/50,0.45333335,0.06,0.8466666666666667
140,bing,True,DeepFool,resnet,30/70,vgg,google,20/80,0.26666668,0.24666666666666667,0.2866666666666667
141,bing,True,DeepFool,resnet,30/70,vgg,google,30/70,0.33666667,0.12,0.5533333333333333
142,bing,True,DeepFool,resnet,30/70,vgg,google,40/60,0.37,0.07333333333333333,0.6666666666666666
143,bing,True,DeepFool,resnet,30/70,vgg,google,50/50,0.45333335,0.06,0.8466666666666667
144,bing,True,DeepFool,resnet,40/60,alexnet,bing,20/80,0.042801555,0.0,0.0763888888888889
145,bing,True,DeepFool,resnet,40/60,alexnet,bing,30/70,0.064150944,0.0,0.12056737588652482
146,bing,True,DeepFool,resnet,40/60,alexnet,bing,40/60,0.06934307,0.0,0.1386861313868613
147,bing,True,DeepFool,resnet,40/60,alexnet,bing,50/50,0.06569343,0.0,0.13432835820895522
148,bing,True,DeepFool,resnet,40/60,resnet,bing,20/80,0.12589929,0.03007518796992481,0.21379310344827587
149,bing,True,DeepFool,resnet,40/60,resnet,bing,30/70,0.15734266,0.0425531914893617,0.2689655172413793
150,bing,True,DeepFool,resnet,40/60,resnet,bing,40/60,0.28873238,0.006993006993006993,0.574468085106383
151,bing,True,DeepFool,resnet,40/60,resnet,bing,50/50,0.28472224,0.0136986301369863,0.5633802816901409
152,bing,True,DeepFool,resnet,40/60,vgg,bing,20/80,0.09386282,0.015037593984962405,0.16666666666666666
153,bing,True,DeepFool,resnet,40/60,vgg,bing,30/70,0.1299639,0.0,0.2535211267605634
154,bing,True,DeepFool,resnet,40/60,vgg,bing,40/60,0.22261484,0.006993006993006993,0.44285714285714284
155,bing,True,DeepFool,resnet,40/60,vgg,bing,50/50,0.20774648,0.006993006993006993,0.41134751773049644
156,bing,True,DeepFool,resnet,40/60,alexnet,google,20/80,0.24000001,0.3466666666666667,0.13333333333333333
157,bing,True,DeepFool,resnet,40/60,alexnet,google,30/70,0.20333333,0.19333333333333333,0.21333333333333335
158,bing,True,DeepFool,resnet,40/60,alexnet,google,40/60,0.17666668,0.11333333333333333,0.24
159,bing,True,DeepFool,resnet,40/60,alexnet,google,50/50,0.18666667,0.09333333333333334,0.28
160,bing,True,DeepFool,resnet,40/60,resnet,google,20/80,0.25666666,0.24666666666666667,0.26666666666666666
161,bing,True,DeepFool,resnet,40/60,resnet,google,30/70,0.36333334,0.18666666666666668,0.54
162,bing,True,DeepFool,resnet,40/60,resnet,google,40/60,0.44333336,0.07333333333333333,0.8133333333333334
163,bing,True,DeepFool,resnet,40/60,resnet,google,50/50,0.43,0.07333333333333333,0.7866666666666666
164,bing,True,DeepFool,resnet,40/60,vgg,google,20/80,0.24666667,0.26666666666666666,0.22666666666666666
165,bing,True,DeepFool,resnet,40/60,vgg,google,30/70,0.26333335,0.12666666666666668,0.4
166,bing,True,DeepFool,resnet,40/60,vgg,google,40/60,0.3,0.07333333333333333,0.5266666666666666
167,bing,True,DeepFool,resnet,40/60,vgg,google,50/50,0.38333336,0.05333333333333334,0.7133333333333334
168,bing,True,DeepFool,resnet,50/50,alexnet,bing,20/80,0.05836576,0.017699115044247787,0.09027777777777778
169,bing,True,DeepFool,resnet,50/50,alexnet,bing,30/70,0.08301887,0.008064516129032258,0.14893617021276595
170,bing,True,DeepFool,resnet,50/50,alexnet,bing,40/60,0.08759124,0.0,0.17518248175182483
171,bing,True,DeepFool,resnet,50/50,alexnet,bing,50/50,0.091240875,0.0,0.1865671641791045
172,bing,True,DeepFool,resnet,50/50,resnet,bing,20/80,0.12230216,0.03007518796992481,0.20689655172413793
173,bing,True,DeepFool,resnet,50/50,resnet,bing,30/70,0.2027972,0.03546099290780142,0.36551724137931035
174,bing,True,DeepFool,resnet,50/50,resnet,bing,40/60,0.24295774,0.013986013986013986,0.475177304964539
175,bing,True,DeepFool,resnet,50/50,resnet,bing,50/50,0.3263889,0.02054794520547945,0.6408450704225352
176,bing,True,DeepFool,resnet,50/50,vgg,bing,20/80,0.115523465,0.022556390977443608,0.2013888888888889
177,bing,True,DeepFool,resnet,50/50,vgg,bing,30/70,0.15162455,0.007407407407407408,0.2887323943661972
178,bing,True,DeepFool,resnet,50/50,vgg,bing,40/60,0.25795054,0.006993006993006993,0.5142857142857142
179,bing,True,DeepFool,resnet,50/50,vgg,bing,50/50,0.22183098,0.006993006993006993,0.4397163120567376
180,bing,True,DeepFool,resnet,50/50,alexnet,google,20/80,0.24666667,0.35333333333333333,0.14
181,bing,True,DeepFool,resnet,50/50,alexnet,google,30/70,0.20333333,0.19333333333333333,0.21333333333333335
182,bing,True,DeepFool,resnet,50/50,alexnet,google,40/60,0.15666667,0.11333333333333333,0.2
183,bing,True,DeepFool,resnet,50/50,alexnet,google,50/50,0.19,0.08666666666666667,0.29333333333333333
184,bing,True,DeepFool,resnet,50/50,resnet,google,20/80,0.28,0.26,0.3
185,bing,True,DeepFool,resnet,50/50,resnet,google,30/70,0.37333333,0.19333333333333333,0.5533333333333333
186,bing,True,DeepFool,resnet,50/50,resnet,google,40/60,0.44333336,0.07333333333333333,0.8133333333333334
187,bing,True,DeepFool,resnet,50/50,resnet,google,50/50,0.4766667,0.07333333333333333,0.88
188,bing,True,DeepFool,resnet,50/50,vgg,google,20/80,0.26333335,0.28,0.24666666666666667
189,bing,True,DeepFool,resnet,50/50,vgg,google,30/70,0.34333333,0.14666666666666667,0.54
190,bing,True,DeepFool,resnet,50/50,vgg,google,40/60,0.36333334,0.08,0.6466666666666666
191,bing,True,DeepFool,resnet,50/50,vgg,google,50/50,0.4466667,0.05333333333333334,0.84
192,bing,True,DeepFool,vgg,20/80,alexnet,bing,20/80,0.09727626,0.008849557522123894,0.16666666666666666
193,bing,True,DeepFool,vgg,20/80,alexnet,bing,30/70,0.08301887,0.008064516129032258,0.14893617021276595
194,bing,True,DeepFool,vgg,20/80,alexnet,bing,40/60,0.10583942,0.0072992700729927005,0.20437956204379562
195,bing,True,DeepFool,vgg,20/80,alexnet,bing,50/50,0.076642334,0.0,0.15671641791044777
196,bing,True,DeepFool,vgg,20/80,resnet,bing,20/80,0.09352518,0.0,0.1793103448275862
197,bing,True,DeepFool,vgg,20/80,resnet,bing,30/70,0.108391605,0.0,0.21379310344827587
198,bing,True,DeepFool,vgg,20/80,resnet,bing,40/60,0.12676056,0.0,0.2553191489361702
199,bing,True,DeepFool,vgg,20/80,resnet,bing,50/50,0.13541667,0.0,0.2746478873239437
200,bing,True,DeepFool,vgg,20/80,vgg,bing,20/80,0.433213,0.022556390977443608,0.8125
201,bing,True,DeepFool,vgg,20/80,vgg,bing,30/70,0.42238268,0.022222222222222223,0.8028169014084507
202,bing,True,DeepFool,vgg,20/80,vgg,bing,40/60,0.46289754,0.006993006993006993,0.9285714285714286
203,bing,True,DeepFool,vgg,20/80,vgg,bing,50/50,0.44366196,0.013986013986013986,0.8794326241134752
204,bing,True,DeepFool,vgg,20/80,alexnet,google,20/80,0.2,0.3466666666666667,0.05333333333333334
205,bing,True,DeepFool,vgg,20/80,alexnet,google,30/70,0.18666667,0.19333333333333333,0.18
206,bing,True,DeepFool,vgg,20/80,alexnet,google,40/60,0.11666667,0.12,0.11333333333333333
207,bing,True,DeepFool,vgg,20/80,alexnet,google,50/50,0.17666668,0.09333333333333334,0.26
208,bing,True,DeepFool,vgg,20/80,resnet,google,20/80,0.20333333,0.23333333333333334,0.17333333333333334
209,bing,True,DeepFool,vgg,20/80,resnet,google,30/70,0.33666667,0.16666666666666666,0.5066666666666667
210,bing,True,DeepFool,vgg,20/80,resnet,google,40/60,0.40666667,0.06,0.7533333333333333
211,bing,True,DeepFool,vgg,20/80,resnet,google,50/50,0.46666667,0.05333333333333334,0.88
212,bing,True,DeepFool,vgg,20/80,vgg,google,20/80,0.4166667,0.28,0.5533333333333333
213,bing,True,DeepFool,vgg,20/80,vgg,google,30/70,0.54,0.14,0.94
214,bing,True,DeepFool,vgg,20/80,vgg,google,40/60,0.5233334,0.08,0.9666666666666667
215,bing,True,DeepFool,vgg,20/80,vgg,google,50/50,0.53000003,0.06666666666666667,0.9933333333333333
216,bing,True,DeepFool,vgg,30/70,alexnet,bing,20/80,0.09338521,0.017699115044247787,0.1527777777777778
217,bing,True,DeepFool,vgg,30/70,alexnet,bing,30/70,0.079245284,0.008064516129032258,0.14184397163120568
218,bing,True,DeepFool,vgg,30/70,alexnet,bing,40/60,0.091240875,0.0072992700729927005,0.17518248175182483
219,bing,True,DeepFool,vgg,30/70,alexnet,bing,50/50,0.076642334,0.0,0.15671641791044777
220,bing,True,DeepFool,vgg,30/70,resnet,bing,20/80,0.097122304,0.0,0.18620689655172415
221,bing,True,DeepFool,vgg,30/70,resnet,bing,30/70,0.12237762,0.0,0.2413793103448276
222,bing,True,DeepFool,vgg,30/70,resnet,bing,40/60,0.14436619,0.006993006993006993,0.28368794326241137
223,bing,True,DeepFool,vgg,30/70,resnet,bing,50/50,0.16666667,0.0,0.3380281690140845
224,bing,True,DeepFool,vgg,30/70,vgg,bing,20/80,0.40433213,0.022556390977443608,0.7569444444444444
225,bing,True,DeepFool,vgg,30/70,vgg,bing,30/70,0.4440433,0.022222222222222223,0.8450704225352113
226,bing,True,DeepFool,vgg,30/70,vgg,bing,40/60,0.45936397,0.006993006993006993,0.9214285714285714
227,bing,True,DeepFool,vgg,30/70,vgg,bing,50/50,0.4471831,0.013986013986013986,0.8865248226950354
228,bing,True,DeepFool,vgg,30/70,alexnet,google,20/80,0.20333333,0.3466666666666667,0.06
229,bing,True,DeepFool,vgg,30/70,alexnet,google,30/70,0.18333334,0.20666666666666667,0.16
230,bing,True,DeepFool,vgg,30/70,alexnet,google,40/60,0.11,0.12,0.1
231,bing,True,DeepFool,vgg,30/70,alexnet,google,50/50,0.17,0.09333333333333334,0.24666666666666667
232,bing,True,DeepFool,vgg,30/70,resnet,google,20/80,0.21666667,0.23333333333333334,0.2
233,bing,True,DeepFool,vgg,30/70,resnet,google,30/70,0.35,0.16,0.54
234,bing,True,DeepFool,vgg,30/70,resnet,google,40/60,0.40333334,0.06666666666666667,0.74
235,bing,True,DeepFool,vgg,30/70,resnet,google,50/50,0.46,0.05333333333333334,0.8666666666666667
236,bing,True,DeepFool,vgg,30/70,vgg,google,20/80,0.45000002,0.30666666666666664,0.5933333333333334
237,bing,True,DeepFool,vgg,30/70,vgg,google,30/70,0.53333336,0.14,0.9266666666666666
238,bing,True,DeepFool,vgg,30/70,vgg,google,40/60,0.53000003,0.08666666666666667,0.9733333333333334
239,bing,True,DeepFool,vgg,30/70,vgg,google,50/50,0.53000003,0.06666666666666667,0.9933333333333333
240,bing,True,DeepFool,vgg,40/60,alexnet,bing,20/80,0.08560311,0.017699115044247787,0.1388888888888889
241,bing,True,DeepFool,vgg,40/60,alexnet,bing,30/70,0.0754717,0.016129032258064516,0.1276595744680851
242,bing,True,DeepFool,vgg,40/60,alexnet,bing,40/60,0.10583942,0.0072992700729927005,0.20437956204379562
243,bing,True,DeepFool,vgg,40/60,alexnet,bing,50/50,0.076642334,0.007142857142857143,0.14925373134328357
244,bing,True,DeepFool,vgg,40/60,resnet,bing,20/80,0.08273382,0.015037593984962405,0.14482758620689656
245,bing,True,DeepFool,vgg,40/60,resnet,bing,30/70,0.11188811,0.014184397163120567,0.20689655172413793
246,bing,True,DeepFool,vgg,40/60,resnet,bing,40/60,0.119718306,0.006993006993006993,0.23404255319148937
247,bing,True,DeepFool,vgg,40/60,resnet,bing,50/50,0.15277778,0.00684931506849315,0.3028169014084507
248,bing,True,DeepFool,vgg,40/60,vgg,bing,20/80,0.32851985,0.05263157894736842,0.5833333333333334
249,bing,True,DeepFool,vgg,40/60,vgg,bing,30/70,0.36823106,0.05185185185185185,0.6690140845070423
250,bing,True,DeepFool,vgg,40/60,vgg,bing,40/60,0.45936397,0.03496503496503497,0.8928571428571429
251,bing,True,DeepFool,vgg,40/60,vgg,bing,50/50,0.41901407,0.03496503496503497,0.8085106382978723
252,bing,True,DeepFool,vgg,40/60,alexnet,google,20/80,0.20333333,0.36666666666666664,0.04
253,bing,True,DeepFool,vgg,40/60,alexnet,google,30/70,0.19,0.20666666666666667,0.17333333333333334
254,bing,True,DeepFool,vgg,40/60,alexnet,google,40/60,0.11333334,0.12,0.10666666666666667
255,bing,True,DeepFool,vgg,40/60,alexnet,google,50/50,0.16666667,0.09333333333333334,0.24
256,bing,True,DeepFool,vgg,40/60,resnet,google,20/80,0.24666667,0.26,0.23333333333333334
257,bing,True,DeepFool,vgg,40/60,resnet,google,30/70,0.3,0.16666666666666666,0.43333333333333335
258,bing,True,DeepFool,vgg,40/60,resnet,google,40/60,0.39000002,0.06666666666666667,0.7133333333333334
259,bing,True,DeepFool,vgg,40/60,resnet,google,50/50,0.42333335,0.05333333333333334,0.7933333333333333
260,bing,True,DeepFool,vgg,40/60,vgg,google,20/80,0.38,0.30666666666666664,0.4533333333333333
261,bing,True,DeepFool,vgg,40/60,vgg,google,30/70,0.5233334,0.19333333333333333,0.8533333333333334
262,bing,True,DeepFool,vgg,40/60,vgg,google,40/60,0.5266667,0.10666666666666667,0.9466666666666667
263,bing,True,DeepFool,vgg,40/60,vgg,google,50/50,0.53333336,0.08,0.9866666666666667
264,bing,True,DeepFool,vgg,50/50,alexnet,bing,20/80,0.07003891,0.02654867256637168,0.10416666666666667
265,bing,True,DeepFool,vgg,50/50,alexnet,bing,30/70,0.079245284,0.03225806451612903,0.12056737588652482
266,bing,True,DeepFool,vgg,50/50,alexnet,bing,40/60,0.08029197,0.014598540145985401,0.145985401459854
267,bing,True,DeepFool,vgg,50/50,alexnet,bing,50/50,0.054744527,0.014285714285714285,0.09701492537313433
268,bing,True,DeepFool,vgg,50/50,resnet,bing,20/80,0.09352518,0.015037593984962405,0.16551724137931034
269,bing,True,DeepFool,vgg,50/50,resnet,bing,30/70,0.11188811,0.028368794326241134,0.19310344827586207
270,bing,True,DeepFool,vgg,50/50,resnet,bing,40/60,0.123239435,0.006993006993006993,0.24113475177304963
271,bing,True,DeepFool,vgg,50/50,resnet,bing,50/50,0.15625,0.00684931506849315,0.30985915492957744
272,bing,True,DeepFool,vgg,50/50,vgg,bing,20/80,0.32851985,0.08270676691729323,0.5555555555555556
273,bing,True,DeepFool,vgg,50/50,vgg,bing,30/70,0.35740072,0.07407407407407407,0.6267605633802817
274,bing,True,DeepFool,vgg,50/50,vgg,bing,40/60,0.4416961,0.027972027972027972,0.8642857142857143
275,bing,True,DeepFool,vgg,50/50,vgg,bing,50/50,0.42605633,0.04195804195804196,0.8156028368794326
276,bing,True,DeepFool,vgg,50/50,alexnet,google,20/80,0.20666668,0.36666666666666664,0.04666666666666667
277,bing,True,DeepFool,vgg,50/50,alexnet,google,30/70,0.18,0.22,0.14
278,bing,True,DeepFool,vgg,50/50,alexnet,google,40/60,0.10666667,0.12666666666666668,0.08666666666666667
279,bing,True,DeepFool,vgg,50/50,alexnet,google,50/50,0.15666667,0.1,0.21333333333333335
280,bing,True,DeepFool,vgg,50/50,resnet,google,20/80,0.23666668,0.26666666666666666,0.20666666666666667
281,bing,True,DeepFool,vgg,50/50,resnet,google,30/70,0.30333334,0.16666666666666666,0.44
282,bing,True,DeepFool,vgg,50/50,resnet,google,40/60,0.39000002,0.06666666666666667,0.7133333333333334
283,bing,True,DeepFool,vgg,50/50,resnet,google,50/50,0.43,0.06,0.8
284,bing,True,DeepFool,vgg,50/50,vgg,google,20/80,0.36666667,0.32,0.41333333333333333
285,bing,True,DeepFool,vgg,50/50,vgg,google,30/70,0.52000004,0.20666666666666667,0.8333333333333334
286,bing,True,DeepFool,vgg,50/50,vgg,google,40/60,0.53333336,0.11333333333333333,0.9533333333333334
287,bing,True,DeepFool,vgg,50/50,vgg,google,50/50,0.5366667,0.08666666666666667,0.9866666666666667
288,google,True,DeepFool,alexnet,20/80,alexnet,bing,20/80,0.27666667,0.5266666666666666,0.02666666666666667
289,google,True,DeepFool,alexnet,20/80,alexnet,bing,30/70,0.23666668,0.43333333333333335,0.04
290,google,True,DeepFool,alexnet,20/80,alexnet,bing,40/60,0.2,0.35333333333333333,0.04666666666666667
291,google,True,DeepFool,alexnet,20/80,alexnet,bing,50/50,0.16666667,0.2733333333333333,0.06
292,google,True,DeepFool,alexnet,20/80,resnet,bing,20/80,0.19666667,0.3466666666666667,0.04666666666666667
293,google,True,DeepFool,alexnet,20/80,resnet,bing,30/70,0.17,0.29333333333333333,0.04666666666666667
294,google,True,DeepFool,alexnet,20/80,resnet,bing,40/60,0.13333334,0.2,0.06666666666666667
295,google,True,DeepFool,alexnet,20/80,resnet,bing,50/50,0.12666667,0.17333333333333334,0.08
296,google,True,DeepFool,alexnet,20/80,vgg,bing,20/80,0.18666667,0.32,0.05333333333333334
297,google,True,DeepFool,alexnet,20/80,vgg,bing,30/70,0.15,0.23333333333333334,0.06666666666666667
298,google,True,DeepFool,alexnet,20/80,vgg,bing,40/60,0.123333335,0.11333333333333333,0.13333333333333333
299,google,True,DeepFool,alexnet,20/80,vgg,bing,50/50,0.13333334,0.14666666666666667,0.12
300,google,True,DeepFool,alexnet,20/80,alexnet,google,20/80,0.12345678,0.2815533980582524,0.007142857142857143
301,google,True,DeepFool,alexnet,20/80,alexnet,google,30/70,0.25680932,0.2288135593220339,0.2805755395683453
302,google,True,DeepFool,alexnet,20/80,alexnet,google,40/60,0.15209125,0.2248062015503876,0.08208955223880597
303,google,True,DeepFool,alexnet,20/80,alexnet,google,50/50,0.12878788,0.19117647058823528,0.0625
304,google,True,DeepFool,alexnet,20/80,resnet,google,20/80,0.086142324,0.17073170731707318,0.013888888888888888
305,google,True,DeepFool,alexnet,20/80,resnet,google,30/70,0.07518797,0.1328125,0.021739130434782608
306,google,True,DeepFool,alexnet,20/80,resnet,google,40/60,0.10948905,0.06293706293706294,0.16030534351145037
307,google,True,DeepFool,alexnet,20/80,resnet,google,50/50,0.26102942,0.06993006993006994,0.4728682170542636
308,google,True,DeepFool,alexnet,20/80,vgg,google,20/80,0.09774436,0.16101694915254236,0.0472972972972973
309,google,True,DeepFool,alexnet,20/80,vgg,google,30/70,0.15107913,0.021897810218978103,0.2765957446808511
310,google,True,DeepFool,alexnet,20/80,vgg,google,40/60,0.19272727,0.02142857142857143,0.37037037037037035
311,google,True,DeepFool,alexnet,20/80,vgg,google,50/50,0.3492647,0.0,0.7196969696969697
312,google,True,DeepFool,alexnet,30/70,alexnet,bing,20/80,0.31333333,0.5933333333333334,0.03333333333333333
313,google,True,DeepFool,alexnet,30/70,alexnet,bing,30/70,0.27333334,0.5066666666666667,0.04
314,google,True,DeepFool,alexnet,30/70,alexnet,bing,40/60,0.22666667,0.4,0.05333333333333334
315,google,True,DeepFool,alexnet,30/70,alexnet,bing,50/50,0.19666667,0.34,0.05333333333333334
316,google,True,DeepFool,alexnet,30/70,resnet,bing,20/80,0.21333334,0.3933333333333333,0.03333333333333333
317,google,True,DeepFool,alexnet,30/70,resnet,bing,30/70,0.19,0.3333333333333333,0.04666666666666667
318,google,True,DeepFool,alexnet,30/70,resnet,bing,40/60,0.13000001,0.20666666666666667,0.05333333333333334
319,google,True,DeepFool,alexnet,30/70,resnet,bing,50/50,0.12666667,0.18666666666666668,0.06666666666666667
320,google,True,DeepFool,alexnet,30/70,vgg,bing,20/80,0.18333334,0.34,0.02666666666666667
321,google,True,DeepFool,alexnet,30/70,vgg,bing,30/70,0.14333333,0.24,0.04666666666666667
322,google,True,DeepFool,alexnet,30/70,vgg,bing,40/60,0.1,0.1,0.1
323,google,True,DeepFool,alexnet,30/70,vgg,bing,50/50,0.11333334,0.15333333333333332,0.07333333333333333
324,google,True,DeepFool,alexnet,30/70,alexnet,google,20/80,0.1563786,0.3592233009708738,0.007142857142857143
325,google,True,DeepFool,alexnet,30/70,alexnet,google,30/70,0.27237353,0.3305084745762712,0.22302158273381295
326,google,True,DeepFool,alexnet,30/70,alexnet,google,40/60,0.1634981,0.2868217054263566,0.04477611940298507
327,google,True,DeepFool,alexnet,30/70,alexnet,google,50/50,0.125,0.22058823529411764,0.0234375
328,google,True,DeepFool,alexnet,30/70,resnet,google,20/80,0.09363296,0.18699186991869918,0.013888888888888888
329,google,True,DeepFool,alexnet,30/70,resnet,google,30/70,0.07518797,0.1171875,0.036231884057971016
330,google,True,DeepFool,alexnet,30/70,resnet,google,40/60,0.10948905,0.06993006993006994,0.15267175572519084
331,google,True,DeepFool,alexnet,30/70,resnet,google,50/50,0.22794117,0.04195804195804196,0.43410852713178294
332,google,True,DeepFool,alexnet,30/70,vgg,google,20/80,0.10526316,0.17796610169491525,0.0472972972972973
333,google,True,DeepFool,alexnet,30/70,vgg,google,30/70,0.15827338,0.021897810218978103,0.2907801418439716
334,google,True,DeepFool,alexnet,30/70,vgg,google,40/60,0.20727272,0.014285714285714285,0.4074074074074074
335,google,True,DeepFool,alexnet,30/70,vgg,google,50/50,0.36397058,0.0,0.75
336,google,True,DeepFool,alexnet,40/60,alexnet,bing,20/80,0.46333334,0.86,0.06666666666666667
337,google,True,DeepFool,alexnet,40/60,alexnet,bing,30/70,0.46666667,0.8066666666666666,0.12666666666666668
338,google,True,DeepFool,alexnet,40/60,alexnet,bing,40/60,0.43333334,0.74,0.12666666666666668
339,google,True,DeepFool,alexnet,40/60,alexnet,bing,50/50,0.40333334,0.68,0.12666666666666668
340,google,True,DeepFool,alexnet,40/60,resnet,bing,20/80,0.39333335,0.6666666666666666,0.12
341,google,True,DeepFool,alexnet,40/60,resnet,bing,30/70,0.36333334,0.6133333333333333,0.11333333333333333
342,google,True,DeepFool,alexnet,40/60,resnet,bing,40/60,0.34666666,0.5266666666666666,0.16666666666666666
343,google,True,DeepFool,alexnet,40/60,resnet,bing,50/50,0.34666666,0.5066666666666667,0.18666666666666668
344,google,True,DeepFool,alexnet,40/60,vgg,bing,20/80,0.36333334,0.6533333333333333,0.07333333333333333
345,google,True,DeepFool,alexnet,40/60,vgg,bing,30/70,0.35,0.58,0.12
346,google,True,DeepFool,alexnet,40/60,vgg,bing,40/60,0.31,0.3933333333333333,0.22666666666666666
347,google,True,DeepFool,alexnet,40/60,vgg,bing,50/50,0.35333335,0.47333333333333333,0.23333333333333334
348,google,True,DeepFool,alexnet,40/60,alexnet,google,20/80,0.34979424,0.7961165048543689,0.02142857142857143
349,google,True,DeepFool,alexnet,40/60,alexnet,google,30/70,0.3540856,0.6779661016949152,0.07913669064748201
350,google,True,DeepFool,alexnet,40/60,alexnet,google,40/60,0.41064638,0.7286821705426356,0.1044776119402985
351,google,True,DeepFool,alexnet,40/60,alexnet,google,50/50,0.35227275,0.6029411764705882,0.0859375
352,google,True,DeepFool,alexnet,40/60,resnet,google,20/80,0.31460676,0.5934959349593496,0.0763888888888889
353,google,True,DeepFool,alexnet,40/60,resnet,google,30/70,0.28195488,0.4453125,0.13043478260869565
354,google,True,DeepFool,alexnet,40/60,resnet,google,40/60,0.2919708,0.3356643356643357,0.24427480916030533
355,google,True,DeepFool,alexnet,40/60,resnet,google,50/50,0.31617647,0.22377622377622378,0.4186046511627907
356,google,True,DeepFool,alexnet,40/60,vgg,google,20/80,0.2706767,0.5254237288135594,0.06756756756756757
357,google,True,DeepFool,alexnet,40/60,vgg,google,30/70,0.2913669,0.15328467153284672,0.425531914893617
358,google,True,DeepFool,alexnet,40/60,vgg,google,40/60,0.33454546,0.10714285714285714,0.5703703703703704
359,google,True,DeepFool,alexnet,40/60,vgg,google,50/50,0.375,0.04285714285714286,0.7272727272727273
360,google,True,DeepFool,alexnet,50/50,alexnet,bing,20/80,0.52000004,0.9733333333333334,0.06666666666666667
361,google,True,DeepFool,alexnet,50/50,alexnet,bing,30/70,0.5266667,0.9466666666666667,0.10666666666666667
362,google,True,DeepFool,alexnet,50/50,alexnet,bing,40/60,0.54333335,0.9266666666666666,0.16
363,google,True,DeepFool,alexnet,50/50,alexnet,bing,50/50,0.52000004,0.8933333333333333,0.14666666666666667
364,google,True,DeepFool,alexnet,50/50,resnet,bing,20/80,0.46666667,0.8466666666666667,0.08666666666666667
365,google,True,DeepFool,alexnet,50/50,resnet,bing,30/70,0.4766667,0.8533333333333334,0.1
366,google,True,DeepFool,alexnet,50/50,resnet,bing,40/60,0.47333336,0.8066666666666666,0.14
367,google,True,DeepFool,alexnet,50/50,resnet,bing,50/50,0.49333334,0.82,0.16666666666666666
368,google,True,DeepFool,alexnet,50/50,vgg,bing,20/80,0.46,0.8733333333333333,0.04666666666666667
369,google,True,DeepFool,alexnet,50/50,vgg,bing,30/70,0.46666667,0.82,0.11333333333333333
370,google,True,DeepFool,alexnet,50/50,vgg,bing,40/60,0.48333335,0.7333333333333333,0.23333333333333334
371,google,True,DeepFool,alexnet,50/50,vgg,bing,50/50,0.48000002,0.78,0.18
372,google,True,DeepFool,alexnet,50/50,alexnet,google,20/80,0.41563785,0.9611650485436893,0.014285714285714285
373,google,True,DeepFool,alexnet,50/50,alexnet,google,30/70,0.42023346,0.8813559322033898,0.02877697841726619
374,google,True,DeepFool,alexnet,50/50,alexnet,google,40/60,0.47148287,0.9302325581395349,0.029850746268656716
375,google,True,DeepFool,alexnet,50/50,alexnet,google,50/50,0.48106062,0.8676470588235294,0.0703125
376,google,True,DeepFool,alexnet,50/50,resnet,google,20/80,0.39325842,0.8292682926829268,0.020833333333333332
377,google,True,DeepFool,alexnet,50/50,resnet,google,30/70,0.41729325,0.7890625,0.07246376811594203
378,google,True,DeepFool,alexnet,50/50,resnet,google,40/60,0.4270073,0.6433566433566433,0.19083969465648856
379,google,True,DeepFool,alexnet,50/50,resnet,google,50/50,0.3970588,0.4405594405594406,0.3488372093023256
380,google,True,DeepFool,alexnet,50/50,vgg,google,20/80,0.39473686,0.8389830508474576,0.04054054054054054
381,google,True,DeepFool,alexnet,50/50,vgg,google,30/70,0.38848922,0.49635036496350365,0.28368794326241137
382,google,True,DeepFool,alexnet,50/50,vgg,google,40/60,0.40727273,0.44285714285714284,0.37037037037037035
383,google,True,DeepFool,alexnet,50/50,vgg,google,50/50,0.37867647,0.24285714285714285,0.5227272727272727
384,google,True,DeepFool,resnet,20/80,alexnet,bing,20/80,0.21333334,0.3466666666666667,0.08
385,google,True,DeepFool,resnet,20/80,alexnet,bing,30/70,0.17,0.23333333333333334,0.10666666666666667
386,google,True,DeepFool,resnet,20/80,alexnet,bing,40/60,0.15,0.16,0.14
387,google,True,DeepFool,resnet,20/80,alexnet,bing,50/50,0.16333334,0.09333333333333334,0.23333333333333334
388,google,True,DeepFool,resnet,20/80,resnet,bing,20/80,0.24000001,0.19333333333333333,0.2866666666666667
389,google,True,DeepFool,resnet,20/80,resnet,bing,30/70,0.24000001,0.15333333333333332,0.32666666666666666
390,google,True,DeepFool,resnet,20/80,resnet,bing,40/60,0.27,0.09333333333333334,0.44666666666666666
391,google,True,DeepFool,resnet,20/80,resnet,bing,50/50,0.31,0.06,0.56
392,google,True,DeepFool,resnet,20/80,vgg,bing,20/80,0.18666667,0.15333333333333332,0.22
393,google,True,DeepFool,resnet,20/80,vgg,bing,30/70,0.17,0.08666666666666667,0.25333333333333335
394,google,True,DeepFool,resnet,20/80,vgg,bing,40/60,0.28666666,0.04,0.5333333333333333
395,google,True,DeepFool,resnet,20/80,vgg,bing,50/50,0.28,0.04666666666666667,0.5133333333333333
396,google,True,DeepFool,resnet,20/80,alexnet,google,20/80,0.02057613,0.0,0.03571428571428571
397,google,True,DeepFool,resnet,20/80,alexnet,google,30/70,0.023346303,0.0,0.04316546762589928
398,google,True,DeepFool,resnet,20/80,alexnet,google,40/60,0.041825093,0.0,0.08208955223880597
399,google,True,DeepFool,resnet,20/80,alexnet,google,50/50,0.07954545,0.0,0.1640625
400,google,True,DeepFool,resnet,20/80,resnet,google,20/80,0.22097379,0.016260162601626018,0.3958333333333333
401,google,True,DeepFool,resnet,20/80,resnet,google,30/70,0.2593985,0.0078125,0.4927536231884058
402,google,True,DeepFool,resnet,20/80,resnet,google,40/60,0.3540146,0.0,0.7404580152671756
403,google,True,DeepFool,resnet,20/80,resnet,google,50/50,0.37132353,0.0,0.7829457364341085
404,google,True,DeepFool,resnet,20/80,vgg,google,20/80,0.13157895,0.0,0.23648648648648649
405,google,True,DeepFool,resnet,20/80,vgg,google,30/70,0.24460432,0.0,0.48226950354609927
406,google,True,DeepFool,resnet,20/80,vgg,google,40/60,0.28,0.0,0.5703703703703704
407,google,True,DeepFool,resnet,20/80,vgg,google,50/50,0.36029413,0.0,0.7424242424242424
