,source_dataset,isMath,attack,source_model,source_balancing,target_model,target_dataset,target_balancing,asr,asr_0,asr_1
0,bing,True,Square,alexnet,20/80,alexnet,bing,20/80,0.101167314,0.20353982300884957,0.020833333333333332
1,bing,True,Square,alexnet,20/80,alexnet,bing,30/70,0.094339624,0.1774193548387097,0.02127659574468085
2,bing,True,Square,alexnet,20/80,alexnet,bing,40/60,0.12043796,0.1678832116788321,0.072992700729927
3,bing,True,Square,alexnet,20/80,alexnet,bing,50/50,0.45620438,0.15714285714285714,0.7686567164179104
4,bing,True,Square,alexnet,20/80,resnet,bing,20/80,0.086330935,0.17293233082706766,0.006896551724137931
5,bing,True,Square,alexnet,20/80,resnet,bing,30/70,0.09090909,0.15602836879432624,0.027586206896551724
6,bing,True,Square,alexnet,20/80,resnet,bing,40/60,0.09154929,0.15384615384615385,0.028368794326241134
7,bing,True,Square,alexnet,20/80,resnet,bing,50/50,0.19097222,0.0958904109589041,0.2887323943661972
8,bing,True,Square,alexnet,20/80,vgg,bing,20/80,0.09386282,0.16541353383458646,0.027777777777777776
9,bing,True,Square,alexnet,20/80,vgg,bing,30/70,0.090252705,0.17037037037037037,0.014084507042253521
10,bing,True,Square,alexnet,20/80,vgg,bing,40/60,0.12720849,0.16083916083916083,0.09285714285714286
11,bing,True,Square,alexnet,20/80,vgg,bing,50/50,0.12676056,0.16083916083916083,0.09219858156028368
12,bing,True,Square,alexnet,20/80,alexnet,google,20/80,0.24000001,0.46,0.02
13,bing,True,Square,alexnet,20/80,alexnet,google,30/70,0.27,0.34,0.2
14,bing,True,Square,alexnet,20/80,alexnet,google,40/60,0.22333334,0.26666666666666666,0.18
15,bing,True,Square,alexnet,20/80,alexnet,google,50/50,0.51,0.2,0.82
16,bing,True,Square,alexnet,20/80,resnet,google,20/80,0.18333334,0.36666666666666664,0.0
17,bing,True,Square,alexnet,20/80,resnet,google,30/70,0.20333333,0.30666666666666664,0.1
18,bing,True,Square,alexnet,20/80,resnet,google,40/60,0.15333334,0.2,0.10666666666666667
19,bing,True,Square,alexnet,20/80,resnet,google,50/50,0.28666666,0.19333333333333333,0.38
20,bing,True,Square,alexnet,20/80,vgg,google,20/80,0.2,0.37333333333333335,0.02666666666666667
21,bing,True,Square,alexnet,20/80,vgg,google,30/70,0.19,0.26,0.12
22,bing,True,Square,alexnet,20/80,vgg,google,40/60,0.27333334,0.22,0.32666666666666666
23,bing,True,Square,alexnet,20/80,vgg,google,50/50,0.38,0.14666666666666667,0.6133333333333333
24,bing,True,Square,alexnet,30/70,alexnet,bing,20/80,0.12840466,0.2920353982300885,0.0
25,bing,True,Square,alexnet,30/70,alexnet,bing,30/70,0.15849057,0.25806451612903225,0.07092198581560284
26,bing,True,Square,alexnet,30/70,alexnet,bing,40/60,0.20437956,0.24087591240875914,0.1678832116788321
27,bing,True,Square,alexnet,30/70,alexnet,bing,50/50,0.52554744,0.21428571428571427,0.8507462686567164
28,bing,True,Square,alexnet,30/70,resnet,bing,20/80,0.11510792,0.24060150375939848,0.0
29,bing,True,Square,alexnet,30/70,resnet,bing,30/70,0.13286713,0.22695035460992907,0.041379310344827586
30,bing,True,Square,alexnet,30/70,resnet,bing,40/60,0.119718306,0.2097902097902098,0.028368794326241134
31,bing,True,Square,alexnet,30/70,resnet,bing,50/50,0.25694445,0.13013698630136986,0.3873239436619718
32,bing,True,Square,alexnet,30/70,vgg,bing,20/80,0.12635379,0.24060150375939848,0.020833333333333332
33,bing,True,Square,alexnet,30/70,vgg,bing,30/70,0.12635379,0.24444444444444444,0.014084507042253521
34,bing,True,Square,alexnet,30/70,vgg,bing,40/60,0.15194346,0.23076923076923078,0.07142857142857142
35,bing,True,Square,alexnet,30/70,vgg,bing,50/50,0.15140845,0.23076923076923078,0.07092198581560284
36,bing,True,Square,alexnet,30/70,alexnet,google,20/80,0.29666668,0.5133333333333333,0.08
37,bing,True,Square,alexnet,30/70,alexnet,google,30/70,0.36666667,0.4,0.3333333333333333
38,bing,True,Square,alexnet,30/70,alexnet,google,40/60,0.25,0.3333333333333333,0.16666666666666666
39,bing,True,Square,alexnet,30/70,alexnet,google,50/50,0.54,0.23333333333333334,0.8466666666666667
40,bing,True,Square,alexnet,30/70,resnet,google,20/80,0.22,0.42,0.02
41,bing,True,Square,alexnet,30/70,resnet,google,30/70,0.22,0.36666666666666664,0.07333333333333333
42,bing,True,Square,alexnet,30/70,resnet,google,40/60,0.17,0.24666666666666667,0.09333333333333334
43,bing,True,Square,alexnet,30/70,resnet,google,50/50,0.30333334,0.23333333333333334,0.37333333333333335
44,bing,True,Square,alexnet,30/70,vgg,google,20/80,0.23,0.44666666666666666,0.013333333333333334
45,bing,True,Square,alexnet,30/70,vgg,google,30/70,0.23666668,0.32666666666666666,0.14666666666666667
46,bing,True,Square,alexnet,30/70,vgg,google,40/60,0.29000002,0.2866666666666667,0.29333333333333333
47,bing,True,Square,alexnet,30/70,vgg,google,50/50,0.42333335,0.20666666666666667,0.64
48,bing,True,Square,alexnet,40/60,alexnet,bing,20/80,0.17898832,0.3893805309734513,0.013888888888888888
49,bing,True,Square,alexnet,40/60,alexnet,bing,30/70,0.2,0.3629032258064516,0.05673758865248227
50,bing,True,Square,alexnet,40/60,alexnet,bing,40/60,0.310219,0.34306569343065696,0.2773722627737226
51,bing,True,Square,alexnet,40/60,alexnet,bing,50/50,0.51459855,0.30714285714285716,0.7313432835820896
52,bing,True,Square,alexnet,40/60,resnet,bing,20/80,0.16906475,0.3383458646616541,0.013793103448275862
53,bing,True,Square,alexnet,40/60,resnet,bing,30/70,0.2062937,0.3262411347517731,0.0896551724137931
54,bing,True,Square,alexnet,40/60,resnet,bing,40/60,0.17957745,0.2937062937062937,0.06382978723404255
55,bing,True,Square,alexnet,40/60,resnet,bing,50/50,0.25694445,0.1506849315068493,0.36619718309859156
56,bing,True,Square,alexnet,40/60,vgg,bing,20/80,0.1768953,0.3383458646616541,0.027777777777777776
57,bing,True,Square,alexnet,40/60,vgg,bing,30/70,0.18050541,0.34074074074074073,0.028169014084507043
58,bing,True,Square,alexnet,40/60,vgg,bing,40/60,0.22968198,0.32867132867132864,0.12857142857142856
59,bing,True,Square,alexnet,40/60,vgg,bing,50/50,0.21478873,0.32867132867132864,0.09929078014184398
60,bing,True,Square,alexnet,40/60,alexnet,google,20/80,0.3,0.56,0.04
61,bing,True,Square,alexnet,40/60,alexnet,google,30/70,0.37,0.47333333333333333,0.26666666666666666
62,bing,True,Square,alexnet,40/60,alexnet,google,40/60,0.31,0.42,0.2
63,bing,True,Square,alexnet,40/60,alexnet,google,50/50,0.49666667,0.31333333333333335,0.68
64,bing,True,Square,alexnet,40/60,resnet,google,20/80,0.25,0.48,0.02
65,bing,True,Square,alexnet,40/60,resnet,google,30/70,0.26666668,0.44666666666666666,0.08666666666666667
66,bing,True,Square,alexnet,40/60,resnet,google,40/60,0.23333333,0.34,0.12666666666666668
67,bing,True,Square,alexnet,40/60,resnet,google,50/50,0.36,0.30666666666666664,0.41333333333333333
68,bing,True,Square,alexnet,40/60,vgg,google,20/80,0.26333335,0.49333333333333335,0.03333333333333333
69,bing,True,Square,alexnet,40/60,vgg,google,30/70,0.3,0.4066666666666667,0.19333333333333333
70,bing,True,Square,alexnet,40/60,vgg,google,40/60,0.35,0.36,0.34
71,bing,True,Square,alexnet,40/60,vgg,google,50/50,0.44,0.23333333333333334,0.6466666666666666
72,bing,True,Square,alexnet,50/50,alexnet,bing,20/80,0.22178988,0.504424778761062,0.0
73,bing,True,Square,alexnet,50/50,alexnet,bing,30/70,0.23396227,0.49193548387096775,0.0070921985815602835
74,bing,True,Square,alexnet,50/50,alexnet,bing,40/60,0.20437956,0.39416058394160586,0.014598540145985401
75,bing,True,Square,alexnet,50/50,alexnet,bing,50/50,0.270073,0.3,0.23880597014925373
76,bing,True,Square,alexnet,50/50,resnet,bing,20/80,0.2086331,0.42105263157894735,0.013793103448275862
77,bing,True,Square,alexnet,50/50,resnet,bing,30/70,0.18881118,0.36879432624113473,0.013793103448275862
78,bing,True,Square,alexnet,50/50,resnet,bing,40/60,0.17253521,0.34265734265734266,0.0
79,bing,True,Square,alexnet,50/50,resnet,bing,50/50,0.17708333,0.21232876712328766,0.14084507042253522
80,bing,True,Square,alexnet,50/50,vgg,bing,20/80,0.20216607,0.41353383458646614,0.006944444444444444
81,bing,True,Square,alexnet,50/50,vgg,bing,30/70,0.20577617,0.4148148148148148,0.007042253521126761
82,bing,True,Square,alexnet,50/50,vgg,bing,40/60,0.204947,0.38461538461538464,0.02142857142857143
83,bing,True,Square,alexnet,50/50,vgg,bing,50/50,0.20422535,0.3916083916083916,0.014184397163120567
84,bing,True,Square,alexnet,50/50,alexnet,google,20/80,0.33333334,0.64,0.02666666666666667
85,bing,True,Square,alexnet,50/50,alexnet,google,30/70,0.30333334,0.5533333333333333,0.05333333333333334
86,bing,True,Square,alexnet,50/50,alexnet,google,40/60,0.27333334,0.4866666666666667,0.06
87,bing,True,Square,alexnet,50/50,alexnet,google,50/50,0.39000002,0.28,0.5
88,bing,True,Square,alexnet,50/50,resnet,google,20/80,0.29333335,0.56,0.02666666666666667
89,bing,True,Square,alexnet,50/50,resnet,google,30/70,0.28,0.5066666666666667,0.05333333333333334
90,bing,True,Square,alexnet,50/50,resnet,google,40/60,0.2,0.32666666666666666,0.07333333333333333
91,bing,True,Square,alexnet,50/50,resnet,google,50/50,0.23,0.21333333333333335,0.24666666666666667
92,bing,True,Square,alexnet,50/50,vgg,google,20/80,0.28,0.56,0.0
93,bing,True,Square,alexnet,50/50,vgg,google,30/70,0.25333333,0.47333333333333333,0.03333333333333333
94,bing,True,Square,alexnet,50/50,vgg,google,40/60,0.25,0.37333333333333335,0.12666666666666668
95,bing,True,Square,alexnet,50/50,vgg,google,50/50,0.29666668,0.19333333333333333,0.4
96,bing,True,Square,resnet,20/80,alexnet,bing,20/80,0.06225681,0.1415929203539823,0.0
97,bing,True,Square,resnet,20/80,alexnet,bing,30/70,0.09056604,0.1693548387096774,0.02127659574468085
98,bing,True,Square,resnet,20/80,alexnet,bing,40/60,0.06569343,0.12408759124087591,0.0072992700729927005
99,bing,True,Square,resnet,20/80,alexnet,bing,50/50,0.29562044,0.10714285714285714,0.4925373134328358
100,bing,True,Square,resnet,20/80,resnet,bing,20/80,0.097122304,0.15037593984962405,0.04827586206896552
101,bing,True,Square,resnet,20/80,resnet,bing,30/70,0.108391605,0.10638297872340426,0.1103448275862069
102,bing,True,Square,resnet,20/80,resnet,bing,40/60,0.13028169,0.08391608391608392,0.1773049645390071
103,bing,True,Square,resnet,20/80,resnet,bing,50/50,0.2777778,0.06164383561643835,0.5
104,bing,True,Square,resnet,20/80,vgg,bing,20/80,0.090252705,0.16541353383458646,0.020833333333333332
105,bing,True,Square,resnet,20/80,vgg,bing,30/70,0.0866426,0.16296296296296298,0.014084507042253521
106,bing,True,Square,resnet,20/80,vgg,bing,40/60,0.12014134,0.15384615384615385,0.08571428571428572
107,bing,True,Square,resnet,20/80,vgg,bing,50/50,0.112676054,0.15384615384615385,0.07092198581560284
108,bing,True,Square,resnet,20/80,alexnet,google,20/80,0.22666667,0.44,0.013333333333333334
109,bing,True,Square,resnet,20/80,alexnet,google,30/70,0.19333334,0.32666666666666666,0.06
110,bing,True,Square,resnet,20/80,alexnet,google,40/60,0.15333334,0.25333333333333335,0.05333333333333334
111,bing,True,Square,resnet,20/80,alexnet,google,50/50,0.26666668,0.14,0.3933333333333333
112,bing,True,Square,resnet,20/80,resnet,google,20/80,0.19333334,0.34,0.04666666666666667
113,bing,True,Square,resnet,20/80,resnet,google,30/70,0.22333334,0.2866666666666667,0.16
114,bing,True,Square,resnet,20/80,resnet,google,40/60,0.17,0.14,0.2
115,bing,True,Square,resnet,20/80,resnet,google,50/50,0.34666666,0.10666666666666667,0.5866666666666667
116,bing,True,Square,resnet,20/80,vgg,google,20/80,0.18666667,0.35333333333333333,0.02
117,bing,True,Square,resnet,20/80,vgg,google,30/70,0.18333334,0.26,0.10666666666666667
118,bing,True,Square,resnet,20/80,vgg,google,40/60,0.20333333,0.18666666666666668,0.22
119,bing,True,Square,resnet,20/80,vgg,google,50/50,0.29666668,0.1,0.49333333333333335
120,bing,True,Square,resnet,30/70,alexnet,bing,20/80,0.08171206,0.18584070796460178,0.0
121,bing,True,Square,resnet,30/70,alexnet,bing,30/70,0.09056604,0.1935483870967742,0.0
122,bing,True,Square,resnet,30/70,alexnet,bing,40/60,0.091240875,0.1678832116788321,0.014598540145985401
123,bing,True,Square,resnet,30/70,alexnet,bing,50/50,0.38686132,0.15714285714285714,0.6268656716417911
124,bing,True,Square,resnet,30/70,resnet,bing,20/80,0.08273382,0.17293233082706766,0.0
125,bing,True,Square,resnet,30/70,resnet,bing,30/70,0.11188811,0.16312056737588654,0.06206896551724138
126,bing,True,Square,resnet,30/70,resnet,bing,40/60,0.09154929,0.13986013986013987,0.0425531914893617
127,bing,True,Square,resnet,30/70,resnet,bing,50/50,0.28125,0.0821917808219178,0.4859154929577465
128,bing,True,Square,resnet,30/70,vgg,bing,20/80,0.090252705,0.17293233082706766,0.013888888888888888
129,bing,True,Square,resnet,30/70,vgg,bing,30/70,0.0866426,0.17037037037037037,0.007042253521126761
130,bing,True,Square,resnet,30/70,vgg,bing,40/60,0.14487633,0.16783216783216784,0.12142857142857143
131,bing,True,Square,resnet,30/70,vgg,bing,50/50,0.13028169,0.16783216783216784,0.09219858156028368
132,bing,True,Square,resnet,30/70,alexnet,google,20/80,0.22333334,0.44666666666666666,0.0
133,bing,True,Square,resnet,30/70,alexnet,google,30/70,0.17666668,0.3333333333333333,0.02
134,bing,True,Square,resnet,30/70,alexnet,google,40/60,0.14,0.26666666666666666,0.013333333333333334
135,bing,True,Square,resnet,30/70,alexnet,google,50/50,0.39333335,0.18,0.6066666666666667
136,bing,True,Square,resnet,30/70,resnet,google,20/80,0.17666668,0.35333333333333333,0.0
137,bing,True,Square,resnet,30/70,resnet,google,30/70,0.17,0.30666666666666664,0.03333333333333333
138,bing,True,Square,resnet,30/70,resnet,google,40/60,0.11,0.19333333333333333,0.02666666666666667
139,bing,True,Square,resnet,30/70,resnet,google,50/50,0.32,0.19333333333333333,0.44666666666666666
140,bing,True,Square,resnet,30/70,vgg,google,20/80,0.18,0.36,0.0
141,bing,True,Square,resnet,30/70,vgg,google,30/70,0.2,0.26666666666666666,0.13333333333333333
142,bing,True,Square,resnet,30/70,vgg,google,40/60,0.26000002,0.22666666666666666,0.29333333333333333
143,bing,True,Square,resnet,30/70,vgg,google,50/50,0.38,0.13333333333333333,0.6266666666666667
144,bing,True,Square,resnet,40/60,alexnet,bing,20/80,0.17120622,0.3893805309734513,0.0
145,bing,True,Square,resnet,40/60,alexnet,bing,30/70,0.19245283,0.4032258064516129,0.0070921985815602835
146,bing,True,Square,resnet,40/60,alexnet,bing,40/60,0.17153284,0.3284671532846715,0.014598540145985401
147,bing,True,Square,resnet,40/60,alexnet,bing,50/50,0.24087591,0.2714285714285714,0.208955223880597
148,bing,True,Square,resnet,40/60,resnet,bing,20/80,0.18705036,0.38345864661654133,0.006896551724137931
149,bing,True,Square,resnet,40/60,resnet,bing,30/70,0.16083916,0.2978723404255319,0.027586206896551724
150,bing,True,Square,resnet,40/60,resnet,bing,40/60,0.17253521,0.2867132867132867,0.05673758865248227
151,bing,True,Square,resnet,40/60,resnet,bing,50/50,0.21527778,0.15753424657534246,0.2746478873239437
152,bing,True,Square,resnet,40/60,vgg,bing,20/80,0.1768953,0.3609022556390977,0.006944444444444444
153,bing,True,Square,resnet,40/60,vgg,bing,30/70,0.18050541,0.35555555555555557,0.014084507042253521
154,bing,True,Square,resnet,40/60,vgg,bing,40/60,0.1696113,0.3146853146853147,0.02142857142857143
155,bing,True,Square,resnet,40/60,vgg,bing,50/50,0.17605634,0.3076923076923077,0.0425531914893617
156,bing,True,Square,resnet,40/60,alexnet,google,20/80,0.31333333,0.62,0.006666666666666667
157,bing,True,Square,resnet,40/60,alexnet,google,30/70,0.28333333,0.5266666666666666,0.04
158,bing,True,Square,resnet,40/60,alexnet,google,40/60,0.23,0.4266666666666667,0.03333333333333333
159,bing,True,Square,resnet,40/60,alexnet,google,50/50,0.31,0.2,0.42
160,bing,True,Square,resnet,40/60,resnet,google,20/80,0.28666666,0.5533333333333333,0.02
161,bing,True,Square,resnet,40/60,resnet,google,30/70,0.26333335,0.46,0.06666666666666667
162,bing,True,Square,resnet,40/60,resnet,google,40/60,0.20333333,0.2866666666666667,0.12
163,bing,True,Square,resnet,40/60,resnet,google,50/50,0.28,0.17333333333333334,0.38666666666666666
164,bing,True,Square,resnet,40/60,vgg,google,20/80,0.28666666,0.56,0.013333333333333334
165,bing,True,Square,resnet,40/60,vgg,google,30/70,0.23,0.41333333333333333,0.04666666666666667
166,bing,True,Square,resnet,40/60,vgg,google,40/60,0.24333334,0.3,0.18666666666666668
167,bing,True,Square,resnet,40/60,vgg,google,50/50,0.29333335,0.13333333333333333,0.4533333333333333
168,bing,True,Square,resnet,50/50,alexnet,bing,20/80,0.20233463,0.46017699115044247,0.0
169,bing,True,Square,resnet,50/50,alexnet,bing,30/70,0.21509434,0.45161290322580644,0.0070921985815602835
170,bing,True,Square,resnet,50/50,alexnet,bing,40/60,0.20437956,0.39416058394160586,0.014598540145985401
171,bing,True,Square,resnet,50/50,alexnet,bing,50/50,0.27737227,0.35714285714285715,0.19402985074626866
172,bing,True,Square,resnet,50/50,resnet,bing,20/80,0.21223022,0.43609022556390975,0.006896551724137931
173,bing,True,Square,resnet,50/50,resnet,bing,30/70,0.1923077,0.36879432624113473,0.020689655172413793
174,bing,True,Square,resnet,50/50,resnet,bing,40/60,0.20070422,0.36363636363636365,0.03546099290780142
175,bing,True,Square,resnet,50/50,resnet,bing,50/50,0.2673611,0.2465753424657534,0.2887323943661972
176,bing,True,Square,resnet,50/50,vgg,bing,20/80,0.20577617,0.42105263157894735,0.006944444444444444
177,bing,True,Square,resnet,50/50,vgg,bing,30/70,0.20938627,0.4222222222222222,0.007042253521126761
178,bing,True,Square,resnet,50/50,vgg,bing,40/60,0.204947,0.3776223776223776,0.02857142857142857
179,bing,True,Square,resnet,50/50,vgg,bing,50/50,0.21478873,0.38461538461538464,0.0425531914893617
180,bing,True,Square,resnet,50/50,alexnet,google,20/80,0.33333334,0.6533333333333333,0.013333333333333334
181,bing,True,Square,resnet,50/50,alexnet,google,30/70,0.29000002,0.5533333333333333,0.02666666666666667
182,bing,True,Square,resnet,50/50,alexnet,google,40/60,0.25666666,0.4866666666666667,0.02666666666666667
183,bing,True,Square,resnet,50/50,alexnet,google,50/50,0.29666668,0.26,0.3333333333333333
184,bing,True,Square,resnet,50/50,resnet,google,20/80,0.30666667,0.5866666666666667,0.02666666666666667
185,bing,True,Square,resnet,50/50,resnet,google,30/70,0.28333333,0.48,0.08666666666666667
186,bing,True,Square,resnet,50/50,resnet,google,40/60,0.24333334,0.36,0.12666666666666668
187,bing,True,Square,resnet,50/50,resnet,google,50/50,0.31333333,0.24666666666666667,0.38
188,bing,True,Square,resnet,50/50,vgg,google,20/80,0.29666668,0.58,0.013333333333333334
189,bing,True,Square,resnet,50/50,vgg,google,30/70,0.27,0.4866666666666667,0.05333333333333334
190,bing,True,Square,resnet,50/50,vgg,google,40/60,0.26333335,0.37333333333333335,0.15333333333333332
191,bing,True,Square,resnet,50/50,vgg,google,50/50,0.31333333,0.18,0.44666666666666666
192,bing,True,Square,vgg,20/80,alexnet,bing,20/80,0.105058365,0.23893805309734514,0.0
193,bing,True,Square,vgg,20/80,alexnet,bing,30/70,0.10566038,0.21774193548387097,0.0070921985815602835
194,bing,True,Square,vgg,20/80,alexnet,bing,40/60,0.10948905,0.19708029197080293,0.021897810218978103
195,bing,True,Square,vgg,20/80,alexnet,bing,50/50,0.38686132,0.17857142857142858,0.6044776119402985
196,bing,True,Square,vgg,20/80,resnet,bing,20/80,0.097122304,0.20300751879699247,0.0
197,bing,True,Square,vgg,20/80,resnet,bing,30/70,0.115384616,0.19148936170212766,0.041379310344827586
198,bing,True,Square,vgg,20/80,resnet,bing,40/60,0.1056338,0.16783216783216784,0.0425531914893617
199,bing,True,Square,vgg,20/80,resnet,bing,50/50,0.25,0.11643835616438356,0.3873239436619718
200,bing,True,Square,vgg,20/80,vgg,bing,20/80,0.15523465,0.20300751879699247,0.1111111111111111
201,bing,True,Square,vgg,20/80,vgg,bing,30/70,0.15523465,0.2,0.11267605633802817
202,bing,True,Square,vgg,20/80,vgg,bing,40/60,0.25441697,0.1888111888111888,0.32142857142857145
203,bing,True,Square,vgg,20/80,vgg,bing,50/50,0.24647887,0.1888111888111888,0.3049645390070922
204,bing,True,Square,vgg,20/80,alexnet,google,20/80,0.24000001,0.47333333333333333,0.006666666666666667
205,bing,True,Square,vgg,20/80,alexnet,google,30/70,0.19666667,0.35333333333333333,0.04
206,bing,True,Square,vgg,20/80,alexnet,google,40/60,0.15333334,0.29333333333333333,0.013333333333333334
207,bing,True,Square,vgg,20/80,alexnet,google,50/50,0.39333335,0.21333333333333335,0.5733333333333334
208,bing,True,Square,vgg,20/80,resnet,google,20/80,0.2,0.3933333333333333,0.006666666666666667
209,bing,True,Square,vgg,20/80,resnet,google,30/70,0.18,0.3333333333333333,0.02666666666666667
210,bing,True,Square,vgg,20/80,resnet,google,40/60,0.13000001,0.21333333333333335,0.04666666666666667
211,bing,True,Square,vgg,20/80,resnet,google,50/50,0.24000001,0.21333333333333335,0.26666666666666666
212,bing,True,Square,vgg,20/80,vgg,google,20/80,0.22,0.4066666666666667,0.03333333333333333
213,bing,True,Square,vgg,20/80,vgg,google,30/70,0.30666667,0.29333333333333333,0.32
214,bing,True,Square,vgg,20/80,vgg,google,40/60,0.43666667,0.24,0.6333333333333333
215,bing,True,Square,vgg,20/80,vgg,google,50/50,0.5266667,0.17333333333333334,0.88
216,bing,True,Square,vgg,30/70,alexnet,bing,20/80,0.12840466,0.2831858407079646,0.006944444444444444
217,bing,True,Square,vgg,30/70,alexnet,bing,30/70,0.124528304,0.2661290322580645,0.0
218,bing,True,Square,vgg,30/70,alexnet,bing,40/60,0.10948905,0.2116788321167883,0.0072992700729927005
219,bing,True,Square,vgg,30/70,alexnet,bing,50/50,0.3211679,0.18571428571428572,0.4626865671641791
220,bing,True,Square,vgg,30/70,resnet,bing,20/80,0.11510792,0.24060150375939848,0.0
221,bing,True,Square,vgg,30/70,resnet,bing,30/70,0.115384616,0.20567375886524822,0.027586206896551724
222,bing,True,Square,vgg,30/70,resnet,bing,40/60,0.1056338,0.1888111888111888,0.02127659574468085
223,bing,True,Square,vgg,30/70,resnet,bing,50/50,0.1701389,0.1095890410958904,0.2323943661971831
224,bing,True,Square,vgg,30/70,vgg,bing,20/80,0.14440434,0.24812030075187969,0.04861111111111111
225,bing,True,Square,vgg,30/70,vgg,bing,30/70,0.14801444,0.24444444444444444,0.056338028169014086
226,bing,True,Square,vgg,30/70,vgg,bing,40/60,0.1943463,0.21678321678321677,0.17142857142857143
227,bing,True,Square,vgg,30/70,vgg,bing,50/50,0.19366197,0.22377622377622378,0.16312056737588654
228,bing,True,Square,vgg,30/70,alexnet,google,20/80,0.25666666,0.5133333333333333,0.0
229,bing,True,Square,vgg,30/70,alexnet,google,30/70,0.21000001,0.3933333333333333,0.02666666666666667
230,bing,True,Square,vgg,30/70,alexnet,google,40/60,0.17333333,0.3333333333333333,0.013333333333333334
231,bing,True,Square,vgg,30/70,alexnet,google,50/50,0.30333334,0.19333333333333333,0.41333333333333333
232,bing,True,Square,vgg,30/70,resnet,google,20/80,0.21666667,0.43333333333333335,0.0
233,bing,True,Square,vgg,30/70,resnet,google,30/70,0.20333333,0.36666666666666664,0.04
234,bing,True,Square,vgg,30/70,resnet,google,40/60,0.13000001,0.20666666666666667,0.05333333333333334
235,bing,True,Square,vgg,30/70,resnet,google,50/50,0.20333333,0.15333333333333332,0.25333333333333335
236,bing,True,Square,vgg,30/70,vgg,google,20/80,0.25,0.44666666666666666,0.05333333333333334
237,bing,True,Square,vgg,30/70,vgg,google,30/70,0.27666667,0.3333333333333333,0.22
238,bing,True,Square,vgg,30/70,vgg,google,40/60,0.34666666,0.24,0.4533333333333333
239,bing,True,Square,vgg,30/70,vgg,google,50/50,0.42666668,0.12666666666666668,0.7266666666666667
240,bing,True,Square,vgg,40/60,alexnet,bing,20/80,0.16731517,0.37168141592920356,0.006944444444444444
241,bing,True,Square,vgg,40/60,alexnet,bing,30/70,0.16981132,0.3629032258064516,0.0
242,bing,True,Square,vgg,40/60,alexnet,bing,40/60,0.18248175,0.3357664233576642,0.029197080291970802
243,bing,True,Square,vgg,40/60,alexnet,bing,50/50,0.30291972,0.29285714285714287,0.31343283582089554
244,bing,True,Square,vgg,40/60,resnet,bing,20/80,0.16546763,0.3458646616541353,0.0
245,bing,True,Square,vgg,40/60,resnet,bing,30/70,0.16433567,0.3191489361702128,0.013793103448275862
246,bing,True,Square,vgg,40/60,resnet,bing,40/60,0.14436619,0.27972027972027974,0.0070921985815602835
247,bing,True,Square,vgg,40/60,resnet,bing,50/50,0.21875,0.19863013698630136,0.23943661971830985
248,bing,True,Square,vgg,40/60,vgg,bing,20/80,0.1732852,0.3458646616541353,0.013888888888888888
249,bing,True,Square,vgg,40/60,vgg,bing,30/70,0.18050541,0.34814814814814815,0.02112676056338028
250,bing,True,Square,vgg,40/60,vgg,bing,40/60,0.21554771,0.32867132867132864,0.1
251,bing,True,Square,vgg,40/60,vgg,bing,50/50,0.21478873,0.32867132867132864,0.09929078014184398
252,bing,True,Square,vgg,40/60,alexnet,google,20/80,0.29333335,0.5733333333333334,0.013333333333333334
253,bing,True,Square,vgg,40/60,alexnet,google,30/70,0.24000001,0.4666666666666667,0.013333333333333334
254,bing,True,Square,vgg,40/60,alexnet,google,40/60,0.22333334,0.41333333333333333,0.03333333333333333
255,bing,True,Square,vgg,40/60,alexnet,google,50/50,0.36,0.31333333333333335,0.4066666666666667
256,bing,True,Square,vgg,40/60,resnet,google,20/80,0.24333334,0.48,0.006666666666666667
257,bing,True,Square,vgg,40/60,resnet,google,30/70,0.23666668,0.43333333333333335,0.04
258,bing,True,Square,vgg,40/60,resnet,google,40/60,0.19666667,0.32,0.07333333333333333
259,bing,True,Square,vgg,40/60,resnet,google,50/50,0.25666666,0.28,0.23333333333333334
260,bing,True,Square,vgg,40/60,vgg,google,20/80,0.26000002,0.5,0.02
261,bing,True,Square,vgg,40/60,vgg,google,30/70,0.26000002,0.42,0.1
262,bing,True,Square,vgg,40/60,vgg,google,40/60,0.35,0.36666666666666664,0.3333333333333333
263,bing,True,Square,vgg,40/60,vgg,google,50/50,0.43333334,0.18,0.6866666666666666
264,bing,True,Square,vgg,50/50,alexnet,bing,20/80,0.17509727,0.39823008849557523,0.0
265,bing,True,Square,vgg,50/50,alexnet,bing,30/70,0.20754717,0.4112903225806452,0.028368794326241134
266,bing,True,Square,vgg,50/50,alexnet,bing,40/60,0.18248175,0.3357664233576642,0.029197080291970802
267,bing,True,Square,vgg,50/50,alexnet,bing,50/50,0.28467155,0.3,0.26865671641791045
268,bing,True,Square,vgg,50/50,resnet,bing,20/80,0.19064748,0.38345864661654133,0.013793103448275862
269,bing,True,Square,vgg,50/50,resnet,bing,30/70,0.17482518,0.3049645390070922,0.04827586206896552
270,bing,True,Square,vgg,50/50,resnet,bing,40/60,0.16549295,0.27972027972027974,0.04964539007092199
271,bing,True,Square,vgg,50/50,resnet,bing,50/50,0.15972222,0.136986301369863,0.18309859154929578
272,bing,True,Square,vgg,50/50,vgg,bing,20/80,0.20216607,0.39849624060150374,0.020833333333333332
273,bing,True,Square,vgg,50/50,vgg,bing,30/70,0.2129964,0.4,0.035211267605633804
274,bing,True,Square,vgg,50/50,vgg,bing,40/60,0.24381626,0.3706293706293706,0.11428571428571428
275,bing,True,Square,vgg,50/50,vgg,bing,50/50,0.24295774,0.3706293706293706,0.11347517730496454
276,bing,True,Square,vgg,50/50,alexnet,google,20/80,0.30333334,0.6,0.006666666666666667
277,bing,True,Square,vgg,50/50,alexnet,google,30/70,0.27,0.49333333333333335,0.04666666666666667
278,bing,True,Square,vgg,50/50,alexnet,google,40/60,0.25666666,0.4533333333333333,0.06
279,bing,True,Square,vgg,50/50,alexnet,google,50/50,0.33333334,0.23333333333333334,0.43333333333333335
280,bing,True,Square,vgg,50/50,resnet,google,20/80,0.27,0.5066666666666667,0.03333333333333333
281,bing,True,Square,vgg,50/50,resnet,google,30/70,0.26333335,0.44,0.08666666666666667
282,bing,True,Square,vgg,50/50,resnet,google,40/60,0.18666667,0.2733333333333333,0.1
283,bing,True,Square,vgg,50/50,resnet,google,50/50,0.21000001,0.18,0.24
284,bing,True,Square,vgg,50/50,vgg,google,20/80,0.27333334,0.5333333333333333,0.013333333333333334
285,bing,True,Square,vgg,50/50,vgg,google,30/70,0.31666666,0.46,0.17333333333333334
286,bing,True,Square,vgg,50/50,vgg,google,40/60,0.33333334,0.36,0.30666666666666664
287,bing,True,Square,vgg,50/50,vgg,google,50/50,0.39000002,0.19333333333333333,0.5866666666666667
288,google,True,Square,alexnet,20/80,alexnet,bing,20/80,0.34,0.66,0.02
289,google,True,Square,alexnet,20/80,alexnet,bing,30/70,0.30666667,0.5733333333333334,0.04
290,google,True,Square,alexnet,20/80,alexnet,bing,40/60,0.32,0.49333333333333335,0.14666666666666667
291,google,True,Square,alexnet,20/80,alexnet,bing,50/50,0.49333334,0.41333333333333333,0.5733333333333334
292,google,True,Square,alexnet,20/80,resnet,bing,20/80,0.27,0.5066666666666667,0.03333333333333333
293,google,True,Square,alexnet,20/80,resnet,bing,30/70,0.26666668,0.4666666666666667,0.06666666666666667
294,google,True,Square,alexnet,20/80,resnet,bing,40/60,0.25,0.41333333333333333,0.08666666666666667
295,google,True,Square,alexnet,20/80,resnet,bing,50/50,0.34666666,0.26666666666666666,0.4266666666666667
296,google,True,Square,alexnet,20/80,vgg,bing,20/80,0.23666668,0.46,0.013333333333333334
297,google,True,Square,alexnet,20/80,vgg,bing,30/70,0.22666667,0.41333333333333333,0.04
298,google,True,Square,alexnet,20/80,vgg,bing,40/60,0.26000002,0.37333333333333335,0.14666666666666667
299,google,True,Square,alexnet,20/80,vgg,bing,50/50,0.27,0.38,0.16
300,google,True,Square,alexnet,20/80,alexnet,google,20/80,0.21810699,0.47572815533980584,0.02857142857142857
301,google,True,Square,alexnet,20/80,alexnet,google,30/70,0.31128404,0.4067796610169492,0.2302158273381295
302,google,True,Square,alexnet,20/80,alexnet,google,40/60,0.25475284,0.3798449612403101,0.13432835820895522
303,google,True,Square,alexnet,20/80,alexnet,google,50/50,0.5113636,0.2867647058823529,0.75
304,google,True,Square,alexnet,20/80,resnet,google,20/80,0.17602997,0.3821138211382114,0.0
305,google,True,Square,alexnet,20/80,resnet,google,30/70,0.22180451,0.359375,0.09420289855072464
306,google,True,Square,alexnet,20/80,resnet,google,40/60,0.19343066,0.3076923076923077,0.06870229007633588
307,google,True,Square,alexnet,20/80,resnet,google,50/50,0.3272059,0.26573426573426573,0.3953488372093023
308,google,True,Square,alexnet,20/80,vgg,google,20/80,0.16541354,0.3644067796610169,0.006756756756756757
309,google,True,Square,alexnet,20/80,vgg,google,30/70,0.20503597,0.3357664233576642,0.07801418439716312
310,google,True,Square,alexnet,20/80,vgg,google,40/60,0.29818183,0.32857142857142857,0.26666666666666666
311,google,True,Square,alexnet,20/80,vgg,google,50/50,0.375,0.2,0.5606060606060606
312,google,True,Square,alexnet,30/70,alexnet,bing,20/80,0.34666666,0.68,0.013333333333333334
313,google,True,Square,alexnet,30/70,alexnet,bing,30/70,0.32,0.5866666666666667,0.05333333333333334
314,google,True,Square,alexnet,30/70,alexnet,bing,40/60,0.3,0.4866666666666667,0.11333333333333333
315,google,True,Square,alexnet,30/70,alexnet,bing,50/50,0.45666668,0.4066666666666667,0.5066666666666667
316,google,True,Square,alexnet,30/70,resnet,bing,20/80,0.31333333,0.56,0.06666666666666667
317,google,True,Square,alexnet,30/70,resnet,bing,30/70,0.28333333,0.4866666666666667,0.08
318,google,True,Square,alexnet,30/70,resnet,bing,40/60,0.26666668,0.44666666666666666,0.08666666666666667
319,google,True,Square,alexnet,30/70,resnet,bing,50/50,0.31666666,0.3,0.3333333333333333
320,google,True,Square,alexnet,30/70,vgg,bing,20/80,0.26333335,0.52,0.006666666666666667
321,google,True,Square,alexnet,30/70,vgg,bing,30/70,0.25,0.4666666666666667,0.03333333333333333
322,google,True,Square,alexnet,30/70,vgg,bing,40/60,0.25333333,0.4266666666666667,0.08
323,google,True,Square,alexnet,30/70,vgg,bing,50/50,0.26333335,0.43333333333333335,0.09333333333333334
324,google,True,Square,alexnet,30/70,alexnet,google,20/80,0.21810699,0.5145631067961165,0.0
325,google,True,Square,alexnet,30/70,alexnet,google,30/70,0.3696498,0.4830508474576271,0.2733812949640288
326,google,True,Square,alexnet,30/70,alexnet,google,40/60,0.29657793,0.4108527131782946,0.1865671641791045
327,google,True,Square,alexnet,30/70,alexnet,google,50/50,0.40530303,0.23529411764705882,0.5859375
328,google,True,Square,alexnet,30/70,resnet,google,20/80,0.20973784,0.44715447154471544,0.006944444444444444
329,google,True,Square,alexnet,30/70,resnet,google,30/70,0.2669173,0.421875,0.12318840579710146
330,google,True,Square,alexnet,30/70,resnet,google,40/60,0.20437956,0.32167832167832167,0.07633587786259542
331,google,True,Square,alexnet,30/70,resnet,google,50/50,0.29411766,0.22377622377622378,0.37209302325581395
332,google,True,Square,alexnet,30/70,vgg,google,20/80,0.19548872,0.4406779661016949,0.0
333,google,True,Square,alexnet,30/70,vgg,google,30/70,0.25179857,0.41605839416058393,0.09219858156028368
334,google,True,Square,alexnet,30/70,vgg,google,40/60,0.24727273,0.32857142857142857,0.16296296296296298
335,google,True,Square,alexnet,30/70,vgg,google,50/50,0.25735295,0.11428571428571428,0.4090909090909091
336,google,True,Square,alexnet,40/60,alexnet,bing,20/80,0.46333334,0.8866666666666667,0.04
337,google,True,Square,alexnet,40/60,alexnet,bing,30/70,0.45333335,0.8533333333333334,0.05333333333333334
338,google,True,Square,alexnet,40/60,alexnet,bing,40/60,0.4166667,0.74,0.09333333333333334
339,google,True,Square,alexnet,40/60,alexnet,bing,50/50,0.43333334,0.6533333333333333,0.21333333333333335
340,google,True,Square,alexnet,40/60,resnet,bing,20/80,0.4466667,0.8066666666666666,0.08666666666666667
341,google,True,Square,alexnet,40/60,resnet,bing,30/70,0.4166667,0.7466666666666667,0.08666666666666667
342,google,True,Square,alexnet,40/60,resnet,bing,40/60,0.39666668,0.7,0.09333333333333334
343,google,True,Square,alexnet,40/60,resnet,bing,50/50,0.36333334,0.47333333333333333,0.25333333333333335
344,google,True,Square,alexnet,40/60,vgg,bing,20/80,0.40666667,0.78,0.03333333333333333
345,google,True,Square,alexnet,40/60,vgg,bing,30/70,0.40666667,0.74,0.07333333333333333
346,google,True,Square,alexnet,40/60,vgg,bing,40/60,0.40333334,0.7,0.10666666666666667
347,google,True,Square,alexnet,40/60,vgg,bing,50/50,0.41333336,0.72,0.10666666666666667
348,google,True,Square,alexnet,40/60,alexnet,google,20/80,0.3621399,0.8446601941747572,0.007142857142857143
349,google,True,Square,alexnet,40/60,alexnet,google,30/70,0.40466926,0.788135593220339,0.07913669064748201
350,google,True,Square,alexnet,40/60,alexnet,google,40/60,0.42205322,0.7441860465116279,0.11194029850746269
351,google,True,Square,alexnet,40/60,alexnet,google,50/50,0.37878788,0.4632352941176471,0.2890625
352,google,True,Square,alexnet,40/60,resnet,google,20/80,0.35955057,0.7723577235772358,0.006944444444444444
353,google,True,Square,alexnet,40/60,resnet,google,30/70,0.36842105,0.703125,0.057971014492753624
354,google,True,Square,alexnet,40/60,resnet,google,40/60,0.30656934,0.5524475524475524,0.03816793893129771
355,google,True,Square,alexnet,40/60,resnet,google,50/50,0.3125,0.4125874125874126,0.20155038759689922
356,google,True,Square,alexnet,40/60,vgg,google,20/80,0.33458647,0.7542372881355932,0.0
357,google,True,Square,alexnet,40/60,vgg,google,30/70,0.37410071,0.6934306569343066,0.06382978723404255
358,google,True,Square,alexnet,40/60,vgg,google,40/60,0.35272726,0.5857142857142857,0.1111111111111111
359,google,True,Square,alexnet,40/60,vgg,google,50/50,0.22426471,0.24285714285714285,0.20454545454545456
360,google,True,Square,alexnet,50/50,alexnet,bing,20/80,0.51,0.9533333333333334,0.06666666666666667
361,google,True,Square,alexnet,50/50,alexnet,bing,30/70,0.48666668,0.8933333333333333,0.08
362,google,True,Square,alexnet,50/50,alexnet,bing,40/60,0.45333335,0.7666666666666667,0.14
363,google,True,Square,alexnet,50/50,alexnet,bing,50/50,0.39000002,0.6266666666666667,0.15333333333333332
364,google,True,Square,alexnet,50/50,resnet,bing,20/80,0.3866667,0.68,0.09333333333333334
365,google,True,Square,alexnet,50/50,resnet,bing,30/70,0.34,0.5866666666666667,0.09333333333333334
366,google,True,Square,alexnet,50/50,resnet,bing,40/60,0.29000002,0.46,0.12
367,google,True,Square,alexnet,50/50,resnet,bing,50/50,0.22666667,0.3,0.15333333333333332
368,google,True,Square,alexnet,50/50,vgg,bing,20/80,0.39000002,0.74,0.04
369,google,True,Square,alexnet,50/50,vgg,bing,30/70,0.39000002,0.6866666666666666,0.09333333333333334
370,google,True,Square,alexnet,50/50,vgg,bing,40/60,0.3,0.44666666666666666,0.15333333333333332
371,google,True,Square,alexnet,50/50,vgg,bing,50/50,0.27666667,0.42,0.13333333333333333
372,google,True,Square,alexnet,50/50,alexnet,google,20/80,0.37448558,0.8737864077669902,0.007142857142857143
373,google,True,Square,alexnet,50/50,alexnet,google,30/70,0.3385214,0.7372881355932204,0.0
374,google,True,Square,alexnet,50/50,alexnet,google,40/60,0.34600762,0.6976744186046512,0.007462686567164179
375,google,True,Square,alexnet,50/50,alexnet,google,50/50,0.2878788,0.5,0.0625
376,google,True,Square,alexnet,50/50,resnet,google,20/80,0.26217228,0.5691056910569106,0.0
377,google,True,Square,alexnet,50/50,resnet,google,30/70,0.18045112,0.3671875,0.007246376811594203
378,google,True,Square,alexnet,50/50,resnet,google,40/60,0.1459854,0.2517482517482518,0.030534351145038167
379,google,True,Square,alexnet,50/50,resnet,google,50/50,0.113970585,0.13286713286713286,0.09302325581395349
380,google,True,Square,alexnet,50/50,vgg,google,20/80,0.2781955,0.6271186440677966,0.0
381,google,True,Square,alexnet,50/50,vgg,google,30/70,0.176259,0.32116788321167883,0.03546099290780142
382,google,True,Square,alexnet,50/50,vgg,google,40/60,0.123636365,0.18571428571428572,0.05925925925925926
383,google,True,Square,alexnet,50/50,vgg,google,50/50,0.12867647,0.12142857142857143,0.13636363636363635
384,google,True,Square,resnet,20/80,alexnet,bing,20/80,0.28,0.56,0.0
385,google,True,Square,resnet,20/80,alexnet,bing,30/70,0.24666667,0.48,0.013333333333333334
386,google,True,Square,resnet,20/80,alexnet,bing,40/60,0.23333333,0.38,0.08666666666666667
387,google,True,Square,resnet,20/80,alexnet,bing,50/50,0.31666666,0.32,0.31333333333333335
388,google,True,Square,resnet,20/80,resnet,bing,20/80,0.27333334,0.46,0.08666666666666667
389,google,True,Square,resnet,20/80,resnet,bing,30/70,0.27,0.4,0.14
390,google,True,Square,resnet,20/80,resnet,bing,40/60,0.26333335,0.3466666666666667,0.18
391,google,True,Square,resnet,20/80,resnet,bing,50/50,0.36333334,0.22666666666666666,0.5
392,google,True,Square,resnet,20/80,vgg,bing,20/80,0.22,0.42,0.02
393,google,True,Square,resnet,20/80,vgg,bing,30/70,0.19666667,0.36,0.03333333333333333
394,google,True,Square,resnet,20/80,vgg,bing,40/60,0.2,0.30666666666666664,0.09333333333333334
395,google,True,Square,resnet,20/80,vgg,bing,50/50,0.23,0.31333333333333335,0.14666666666666667
396,google,True,Square,resnet,20/80,alexnet,google,20/80,0.15226337,0.3592233009708738,0.0
397,google,True,Square,resnet,20/80,alexnet,google,30/70,0.18677042,0.3474576271186441,0.050359712230215826
398,google,True,Square,resnet,20/80,alexnet,google,40/60,0.18250951,0.3023255813953488,0.06716417910447761
399,google,True,Square,resnet,20/80,alexnet,google,50/50,0.2159091,0.20588235294117646,0.2265625
400,google,True,Square,resnet,20/80,resnet,google,20/80,0.17602997,0.3089430894308943,0.0625
401,google,True,Square,resnet,20/80,resnet,google,30/70,0.31954888,0.296875,0.34057971014492755
402,google,True,Square,resnet,20/80,resnet,google,40/60,0.25547445,0.22377622377622378,0.2900763358778626
403,google,True,Square,resnet,20/80,resnet,google,50/50,0.40808824,0.14685314685314685,0.6976744186046512
404,google,True,Square,resnet,20/80,vgg,google,20/80,0.16541354,0.3305084745762712,0.033783783783783786
405,google,True,Square,resnet,20/80,vgg,google,30/70,0.20503597,0.29927007299270075,0.11347517730496454
406,google,True,Square,resnet,20/80,vgg,google,40/60,0.20363636,0.21428571428571427,0.1925925925925926
407,google,True,Square,resnet,20/80,vgg,google,50/50,0.26838234,0.06428571428571428,0.48484848484848486
408,google,True,Square,resnet,30/70,alexnet,bing,20/80,0.32333335,0.64,0.006666666666666667
409,google,True,Square,resnet,30/70,alexnet,bing,30/70,0.3,0.5733333333333334,0.02666666666666667
410,google,True,Square,resnet,30/70,alexnet,bing,40/60,0.25666666,0.44,0.07333333333333333
411,google,True,Square,resnet,30/70,alexnet,bing,50/50,0.33,0.4,0.26
412,google,True,Square,resnet,30/70,resnet,bing,20/80,0.34,0.5733333333333334,0.10666666666666667
413,google,True,Square,resnet,30/70,resnet,bing,30/70,0.31666666,0.49333333333333335,0.14
414,google,True,Square,resnet,30/70,resnet,bing,40/60,0.30333334,0.44,0.16666666666666666
415,google,True,Square,resnet,30/70,resnet,bing,50/50,0.33,0.2866666666666667,0.37333333333333335
416,google,True,Square,resnet,30/70,vgg,bing,20/80,0.27333334,0.5266666666666666,0.02
417,google,True,Square,resnet,30/70,vgg,bing,30/70,0.25333333,0.4666666666666667,0.04
